9788178120416
9789814333658
9788121927727
9788125060062
9788129142269
9788131808979
9788131809143
9788183323543
9788193434888
9788194809852
9789350555934
9789396902204
9789347027871
9788131208229
9788131214954
9789381335451
9798129107823
9780875161969
9781782442592
9781846841804
9788181467157
9799788195121
9780749449131
9780863111082
9781405121583
9781608270156
9781608270163
9781626569492
9788120797765
9788121615730
9788121910163
9788121935272
9788122310443
9788122421101
9788122427271
9788126536443
9788126560707
9788126560714
9788126562695
9788130902968
9788131809709
9788170544234
9788170641056
9788170949947
9788170977988
9788172764876
9788176496070
9788177226065
9788178791302
9788184041460
9788184620276
9788184975666
9788186302040
9788188128037
9788188260027
9788189059491
9788189059521
9788195838592
9789311125527
9789350235812
9789350651520
9789350716694
9789350943779
9789350948941
9789351033714
9789351037477
9789351190868
9789351194699
9789352512942
9789361030024
9789361030536
9789361032011
9789361034442
9789380283968
9789380283982
9789380444505
9789380644196
9789380658155
9789381626436
9789381626450
9789381626771
9789382363026
9789382618379
9789382618447
9789382618881
9789383260096
9789383260188
9789384028237
9789384030506
9789384030964
9789385152610
9789385152849
9789385724282
9789385879111
9789386036834
9789386189134
9789386224910
9789386309013
9789386850232
9789386850249
9789386850850
9789387578265
9789387578449
9789387894297
9789387894303
9789387894631
9789388754316
9798903924936
9788170553014
9788178120904
9788178121628
9788178122595
9788186877357
9788199018051
9788199899339
9789355180896
9780330330091
9788170540847
9788181370075
9788192803005
9788192803043
9788192803067
9788192803074
9788192976075
9788193771303
9789311127033
9789361855153
9789371970587
9789833517763
9788177227611
9789332516649
9780143306511
9780143505723
9780330473415
9780753449387
9781509846771
9781509897520
9781569571569
9788126572458
9789354710445
9789354710520
9789354710605
9789354710681
9789354710841
9789354710964
9789381398876
9789386215055
9789394613614
9780190137205
9780190137212
9780190137229
9780190137236
9780190137243
9780190137267
9780190137656
9780947655617
9781638502500
9788121932615
9788125953005
9788131702284
9788170641001
9788173663192
9788182964372
9788184046007
9788186762899
9789350237038
9789350238936
9789350941072
9789351108108
9789351194767
9789351761457
9789352032884
9789356278271
9789358119954
9789359663654
9789364875202
9789382730200
9789388426305
9789380485140
9788126546220
9789361034855
9788192054001
9789350716687
9789387984660
9781406337686
9788131203507
9788131207031
9788125033394
9788125033400
9788125033417
9788125033424
9788125033431
9788125033448
9788126544905
9788170552864
9788178122182
9788178122373
9788178122694
9788181438133
9789359739014
9789361036057
9789387441262
9789391080044
9789391925338
9788131217122
9788131761106
9788169001861
9789351038269
9781403929648
9781850157212
9788125019022
9788125033363
9788125033370
9788125033387
9788184070330
9789350044193
9789351550143
9789388632294
9788125035787
9788125035794
9788125035800
9788125035817
9788125035824
9788173620492
9788173702907
9788178120713
9788193929025
9789352129270
9789364028929
9780976302995
9781542016551
9781542044196
9781542044219
9781543342970
9781543345483
9781685231903
9788120417359
9788121618540
9788121923941
9788121933452
9788121941570
9788122432626
9788125033332
9788125033349
9788125033356
9788125057529
9788131900550
9788131901175
9788131941904
9788170640882
9788170947349
9788171853755
9788173702891
9788174531391
9788174532480
9788175543423
9788176559478
9788181371881
9788184040302
9788184044768
9788184776782
9788185501000
9788187671763
9788187812234
9788187812654
9788188479429
9788189161309
9788189975470
9788189975647
9788197282744
9789327280074
9789350238189
9789350941065
9789351031697
9789351039013
9789351100089
9789352134748
9789380408026
9789380658407
9789382618393
9789383074792
9789384465056
9789386385925
9789386500854
9789386850263
9789387578609
9789387578807
9789387578814
9789388689571
9789810615598
9780143427711
9780330525893
9781447210863
9781447210894
9781523089062
9781569571811
9788126560028
9788126560035
9788126561292
9788126561414
9788126563487
9788126564545
9788126565177
9788172345532
9788172345556
9788175993341
9788175993716
9789351036753
9789351036814
9789366118734
9789380480572
9789380480947
9789381398944
9789381431146
9789381431573
9789381431689
9789381431696
9789381431733
9789384544386
9789384544973
9789385827594
9789385827815
9789385827853
9789385827945
9789388302159
9789388302814
9789391067861
9789391067908
9789394613041
9789394613508
9781743629093
9788131203231
9788172341572
9788172343163
9788172343804
9789352750450
9788125033318
9788125033325
9788125033707
9788125033752
9789382578727
9780952999485
9788121938518
9788125942634
9788173702501
9788182963948
9788185566511
9789350717431
9789385054983
9789385160110
9789388537650
9789371368971
9788125034476
9788125034483
9788129118486
9789334138078
9789363924246
9789386883988
9788120046863
9788123925936
9788123928661
9788125026099
9788125033684
9788125033691
9788131801864
9788181376862
9789364481106
9789367251232
9789367257623
9789367257869
9789386585431
9789380200132
9788125009382
9788125034445
9788125034452
9788125034469
9788173704208
9788178120355
9788178121338
9788195904853
9789392950773
9788129105721
9788129116789
9788129119032
9788129119643
9788129119858
9788131229590
9788174730626
9788174732026
9789361560118
9789361560378
9789361562150
9789361564741
9789361565014
9789370030336
9789370034723
9789370036185
9789370038479
9789370038622
9789391256944
9798129108073
9780007341283
9780190137144
9780521704120
9780863112065
9781789290905
9788125017226
9788125034414
9788125034438
9788126317400
9788129709288
9788131809723
9788170553236
9788170557746
9788170559559
9788170559757
9788170948926
9788170949749
9788173660078
9788173704185
9788175300217
9788177229127
9788180140761
9788181469359
9788186117132
9788188260034
9788190636292
9788190850100
9788192594880
9788193432013
9788193432501
9788195267477
9788199018099
9789325984592
9789350230312
9789350726204
9789350726778
9789350947678
9789351030942
9789351106456
9789352532117
9789382898771
9789383260669
9789386036872
9789387444041
9780143104063
9781492604723
9788119554133
9788119554898
9788125034407
9788126572489
9788170461593
9788172344627
9788172344634
9788184779523
9788189988760
9788193234556
9789351036104
9789351037682
9789352751020
9789380480886
9789381431511
9789381431535
9789384544027
9789385827136
9789385827273
9789385827808
9789386832733
9789388302326
9789391067311
9789394613782
9789395761055
9780143482024
9788125034377
9788177000092
9788177394634
9788178120195
9788178122007
9788178122014
9788178122649
9788178556581
9788181371478
9788183329453
9789350126868
9789388563000
9788125030324
9789386827104
9780333937341
9788120417489
9788125000068
9788125030317
9788178121376
9788178793856
9788183322782
9788186089194
9788193770412
9788195676866
9789311125879
9789348960115
9789350943885
9789351415732
9789362830159
9789371978224
9789380834528
9789384328375
9789390540334
9789392536021
9789393683298
9789398961155
9780330473019
9781509818983
9781509818990
9781509819010
9781509819058
9781509819072
9788121615709
9788172343149
9788172343460
9788172344047
9788172345006
9788172345013
9788125030300
9788125034537
9788170554912
9788170556022
9789361034220
9789387330900
9789352751761
9788199127685
9789362971111
9780330470544
9788194920977
9780007518982
9780143031260
9780992846121
9781407533797
9781781861400
9788121612098
9788121614887
9788121619431
9788122314625
9788122417289
9788125015444
9788125022206
9788130932200
9788131905296
9788131924037
9788131965573
9788131965658
9788170230489
