9788170640622
9788170701484
9788171020751
9788173704161
9788174531728
9788175543942
9788175545175
9788177392401
9788180140617
9788180141492
9788181372758
9788182658455
9788183556811
9788184046229
9788184774658
9788187111962
9788187553021
9788187671855
9788187863229
9788188569588
9788189013707
9788190000208
9788190367844
9788190584128
9788192153421
9788192554150
9788192554198
9788192813431
9789311123738
9789311126838
9789350040171
9789350237045
9789350237052
9789351037507
9789351038160
9789351038634
9789351039303
9789351472124
9789352130528
9789380032757
9789380283296
9789380644172
9789380644226
9789380644264
9789381626382
9789381626405
9789382536840
9789384028077
9789384753627
9789385621239
9789386025630
9789386224408
9789386585912
9789387486645
9789387984523
9789387984585
9789388333689
9789388754682
9789388850568
9789395019095
9780143065081
9788125011620
9788125030287
9788125030294
9788197852251
9789380005300
9788123924052
9789353529048
9789385616167
9780333904459
9788123773131
9788125030270
9788130001234
9788170943150
9788171946228
9788177394658
9788178553245
9788183321778
9788184871388
9788186877432
9788188230846
9788194562634
9788197467455
9789351870340
9789698263478
9780143454762
9780857070883
9781447217749
9788126563463
9788189988531
9788189988555
9789354714849
9789380480565
9789380480749
9789380480893
9789380480916
9789381431290
9789381431481
9789381431610
9789381431627
9789381431658
9789381431764
9789384544423
9789385827648
9789385827716
9789385827754
9789385827884
9789385827952
9789386313898
9789386832009
9789386832610
9789388302029
9788172343507
9788172343828
9788172344030
9788172344672
9788172345051
9788184772296
9788184772746
9788189988838
9789351030140
9789352751433
9789352756742
9789386313362
9788186877630
9788121932677
9788122205305
9788124603512
9788125021544
9788125030263
9788169742016
9788170552444
9788170552758
9788170554417
9788170557647
9788173029233
9788178120935
9788178557595
9788181820501
9788182883376
9788182962941
9788186470275
9788190120081
9788193994801
9788194363293
9789348960641
9789356181144
9789356182899
9789361038570
9788125030256
9788174766960
9788186877210
9780143065043
9789380480190
9789386106476
9780871717405
9788121600453
9788121603188
9788121604598
9788121605342
9788121611343
9788121616539
9788121618694
9788121619752
9788121936613
9788122205916
9788122611175
9788125002635
9788125008019
9788125010814
9788125042099
9788130907505
9788131808016
9788131809020
9788131916056
9788170944478
9788171205172
9788173713217
9788176212328
9788178120829
9788178122533
9788182960268
9788183320733
9788190000215
9788195353224
9789325983380
9789350235218
9789351034490
9789351101246
9789352135783
9789352137671
9789352532087
9789380644554
9789384028336
9789384416201
9789385929175
9789386179609
9789388537377
9789388537384
9788171302222
9789373740669
9789373745893
9789350637609
9781009231428
9781423472971
9788121918602
9788121936712
9788122205909
9788125002734
9788125040293
9788131931226
9788170166153
9788175972445
9788187332190
9788188629114
9788188717118
9788194777250
9789350123201
9789381511893
9789384028695
9788123917382
9788123928081
9789388178686
9780143301219
9780241014844
9780330438766
9780330509572
9780330525855
9780670912360
9788119369997
9788178120584
9788178122779
9788184774818
9788184776843
9788184777048
9788189988470
9788195134229
9789334349191
9789351036425
9789351038726
9789351039020
9789352750504
9789352755660
9789373742793
9789385827228
9789386106537
9789386313133
9789386313621
9780330412100
9781647331993
9788120728028
9788120775237
9788120798489
9788120798496
9788120798663
9788120798687
9788121613903
9788121613996
9788121615112
9788121615143
9788121615808
9788121617642
9788121618229
9788121618670
9788121619578
9788121619738
9788121911979
9788122304343
9788122308815
9788122313871
9788125015437
9788125048084
9788126561988
9788131225196
9788131808207
9788131808962
9788170521792
9788170948742
9788172763046
9788176935982
9788183552165
9788183910132
9788184041989
9788184777598
9788184779936
9788186017012
9788186877302
9788188121274
9788188569366
9788188569397
9788192851822
9788192851877
9789325974203
9789350945995
9789351038610
9789351038641
9789351101062
9789381626573
9789384028305
9789384028459
9789385194443
9789386224866
9789810799489
9781569570609
9788177228595
9788129101983
9788129104588
9788129108258
9788129113702
9788129115980
9788129118752
9788181475459
9789353520656
9789353521134
9789353524753
9789353525880
9789353527228
9789353529123
9789353529468
9789361560514
9781637543061
9788178121901
9788183221504
9780861319497
9781423476009
9788121921862
9788122308877
9788125016915
9788125035411
9788125035428
9788125037040
9788126316168
9788170947998
9788170948292
9788178120690
9788192851846
9788192851884
9789311126630
9789373745107
9789384028251
9789384028350
9789384028374
9789384028411
9788123900698
9789351030874
9789380480541
9788125033578
9788126005864
9788178121222
9788195979684
9788199210394
9789370025516
9789387269224
9789386310422
9788172299804
9788121614641
9788121614870
9788121615891
9788123781891
9788170556978
9788176499309
9788178122298
9789373741864
9788123918365
9789387390874
9788125035435
9788125035442
9788125035459
9788178122144
9788184271133
9789334237078
9789373744957
9789390232222
9780007831654
9780753505007
9780861315055
9781423429593
9781423471295
9781846841491
9788120751835
9788121607322
9788121931526
9788121941044
9788123727646
9788125022077
9788125022503
9788125030409
9788125033523
9788125033530
9788125037446
9788125053606
9788130900605
9788131809198
9788170521846
9788170551263
9788170946502
9788173666032
9788173666643
9788175300361
9788177394085
9788178120751
9788178120805
9788178694368
9788184100532
9788184353099
9788184775396
9788184775402
9788184779721
9788184973341
9788185119489
9788187077152
9788189338466
9788190367820
9788192723242
9789311126890
9789350238011
9789351100331
9789361034763
9789382618294
9789382618300
9789382618317
9789384028299
9789386298164
9789386850638
9780143004387
9780143066248
9780143332398
9780143450863
9780143474678
9780330418614
9780330442565
9780752227252
9788172344382
9788184774689
9789351038696
9789351038771
9789352752140
9789352754267
9789352754984
9789380480022
9789381398739
9789381398746
9789381431641
9789381431771
9788126555697
9780143103264
9781582791128
9788121608398
9788172340803
9788184773293
9788184778649
9788184779912
9788189884383
9789351032267
9789351037620
9789351038177
9789351039853
9789352755134
9789381017272
9789386041296
9789386313249
9788125030393
9788178122045
9789352870868
9780001063709
9780853186076
9780859678025
9788121926416
9788122312782
9788125025641
9788125030386
9788125033509
9788131808986
9788131910139
9788170593737
9788178128238
9788178551562
9788181374875
9788182881372
9788182965416
9788187077220
9788188236282
9789351213185
9789351870326
9789357437271
9789380444543
9789393304964
9788129104830
9788129118851
9788184721669
9789353526924
9788125030379
9788170552109
9788170553038
9788170553175
9788170556015
9788170556541
9788190511230
9789361033773
9789393304902
