9781594773068
9788121620666
9788176555739
9788176559683
9788184778267
9789351032755
9789351033189
9789351035275
9788172294670
9780070679955
9780195669633
9788121615945
9788121616591
9788121618052
9788121935029
9788125006893
9788125030355
9788125030362
9788126318216
9788170218432
9788170704812
9788177394689
9788178122069
9788178122380
9788178122397
9788183329552
9788195352975
9789311126661
9789350361238
9789373745763
9789373745879
9788129119179
9788125030348
9788178123301
9789367250488
9789367251270
9789367256602
9789367256633
9789367259795
9780863114519
9780895402363
9781107663848
9788100000274
9788120744691
9788120758933
9788120769762
9788120790575
9788120796904
9788120797420
9788121610469
9788121613965
9788121616034
9788121616270
9788121617123
9788121618021
9788121618410
9788121932820
9788121933919
9788121934411
9788122202045
9788122202632
9788122308655
9788122310238
9788122311679
9788122313307
9788122314458
9788125004660
9788125007364
9788125008323
9788125011200
9788125012306
9788125030331
9788131805596
9788131808948
9788131809167
9788131905685
9788170701897
9788170701996
9788171103140
9788173862588
9788175300378
9788176761505
9788177392548
9788178792699
9788180561191
9788180561566
9788181379160
9788182965966
9788184030853
9788184042573
9788184350548
9788184771336
9788184773934
9788186004081
9789357432849
9789380302959
9789380644097
9789380644202
9789380644240
9789380761589
9789380864006
9789383142231
9789393304704
9789788179917
9780143103882
9781785980213
9788121615150
9788121620284
9788125009689
9788125021698
9788125021711
9788125025573
9788125025580
9788125041740
9788173702518
9788173702525
9788173702532
9788173702549
9788176555890
9788178120232
9788178121147
9788178121543
9788178122465
9788178122489
9788178122571
9788178122724
9788178122731
9788178123165
9788184770414
9788184771220
9788184773910
9788184773927
9788184776287
9788184779622
9788186877722
9789351030478
9789351030515
9789351039693
9789352755028
9789352755035
9789352755042
9789393304612
9780001160163
9788100001080
9788120730526
9788120787063
9788121616744
9788121937412
9788125008286
9788170211174
9788170551560
9788170552987
9788170556497
9788175054561
9788177392524
9788178120270
9788178120607
9788178122663
9788178122786
9788178236544
9788178692524
9788178693347
9788181376855
9788817869461
9789347298097
9789357439718
9789367254325
9789385874819
9789393304506
9789393304537
9798170218028
9788187111887
9788125025610
9788170555926
9788178120409
9788178122656
9788178123219
9789393304377
9788121615471
9788125051626
9780201062069
9781009810203
9781423414476
9781423436249
9788120723467
9788121619592
9788122201567
9788122204940
9788122309454
9788125014379
9788125022664
9788125022671
9788125025597
9788125025603
9788131931233
9788131934852
9788172762612
9788175970052
9788175971790
9788177392623
9788177395006
9788178552149
9788178554457
9788182881617
9788182962170
9788182965218
9788182965386
9788186877487
9789367190029
9789386379610
9789386561169
9789386561190
9789386561206
9789390744466
9789393304322
9789349166264
9780143101635
9788121607728
9788121610940
9788121616324
9788121617666
9788121618403
9788176557702
9788176559720
9788184770469
9788184770964
9788184772814
9788184774269
9788189884574
9789351030058
9789351031994
9789381017265
9789381431153
9789381431160
9789386041050
9788123917795
9788125022640
9788170553199
9788171870110
9788178120386
9788178120553
9788178121352
9788178121444
9788178121451
9788178121604
9788178121857
9788178122076
9788178122083
9788178122250
9788186877463
9789393304278
9788129118721
9788171673889
9788171679850
9788172345204
9789353528515
9780861319503
9780863113741
9780965656986
9780970208163
9781009813129
9781408062029
9781423475033
9781423483908
9781423493624
9781423494584
9781845570378
9788120758926
9788120777330
9788120777354
9788120783805
9788121609999
9788121610643
9788121612562
9788121616355
9788121616461
9788121616546
9788121617314
9788121617321
9788121618281
9788121619172
9788121619608
9788121619615
9788121619622
9788121619639
9788121619646
9788121619905
9788122203424
9788122203974
9788122306958
9788125013549
9788131808658
9788131909911
9788131911044
9788170521051
9788170521877
9788170522386
9788170557487
9788171104024
9788175971912
9788176936064
9788176936071
9788178120508
9788178121185
9788178121710
9788178553467
9788182960329
9788182960411
9788182961135
9788182961159
9788182961166
9788182962682
9788182965379
9788184777925
9788187812395
9788188569908
9788194085676
9789352670062
9789380152011
9789380152035
9789380644219
9789393304209
9789393304216
9789393304230
9780143102243
9788125013815
9788125054764
9788170420231
9788170555810
9788170557036
9788178120454
9788178121109
9788186877555
9780863112584
9780863114618
9780863115080
9780965656962
9780976663041
9780976663089
9780984094981
9781009811767
9781009811866
9781009813259
9781423414452
9781423414490
9781423417781
9781423474999
9781781750230
9788120727502
9788120748675
9788120752733
9788120789203
9788121613781
9788121616256
9788121616393
9788121618601
9788122201291
9788122203226
9788122304510
9788122309218
9788123735429
9788125002420
9788125007555
9788125008156
9788125008194
9788125009368
9788131804827
9788170521723
9788172761011
9788174142931
9788176559164
9788176936453
9788178120171
9788178120522
9788178120706
9788178121079
9788178122137
9788181370938
9788181377418
9788182961531
9788182962194
9788184974591
9788184976274
9788184979428
9788184979497
9789350360927
9789350360934
9789350361016
9789351211730
9789351212157
9789351212218
9789351212225
9789351212317
9789351212331
9789351212409
9789351212430
9789388632041
9789572954195
9781509820849
9788172344016
