9788175259621
9788184775914
9789351034131
9788123901176
9788123907680
9788123926742
9788121620871
9788121620888
9788121620901
9788121620918
9788121620925
9788121620932
9788121620956
9788121620963
9788121620970
9788121620987
9788126309856
9788170553649
9788170554455
9788123904351
9789361569579
9781907360275
9781909621107
9780861319985
9780863112669
9780863112812
9780863113826
9780863114564
9780907633662
9781423429449
9781423431275
9781423442158
9781423471288
9781423471509
9781423494492
9781586131029
9788120780996
9788120781009
9788120781047
9788120783386
9788120783409
9788122202168
9788122202601
9788122202656
9788122203462
9788122203479
9788123703671
9788123723235
9788125003861
9788125014386
9788131901168
9788131902776
9788170213758
9788170215325
9788170594437
9788172761448
9788172764241
9788172764937
9788175970045
9788176762410
9788178235738
9788180561603
9788189091057
9789357431682
9789380644271
9798176933635
9780687344222
9789382000389
9780143421344
9788123903231
9788123903507
9788178120782
9788178121574
9788178122328
9788178122809
9788186877814
9788123903415
9788172296308
9788172293383
9780001080324
9780856676598
9780863111341
9780863112843
9780899009322
9780956156648
9780984112197
9780993164255
9780996109703
9781009809887
9781398306707
9781398306714
9781423400134
9781423407188
9781423415336
9781423425854
9781423435471
9781423466260
9781446728918
9788120770881
9788123711027
9788170557210
9788175542136
9788175542211
9788175542235
9788175971059
9788178694450
9788178694542
9788179506691
9788180561528
9788182963351
9788186569207
9781009232845
9781009169370
9788172297091
9780853185710
9780853185727
9780854023301
9780857111128
9780876392386
9780902940215
9780902940239
9780903908283
9780956343802
9780981526461
9780982738573
9780983058908
9780983322528
9780992046071
9781009806039
9781009806725
9781398423848
9781423459033
9781423473565
9781423473626
9781423476450
9781423476511
9781423498391
9781448313600
9788120746565
9788120764583
9788122202892
9788125010852
9788125012344
9788125014225
9788171819652
9788175974968
9788178625072
9788179506431
9788184353006
9788184979145
9781399091022
9780853182955
9780853185840
9780864922557
9780872172944
9780880531146
9780907594949
9780937276068
9780954790400
9780974505640
9780978686604
9780978686666
9780978686697
9780984023684
9780984948703
9780988926820
9780992274290
9780993164224
9780994014450
9780994467744
9780996996303
9780997904659
9780997995503
9780998553993
9780998753744
9780998900469
9780999500613
9781009108850
9781398444874
9781398713154
9781399933070
9781403188540
9781405991339
9781408732892
9781408736760
9781408749227
9781423414612
9781423414636
9781423421474
9781423425786
9781423439233
9781423441335
9781423464389
9781423467335
9781423469568
9781423476610
9781423477396
9781423492832
9781432767082
9781434436511
9781444753875
9788131913734
9788170522379
9788176762106
9788178125084
9788178233338
9788178693941
9788178693972
9788184850161
9788185891842
9788189558109
9789380536217
9789387918559
9798170217571
9780851629636
9780852391242
9780853181729
9780853184874
9780853185819
9780854022250
9780854957255
9780854957903
9780854957927
9780856461446
9780857506023
9780866905473
9780876128244
9780913785980
9780915008087
9780915008193
9780948877896
9780953745616
9780955741104
9780960064199
9780967170909
9780977057344
9780981584669
9780986119866
9780986431715
9780987533685
9780987601483
9780987627292
9780988375000
9780991209033
9780991475421
9780991475438
9780992704407
9780992839017
9780993855207
9780996405225
9780998127743
9780999066379
9780999291603
9780999480830
9781398406438
9781398447776
9781398478671
9781398493971
9781398498044
9781399730846
9781403113122
9781403167972
9781403168146
9781403171733
9781404120518
9781408294352
9781409349303
9781409354383
9781409354390
9781419676376
9781423405306
9781423407812
9781423412601
9781423413486
9781423414483
9781423425625
9781423429609
9781423440536
9781423440567
9781423446316
9781423456834
9781423462927
9781423471271
9781423476474
9781423489870
9781423493631
9781424569854
9781424569861
9781432769109
9781432773618
9781434459947
9781439243046
9781448311750
9788170211525
9788171209354
9788178122922
9788178122946
9788180562716
9788180564383
9788185301310
9788185843100
9788186219386
9780001063129
9780849754104
9780849798979
9780849799068
9780853184270
9780856460692
9780856461798
9780856462634
9780857364982
9780857366979
9780857367006
9780857367242
9780857508416
9780857831286
9780874860443
9780892134861
9780906630471
9780907521617
9780907738374
9780948833526
9780952357773
9780953025107
9780954063986
9780954124229
9780956211200
9780956656438
9780957213487
9780963653598
9780977297405
9780978177430
9780978258542
9780978942502
9780993940132
9780993940163
9780994488695
9781005624507
9781398413719
9781398473270
9781398479333
9781398495326
9781404119857
9781407116327
9781408355398
9781408355435
9781408368459
9781408368466
9781409325956
9781409342342
9781409369752
9781409369769
9781409369776
9781409369783
9781418886172
9781423400141
9781423413899
9781423414506
9781423417323
9781423429456
9781423429494
9781423434900
9781423438496
9781423442073
9781423446293
9781423457442
9781423457466
9781423457473
9781423457480
9781423457497
9781423463221
9781423475941
9781423486374
9781423486381
9781423486404
9781423486411
9781423486428
9781423486442
9781423493617
9781423494591
9781423494638
9781431424399
9781431425228
9781445409801
9781446316931
