9781941955451
9781906613730
9798892673990
9798892673563
9781902382098
9781902382555
9781902382579
9781906613082
9781906613181
9781906613204
9781906613259
9781906613341
9781906613365
9781906613655
9781906613723
9781906613808
9781906613990
9781910367056
9781910367063
9781910367070
9789350236086
9789352137732
9788178242996
9789352532162
9788125061229
9788125061236
9788131218181
9789352135714
9789352871537
9789352871544
9788190340359
9780070680753
9788126563234
9789351191537
9789352136674
9789390427123
9788198072160
9789352871506
9789399889748
9789397752228
9780070677425
9789357027380
9788125054078
9789366277646
9788126547104
9789352136810
9781906613020
9781906613105
9781906613372
9781910367087
9781910367094
9781910367339
9798235169203
9798985977264
9789352871469
9789352871483
9789363129962
9798233612060
9789350233795
9788125061212
9788198276223
9788125054047
9788125054054
9788184040364
9788188569762
9788187358688
9788173198427
9788184355420
9789385616051
9788184895438
9780781760348
9788131202951
9788180545740
9788184355055
9789352130993
9781902382548
9781904634812
9781906613006
9781906613013
9781906613037
9781906613068
9781906613075
9781906613112
9788125061168
9788125061182
9788126550227
9788172162658
9788173715082
9788177395099
9788184896183
9788194051039
9789351104063
9789385621895
9788184732528
9788184732542
9789348314673
9788126524471
9788178244785
9788184894585
9789351100294
9781631028298
9789355852663
9788181471239
9789810182441
9780804202596
9788181780959
9788199254886
9789369587988
9789971973971
9798218846480
9798902072270
9788126512867
9780065549706
9788175812598
9789357788342
9789392196454
9789396111446
9789352874019
9780070472778
9788125036357
9788183325714
9788172299224
9788188569229
9788187680307
9788174732019
9788125060345
9780739081518
9781902382470
9781902382562
9798296350770
9788177584141
9789352137954
9788125045830
9788125056317
9789381269527
9788125045823
9788173668401
9788173701207
9789367258606
9789395576871
9788125045816
9788126553044
9788130910864
9788180522062
9788184894615
9788184974331
9788187680239
9789350719947
9789385621734
9789386221759
9789386224842
9789390427208
9788198120991
9788181471758
9783443951085
9788125056300
9788125045786
9788189059224
9789348734600
9788125045809
9789348569134
9788123904771
9788123905938
9789810185473
9789361038143
9780000146441
9788170366782
9788181374882
9788182964204
9789350239544
9789352137008
9788122435351
9788122612905
9788126106691
9788131788028
9788131790977
9788170195009
9789352271399
9789381535820
9798901765265
9788125045793
9789367259764
9789367256572
9788125045779
9789311122717
9789396954401
9789812557148
9780199574735
9788177395112
9788131224632
9788125053866
9789396115611
9788120334601
9788125045762
9788172112820
9788178695433
9788184046458
9788184049824
9788185990910
9788186762158
9788187495253
9788187746393
9788193303658
9788193895115
9789388689076
9789694690391
9788180280085
9789334073034
9789386232076
9789396465402
9788121932585
9788125055303
9789312143162
9780888993045
9781728260167
9788123900520
9788126577743
9789380931876
9789382616368
9798217090150
9798217090167
9798217090174
9788170463221
9789385932564
9788125053859
9788178556062
9788198885722
9789311121536
9789352530540
9789381510308
9788126516643
9780071072496
9780063574823
9780195669459
9781405127264
9781732025639
9788120344549
9788121509077
9788126519385
9788173660450
9788173711596
9788183329385
9788184028768
9788184044522
9788186693605
9788186921807
9788187784609
9788192682815
9788192896199
9788192976006
9788194118596
9788197400766
9789334170610
9789352818150
9789354425486
9789356190436
9789359157702
9789382134824
9789385288494
9789388597432
9789391406721
9789392880346
9798902317395
9780198895312
9788126505708
9788125050858
9789381335901
9788183990981
9788193611951
9788195284757
9789388991117
9780915066506
9780930794668
9781035034321
9781401945831
9781590791950
9780201060386
9783443950682
9788125056454
9788125060314
9788172866921
9788186782774
9788190829274
9788194719588
9789357320467
9789381209271
9789387791381
9789395469166
9788123900087
9789388725774
9788168972018
9788125020967
9780063574540
9788126546268
9788126554904
9788126559152
9780552779111
9781743625804
9788120347915
9788121500302
9788121501330
9788121508735
9788125053842
9788125056430
9788126544769
9788126560844
9788130930824
9788131515082
9788170948315
9788170949138
9788170949510
9788172112936
9788172130800
9788173667473
9788174530400
9788174531551
9788176493956
9788179308301
9788180600906
9788184042207
9788184045673
9788184782462
9788184975574
9788184975604
9788184975611
9788187721161
9788187746126
9788188260003
9788188479177
9788188479764
9788188683154
9788189975869
9788190117623
9788193895184
9788194303114
9789348314550
9789350235096
9789350238196
9789350671306
9789350943892
9789351038986
9789351101888
9789351105374
9789351192657
9789351442134
9789351760146
9789352134137
9789352837861
9789361030451
9789380283715
9789381626092
9789384030070
9789384061371
9789384385033
9789385152429
9789385152719
9789385616402
9789385621284
9789385621338
9789385724039
9789386036636
9789386189059
9789386224453
9789386224804
9789387578500
9789387672666
9789388689755
9789391855093
9789391855314
9789391855321
9789391855482
9788178120812
9789349562615
9789358705003
9780071241762
9788121938464
9788195478606
9789351732556
9789386386823
9780190137977
9788125053835
9788123919454
9788174732033
9788181475473
9789334287837
9789355204752
9780241626474
9780241634523
9780385687843
9780385698207
9780735241381
9781039007956
9781039056480
9781543342963
9788122611861
9788125020950
9788125043249
9788125044581
9788125044598
9788125044604
9788125056416
9788125056423
9788173703119
9788178440378
9788178555522
9788187540571
9789311122441
9789311124223
9789311124414
9789351190899
9789367255407
9789389368079
9780143427476
9780593981764
9781035091393
9781349959556
9781447228387
9781471125263
9781501191732
9781509881093
9781804090909
9788126563371
9788126565689
9788126567232
9788126568031
9788126577460
9788126578863
9788126578887
9788126578900
9789381431283
9789386215468
9789389109191
9789394613119
9798217191642
9788171568079
9780571550098
9780571551248
9780571551828
9781423437871
9781788640008
9781858680255
9782122611579
9783943638028
9789381535028
9788178121406
9788179292150
9789382026525
9789960966687
9788125016687
9788125045915
9788125056393
9788178120218
9789311127736
9789352532018
9789352874392
9789370608900
9788125045908
9788178120287
9788178121758
9788194471332
9788194719502
9789354424298
9789363471771
9789363475243
9789396611359
9788131228234
9788181890092
9788178120478
9788178122427
9788199261341
9789311128818
9788185263441
9788120843417
9788125014560
9788125045892
9788170552543
9788170553021
9788170553069
9788181430496
9788181431226
9788181433831
9788196342319
9788196342364
9788196984144
9789381018996
9789386516268
9789391045265
9789391406738
9789394387676
9789395576765
9788126569991
9788120344617
9788125914471
9788126563869
9788131508534
9788171853632
9788173669040
9788173669385
9788174530202
9788174532183
9788174532411
9788175256972
9788175545427
9788176212458
9788178440484
9788181930637
9788184041811
9788184045062
9788184046939
9788184047110
9788184975550
9788185094779
9788195478651
9788198149206
9789350046821
9789351033578
9789351033592
9789351033608
9789351033615
9789380032894
9789380658025
9789383260812
9789385152726
9789385152832
9789385621222
9789386309303
9789386850201
9789386850393
9798903421442
9780143422372
9780241997116
9781137464675
9781405959919
9788122129533
9788125045885
9788126546770
9788170462828
9788173704024
9788173704055
9788178122755
9788178242927
9788199947351
9789357171663
9789364681414
9789376500789
9789388757119
9789395576642
9788126136582
9789370038691
9780521682596
9788125045861
9788171946464
9788175250376
9788178126586
9789311127781
9789355014665
9788125045854
9788188473199
9788180542848
9780199482153
9788125045847
9788125045878
9788178121741
9788182091634
9789350042755
9789351194750
9789352873944
9789380644318
9789387672314
9781449403102
9789351038528
9789381269480
9783443950569
9788120345911
9788121927383
9788121936590
9788125060079
9788131809006
9788170641094
9788173199523
9788173666377
9788173668838
9788173669347
9788174530196
9788178555515
9788178555829
9788182200203
9788182964181
9788183553339
9788183554909
9788184040050
9788189975654
9788195393718
9789364022149
9789384030322
9789386224613
9789386243522
9789390760978
9789352874552
9789369582877
9789369585830
9788122903652
9788168536326
9788178120300
9788178121130
9788183324755
9788193425671
9788199154155
9789350586037
9789350947265
9789367253342
9789380550305
9789380574158
9789380628660
9789386500908
9789386763716
9780143445494
9780670082476
9780670088102
9780670091515
9780752266558
9780753448397
9780753448403
9780857425904
9780860370987
9781501134845
9781509816057
9781509823239
9781740511384
9781740511421
9781740511438
9781878424495
9781913738242
9788126564538
9788126565139
9788126575091
9788126577712
9788126578849
9788126578856
9788126578955
9788126578979
9788126578986
9788172345563
9788175993358
9788175993396
9789356296206
9789381431870
9789385827976
9781869433819
9789385932557
