9781412979818
9781781637456
9783382001544
9783382013493
9783382031169
9783382153328
9783382333454
9781412936972
9783368247638
9783368823788
9783375113001
9783375114060
9783382010164
9783382011833
9783382024147
9783382024864
9783382030902
9783382162139
9783382314668
9781452202402
9783608426281
9781412959797
9783368043001
9783368184087
9783368267506
9783368357375
9783368357399
9783368824013
9783368828790
9783368831110
9783382004088
9783382147556
9783382149918
9783382157814
9783382817640
9781984638076
9780723607656
9780592054438
9783368178505
9783368179212
9783368343811
9783368828387
9783368902728
9783382004989
9783382135522
9783382138738
9783382143435
9783382148706
9783382157029
9783382175740
9783368811716
9780702045875
9781572782648
9782409046001
9783382134617
9783382165291
9783368047603
9783368227364
9783368272807
9783368814762
9783368823160
9783368823801
9783382018160
9783382027520
9783382132224
9783382145521
9783382146528
9783382148867
9783382198046
9783382803742
9783382815608
9783031308246
9783031133329
9783368044428
9783368909031
9783382011857
9783382016678
9783382017651
9783382134556
9783382159092
9781984638588
9783368230524
9783368816544
9783382021702
9783382141547
9783368178642
9783368347321
9783368361648
9783368905507
9783368906542
9783375115746
9783382021221
9783382039806
9783382041526
9783382047825
9783382140526
9783382146948
9783382147044
9783382155544
9783382164560
9783382326821
9783382803704
9783382805661
9783382808303
9783368814229
9783368249083
9783368817442
9783382013202
9783382021160
9781119714538
9783368173722
9783382113384
9783382151423
9783382165529
9783368039158
9783368041557
9783368285685
9783368308506
9783368369903
9783382134600
9783382139087
9783382161880
9781473913738
9783382151669
9781847203007
9783368810085
9783368905842
9783382018306
9783382152703
9783382176501
9783382176549
9783382176563
9783701105380
9783368044169
9783368059873
9783368272906
9783368812607
9783368813888
9783382022129
9783382133467
9783382158026
9783382175382
9783382189549
9783382504069
9783700323167
9781403995568
9781904315377
9781616686895
9781626186576
9798891214026
9783472099062
9781637101179
9789914743630
9798275902907
9798277834442
9781464813795
9788410815124
9788119497744
9798339592273
9798340753885
9798340765512
9798340864536
9798340964618
9798341068988
9788419408730
9789996088391
9798304571432
9780763754563
9783368346508
9783368779160
9783382016722
9783382035228
9783382136987
9783382142247
9783382721022
9783368008925
9783368055738
9783382035242
9780062689634
9798241043016
9798344129068
9780443119484
9781782051602
9786144295380
9788412276176
9798231110605
9798275852059
9788412193633
9781071960196
9783200305205
9798233450730
9789587715552
9798232423193
9798302934772
9781582558011
9780536659750
9781936651290
9783382035143
9783701718177
9788411239790
9798271804137
9798242655812
9798329445640
9798342803847
9781499457315
9781733635448
9788418943188
9789390647224
9789394317505
9789394317529
9798298307567
9798314045039
9798268100075
9788409462117
9788418641244
9788409657049
9788485209590
9781970852394
9783964037695
9798241581815
9798279410651
9788411941082
9798273430525
9788498528671
9780749427443
9783903583221
9781947660533
9798241205384
9798231145706
9798231732852
9798233848865
9798233899188
9788609007484
9798289949677
9798294486938
9788447225293
9788412466898
9798319045683
9783866325777
9789918629961
9798224415861
9798224880546
9798232186555
9798233121845
9798233241185
9798233455230
9798233885006
9798273864528
9798272371850
9784824109682
9781941919088
9781041006374
9783756292462
9781923484566
9783851612967
9788410819436
9798246689677
9798248371037
9788126514946
9798266926516
9798287069575
9798232453749
9798248613380
9798232004811
9798232841584
9798233139192
9798233165528
9798233257377
9798233339783
9798233355127
9798233466649
9798233475696
9798233494123
9798233713491
9798233828805
9798278388289
9798284004791
9798255326846
9798257193644
9798250370707
9798248422890
9788417150464
9781418037789
9798901940266
9780536689511
9781915145086
9781484252741
9789956554812
9783910776081
9798246711019
9798284877968
9798224186938
9798224293643
9798224612482
9798231463176
9798232025366
9798232178857
9798232207113
9798232466619
9798232486068
9798232620738
9798233113802
9798233153303
9798233181009
9798233186073
9798233357800
9798233388392
9798233465451
9798233504624
9798233593888
9798233645624
9798233746871
9798233782497
9798233855603
9798233913419
9798255122981
9798254575504
9798248040018
9798290299471
9798257713682
9798198377462
9788431315573
9798249357542
9786178069230
9788866604525
9798232002268
9798232310974
9798233545955
9798277731369
9798232900311
9798232989293
9798233014093
9798233136498
9798233199943
9798233402333
9798249548674
9781534969704
9798215473719
9798231407828
9798232014032
9798233117770
9798233291012
9798233307737
9798233415760
9798233444357
9798233496059
9798233527166
9798233529634
9798233664243
9798259052727
9781923570689
9781923570764
9781923570931
9781923593091
9781923570801
9798901940099
9780536680594
9781472641205
9781923593701
9781970852981
9783758322990
9781923570979
9781923593237
9781923545946
9781923593817
9781923625044
9781970852172
9798901946244
9798901946251
9781923570740
9781923593121
9781838355807
9781944066291
9781960505644
9783642026560
9781923570146
9781923570535
9781923570634
9781923570955
9789873729058
9798232901684
9798247178446
9798278893288
9798263421557
9798278426363
9798232174392
9798232375904
9798232941529
9798233104657
9798233493515
9798233515767
9798235216648
9798245922515
9798254113126
9798279294008
9798279310456
9798271130793
9798244045284
9798257382888
9798257964732
9798246997130
9788412387599
9781684059553
9781957840451
9781983788444
9781923525207
9781966625728
9781997503101
9781972884003
9798232505783
9798232588434
9789878928395
9798243104487
9798261770640
9798268937398
9798277772935
9798262459186
9798288776328
9789403705774
9798223087397
9798232827199
9798232925758
9798232137472
9783961325252
9798248096787
9798291943137
9798247730293
9798259228306
9798232270124
9798215112380
9798215787656
9798224072866
9798227234940
9798231199266
9798231227846
9798231587964
9798231767298
9798232155407
9798232479244
9798232491413
9798232732172
9798232767570
9798232825355
9798232844035
9798232864040
9798232885373
9798232892487
9798233010323
9798233254239
9798233264832
9798233270772
9798233773686
9798233858215
9798233946592
9798233985652
9798272392022
9798254926351
9798253995778
9798258119377
9798232286866
9798258611673
9798255828395
9781616559113
9781914002649
9781923432055
9781962896795
9798233084690
9788478017294
9798341001121
9798714881695
9784824109668
9788126137305
9789365578355
9789789820566
9798232600211
9798263772192
9798397359597
9798292424666
9798304465205
9789988953812
9798231988006
9798232719968
9798233073472
9798259251687
9798257450655
9798297254947
9798305355406
9798309472451
9789390647880
9781911477280
9781953610089
9798232192846
9798246691878
9798268753554
9798332873072
9798244358438
9798259368736
9784824109651
9789365574265
9789365575507
9798218254391
9798273466517
9798296758781
9798268266740
9798245814667
9798264037948
9798232189792
9798232365738
9783907369241
9781536876789
9798250922128
9798257467714
9798257788413
9798254562221
9798253990735
9798241520159
9798258077349
9798257598623
9798247352747
9798247370253
9783842011250
9780815108269
9781105271496
9783758411052
9783991970187
9798892674638
9798181006737
9783061212926
9782322583256
9781790867271
9798180816313
9781913769437
9781923224810
9781977253910
9781989257623
9798892673570
9798892674003
9798892674591
9798899330063
9781940220543
9798181051867
9781926780627
9798235470835
9798241992536
9798243468602
9798243467032
9798275895520
9798275964578
9798277691861
9798282199239
9798315891390
9788188458905
9798276429595
9789967102170
9788184731422
9789941494635
9798304501149
9798268551938
9798342672511
9798275396256
9798246834701
9798255938483
9789694949765
9798276808758
9798276801209
9798275225600
9789388658782
9798232330460
9798242080744
9798274944496
9798263860202
9798248802470
9789403667881
9798291761915
9798257010767
9798291826959
9798232420062
9798253992791
9798278623816
9798255680146
9798272498328
9798268685701
9789966062345
9798248531295
9798242241688
9781529611878
9788195237203
9781032148823
9788184047486
9781998851799
9781973809838
9781989963364
9783739977133
9783739987378
9783739987880
9783739987903
9783739987910
9783739987934
9783739987996
9783739988092
9783537659019
9781919321608
9788181478085
9781807384906
9798273988378
9786500259773
9789930966075
9798297713130
9798230951391
9798232041977
9798246332528
9798233024870
9798233023620
9798294924102
9798258243041
9798257459849
9781764550031
9798255237432
9788184895063
9781105242700
9781881528289
9781923224537
9798892210812
9798998517037
9789390647279
9780521270977
9788178671444
9798296004642
9798224668144
9788416138647
9798277006726
9788184734362
9788592352127
9798269104577
9798297277663
9798258151858
9798250347594
9798257698477
9798246633472
9798231786855
9798232037727
9798233101069
9798232492809
9798233970078
9798263539436
9798294485900
9798274278287
9783958924604
9798223330288
9798262481767
9798255193639
9788475561646
9781718505247
9798180686053
9781928586234
9798180418593
9798892673761
9781981122592
9798235671904
9781979148498
9781909266247
9780979875229
9789352133529
9789352601820
9781316612187
9789392196966
9789360327125
9789393418111
9781951897635
9781981560400
9798994889909
9781838173418
9788491597506
9798241312563
9798261752462
9798399826301
9798276176192
9798289780522
9788131219225
9788184737677
9789385149313
9798258160652
9798242890503
9798265676900
9798278893974
9798292629719
9798246704387
9798279139163
9798279171385
9798249765309
9798246212905
9798248006977
9798249352547
9798293792672
9788415317722
9798863594798
9789654989954
9798254705680
9798271222849
9798223522904
9798242207042
9798249028671
9798249312909
9788412371529
9780367459345
9781032535203
9781032655390
9781032658209
9781032768557
9781138679528
9788131522462
9788131522257
9789355423771
9781032748764
9788172163327
9789385621475
9789385621499
9781398864719
9781398864757
9788178242460
9788131219706
9789353887490
9781737572404
9781948235228
9783965510425
9781912119035
9781973752813
9781973982050
9781919220062
9798994940853
9781836322214
9788184896282
9788475058054
9780998495750
9789351100843
9789352134977
9789352836093
9789353503857
9789359066677
9781035802074
9789948697183
9783954722143
9789388658775
9798293630622
9788474966053
9798821341730
9781543177183
9798215179673
9798223538509
9798864181362
9798233298769
9789370600935
9788189836474
9789354248412
9781032934167
9788184730838
9788122437959
9788126567805
9788194043645
9781988898032
9781988898292
9798257244117
9781947662735
9782755807295
9798180434012
9781800998407
9798180547521
9781902382623
9788181283832
9788194043720
9789389662474
9780019898423
9789390343386
9788126555987
9780198799627
9789384866419
9798276824215
9798249003463
9780193501584
9788475057903
9788479667184
9791281358720
9798215525845
9798230266693
9798231098590
9798231115303
9798231200320
9798231440450
9798232330859
9798232489076
9798247498902
9798254052692
9798258427786
9798258534057
9798259045514
9798263700126
9798269516530
9798277187845
9798277364796
9789355742483
9789393511003
9781107414419
9781032250052
9781032425641
9781032425696
9781032466309
9781032466316
9781032466460
9781032468341
9781032468372
9781032535623
9781032535920
9781032607092
9781032607238
9781032607313
9781032607344
9781032607481
9781032608020
9781032781006
9789363860292
9788189795047
9789352136483
9781906613938
9781470612146
9781974335398
9783649648338
9798892674584
9798892674621
9798874188092
9781976191459
9781976333620
9781984388322
9781971622361
9781989469132
9798869782724
9781784617585
9788471418234
9780857427335
9781484278840
9788126555390
9788126561957
9788184045796
9788122136678
9788131226544
9780199545001
9788119114542
9789387486935
9788125061250
9788125061274
9789383635634
9788126533466
9789351761358
9789351761365
9789385616303
9789370601369
9798559333090
9781701164277
9781733292979
9788490053676
9788496613812
9798231241125
9798233798931
9798241753731
9798242142657
9798243947381
9798244379051
9798245640327
9798245937823
9798245963563
9798246884669
9798248250462
9798251959369
9798264455476
9798264618246
9798264738661
9798264766701
9798264886799
9798266194816
9798267855761
9798268264166
9798269915388
9798270432706
9798272304599
9798272736925
9798272953575
9798275560824
9798275678109
9798275934137
9798279028337
9798279379842
9798285497936
9798288680847
9798289642943
9798290065045
9798293741793
9798294734992
9798297792746
9798333583505
9798335266048
9798344108599
