9789352133604
9789350237113
9789350233580
9788126316601
9788130910192
9788189902360
9789350238165
9780143461388
9788126309276
9788171859672
9788126303991
9781865086446
9789381839645
9781844471614
9789350236307
9788172337650
9780367025304
9788130906669
9788126309283
9789386105028
9781471804106
9788176496148
9788184950847
9788173668975
9788172160050
9788130926506
9789385919435
9780749451158
9789350239438
9789381839607
9788126302109
9788130914985
9789350237397
9788195832491
9798175541282
9788195304639
9789387004016
9788126303908
9788172161064
9789352133901
9789352132683
9780749443245
9789352137565
9789354978227
9789354978081
9789354978104
9789354978289
9789354978067
9789354978159
9789354978043
9789354978197
9789354978135
9789354977602
9789354977589
9780190137281
9789367251881
9789367250570
9788126301959
9788175540965
9788126330669
9788172332044
9788189996017
9789352137046
9788130923642
9788130934150
9788189902469
9789352135769
9788130915890
9789352134113
9789332555358
9789352135165
9789386237118
9780749447793
9788175542556
9789386385772
9781598697186
9781634607810
9788172332853
9780749449247
9780749446581
9780749449049
9789351102885
9788175541986
9780749445164
9788130904177
9789354972065
9788175545731
9789352137596
9788130926919
9780749445324
9788175541993
9789381839966
9789351108566
9789352135127
9789386237095
9789352133932
9780749449100
9789352134052
9780190136567
9788126310999
9789352134656
9788184040760
9789326350211
9789352132850
9789352134465
9789354979378
9789354979392
9789354979323
9789354979361
9789354979385
9789354979408
9789354979415
9789326351652
9780199469727
9789354979224
9789367259825
9789354979248
9780190137182
9789354979941
9789354979644
9780190137199
9789354979590
9788126318940
9780190121358
9788130933726
9788130907475
9788130910130
9789354979927
9780199469710
9789354979217
9789354979170
9789354979163
9788126307883
9788171851294
9780195656091
9780195657739
9780195661187
9780190133610
9789367254066
9789367256732
9789367255667
9789367257180
9789367257081
9788171852857
9788130908410
9788130913698
9788130923741
9789392299049
9789385919282
9788176499675
9788171857586
9788181435040
9788130906270
9780749442415
9788179915097
9788175545632
9788130902517
9780749451523
9788126305179
9788126314782
9788126310968
9788196410926
9789326351386
9789352134199
9788130913445
9789350235034
9798175542098
9788126340842
9789386392404
9789381189665
9788184489446
9789355320797
9781801996747
9789388372244
9788122313888
9788122313925
9788122315790
9789386224200
9789385152689
9788119300990
9788122308594
9789387578777
9788122420319
9781107696693
9789380428178
9789394201316
9788177394573
9788187671169
9788172701468
9788185680354
9788120827936
9789382711025
9789382711049
9789384266028
9788189928834
9789386484635
9789352741199
9789382711032
9788122436242
9788122440447
9788122439595
9789351034032
9788186791097
9789350718766
9788196175177
9788125060253
9788125063742
9788173819902
9788183212953
9789814237086
9788122312607
9788194969211
9781484294123
9788185578491
9789387968011
9781484252147
9789350486467
9788120822436
9788177212716
9788177391176
9788192228709
9788186117316
9788122431605
9788184777437
9789352665655
9789395308748
9789387578272
9788125930914
9788122421705
9788199625525
9788122440522
9788173715686
9788193446102
9788178442709
9783446216976
9789354771828
9789382310389
9788185119427
9788185211749
9789389152005
9789351861652
9788185094403
9781405966733
9788122414578
9788181760432
9788122484601
9789371001342
9788193432075
9789383110995
9789386224811
9788122484588
9788187680062
9789385923593
9789390022472
9788189738204
9789387506558
9781472348456
9788125034001
9788132231240
9789371004480
9780187218528
9788186791349
9788194133933
9781009665759
9788122402452
9788183327763
9788122432565
9788195012060
9788126515707
9789358984163
9789351215059
9788173715303
9788131207963
9788125004295
9788170705352
9788170705383
9789387578418
9788172702458
9789351863038
9788131711088
9788122421361
9788131808115
9788131806432
9788190856003
9788131808191
9788190856096
9788131808061
9788170084044
9789351382102
9788131808160
9788175416208
9788125036609
9788125042143
9780670099184
9789353528942
9780143463047
9789382618805
9789370039841
9789384244637
9788131809075
9788181372789
9788198740519
9788131808498
9788175300538
9789381120347
9789386691415
9788120830165
9789389368611
9788178694986
9781584795865
9788125918691
9788185116693
9788194159735
9788194159759
9788121929684
9788125039174
9789381162095
9789381075180
9789381075197
9789348734662
9789327287332
9788131256510
9788181915320
9789327252194
9788183214964
9780545152969
9788122416763
9788125023357
9788121507127
9788185293004
9789388754484
9788178244693
9789391024451
9789389143881
9788172113667
9788122439267
9788122415803
9788176292252
9789385152436
9789387023680
9789387023697
9788185094410
9788189093198
9788189093327
9788173819964
9799693517520
9789386552877
9788189888954
9788170623632
9798885750820
9788197605703
9789349919723
9788173713231
9788173714658
9789360454821
9780836413717
9781457316746
9788185094342
9788171107605
9780143444640
9788193945186
9788196690069
9788173713132
9789383260171
9788120842953
9789390514090
9781138227095
9781009457378
9788173811081
9788120310490
9789357600309
9788193747056
9788172241193
9788121507998
9781445481043
9788172111144
9781470409173
9788180142567
9788173716638
9788122431391
9788125036012
9788125015901
9788188043149
9780143456773
9788184890259
9788181378781
9788181371461
9788181377159
9789388632119
9788181378729
9788181378705
9788181378910
9788181378927
9788181378934
9788181378941
9789386500311
9788181379672
9788181379689
9788181379696
9788181379702
9788181379719
9788181379757
9788181370877
9788181370884
9788181375964
9788181377890
9788181379894
9789385914010
9788181375568
9789384030377
9788125032397
9788125053446
9788187680017
9780863113680
9788178290119
9789358870770
9788119235827
9789381626016
9780691260303
9788181930286
9788189854386
9788178241661
9788174457028
9789395533225
9788184970562
9781407533803
9788125053354
9788184970579
9788188569274
9788178440187
9781032374444
9788186921784
9788173715365
9788173715396
9788173712999
9788174457196
9780861252961
9788188683390
9788122439915
9788172111618
9788178693514
9788185094823
9788125051787
9789386850362
9780143453796
9788183211727
9788131961421
9789382358770
9788125051763
9789395245302
9789386418104
9788181930460
9788120827516
9788182963436
9788197121173
9788173714498
9781801996600
9789390713851
9789357600590
9788187326854
9788126527298
9788126509751
9788126524570
9798885750837
9788170623649
9788197605734
9788125042679
9789380550497
9789352754915
9788125026426
9789370034938
9789385854811
9780143460541
9788185680361
9788189920777
9788184951394
9789380550350
9780195604429
9780367269449
9788177581515
9788193324301
9788193324356
9788189403089
9780143460916
9780761997153
9788192544519
9789699903021
9788193445983
9788192135205
9788183211482
9789368536406
9788122315844
9789384406554
9788122315783
9781542044172
9798885913652
9788122203943
9788174532817
9788122201512
9788190074551
9788125047476
9788178243443
9788126515271
9788183326841
9788183326858
9788183326926
9789350362570
9788170333241
9788188569915
9788182748507
9789388984423
9788181583420
9788122300383
9788122313819
9788122314786
9788122314441
9788122314427
9788122313833
9788122314991
9788195984404
9780143462163
9788170704072
9789352656257
9789387578944
9789839604467
9788125031604
9783709148938
9788170690368
9788186791875
9788183329330
9788184305241
9788175224308
9789385077463
9788171104888
9781403924735
9789350487136
9788173719035
9789351380139
9789350486252
9789352768370
9789351551331
9788125058793
9798886291438
9789350123218
9788186906118
9788131792100
9788125042792
9788184979718
9788193753873
9788186470220
9788172113155
9788174454119
9788174454102
9789350486696
9788186791752
9788185263786
9789394262089
9788120822429
9788125055402
9789391297299
9788122415612
9788120821750
9788172760823
9788188569342
9788122310269
9788178693743
9781506271422
9788190082389
9788184777185
9789351032359
9781730125201
9788127206307
9788120827974
9789355431219
9789361134500
9788184300475
9788122310771
9788170704140
9781484284940
9781644213568
9780143460909
9788122306798
9781484285299
9789350490051
9781259029455
9789356764125
9789382454304
9789386224774
9788187032335
9789388754354
9789351031956
9788182964877
9788170709756
9789385724237
9789380550640
9788122311884
9788183210652
9788185094182
9781316981320
9788126511884
