9788174531971
9788120334779
9781728261478
9780399586507
9780399586514
9780399586521
9780399586538
9780399586545
9788181891686
9789325977723
9788123773551
9789383917716
9788170130376
9789311126654
9789311126418
9788180520044
9780593512609
9788170948551
9788175245174
9789391681333
9781407559629
9788173140112
9788188739387
9788177587111
9789352535323
9788189920814
9789698917029
9788131901762
9788121923422
9788174533654
9788121929509
9789382711315
9789350161012
9789351034049
9780969553878
9789380376387
9788176631075
9788178623672
9789325977785
9788131919385
9780199452583
9789353524821
9789353522780
9789381182529
9789351505945
9788123010823
9788184620061
9788184620054
9789693522365
9789380618296
9780521699594
9788121931410
9789383382378
9789389000733
9788121900348
9789384857646
9788121922449
9788123766720
9788190629409
9789350042076
9788121902786
9780230330474
9788180303036
9788126531356
9789385462979
9788121923088
9788121941860
9788180302978
9788186219942
9788174530394
9788187644941
9781852522131
9789382291053
9788195780457
9788123763774
9788123725727
9788187222392
9780241745793
9788170500292
9788176554558
9788174530295
9788174530417
9780706984613
9788170892403
9780706985672
9788120303614
9780857507655
9789382127888
9789389212594
9788189521271
9789382258131
9788121907484
9788120336681
9788180521591
9788122201390
9788170947684
9789814670241
9788126537884
9788184872507
9788174466068
9780070706552
9789351923039
9788178000855
9788121922364
9789352511402
9788131976203
9788189645212
9788180903892
9788180561511
9789694721880
9788184354997
9788185396118
9788122203127
9788131911037
9788121926751
9788129146472
9788189645571
9788180547447
9788181806604
9788181807403
9788181803474
9788181804310
9788181803276
9788181803320
9780198089681
9789354916755
9789361567872
9789361561450
9789353525798
9788123745121
9789381506370
9788131900062
9788172131319
9788175157637
9789387477001
9788121939997
9788126550760
9789384857356
9788121940764
9789389000740
9788126540204
9788126559695
9780780381353
9788192571010
9788123734460
9788122507966
9788123747941
9789391242121
9788174531919
9788123733272
9788123750682
9788183226790
9788189645106
9789381575734
9788121925082
9788130100388
9788183552127
9788121941228
9788121942379
9788121940900
9781405971270
9788174461391
9788123700274
9788185873022
9789382127086
9789355435705
9788177580471
9788177580488
9788186050156
9788126531059
9788183231008
9788125907671
9788130910772
9780070706651
9788170946281
9788170944744
9789325963962
9789325968851
9780230327726
9788121929585
9788129114860
9789385329425
9788121923798
9780143450061
9789355735546
9788123758480
9789353521219
9781880687376
9789381069158
9789381156117
9788125942504
9780199479719
9789380358499
9788171818181
9780199479757
9789354971624
9789354971761
9788196908874
9781107640542
9788184620221
9788171390007
9788189645267
9780230525115
9788173197581
9780764575648
9789386769893
9788174531278
9788186026366
9788184876925
9789380358598
9788193181911
9789698957483
9788185396149
9781107662919
9781444144161
9788120728882
9789380156538
9788126528097
9788176000000
9789385980909
9788121927413
9788121927284
9788120333420
9788125941941
9788121923453
9788121924610
9788120347984
9789382730057
9788189645113
9789381390412
9789381390429
9781250457981
9788181805904
9788188573622
9789381302378
9780230527287
9788180520280
9788131910771
9789350620779
9788175364516
9789351199434
9788125931294
9780143418870
9788174530660
9789351191902
9789325963917
9788121941501
9788171818167
9788171818198
9788188573929
9788170543695
9789312140239
9788184420517
9788120720909
9788174469335
9789380299129
9788181804365
9788181803436
9788181803719
9788181803399
9788181804372
9788181804259
9788181804266
9788181804273
9788123755014
9789353521448
9789354918742
9788123744377
9780521135177
9789352036837
9789385929274
9789352512874
9789352039722
9788132107156
9789351197188
9789350040423
9780521255165
9788194754046
9788194662808
9788126528370
9788185240732
9788195268733
9788186623060
9789394852099
9788170543800
9788184620849
9780143470724
9788131905951
9788184355352
9788174468543
9788121941556
9780241648995
9789382291985
9788120325951
9788170215165
9788174468451
9788125937005
9789381162910
9788131900369
9789383154203
9788170217374
9788170543619
9780070603493
9789325986732
9789381431788
9788123710846
9788172866938
9788123756929
9788184875119
9788131235195
9789351073826
9788182095540
9789325963931
9789354331824
9788186270288
9788189645441
9789352530427
9789352530434
9789352530458
9788193036129
9788131910108
9788192571003
9789380397221
9788186026229
9789381302576
9788185396422
9788190541565
9781259001673
9780230327252
9789381335208
9788170543015
9780198755944
9789389691795
9789391820282
9789351611622
9788121926461
9789382127130
9788189904333
9788121938532
9788131246993
9789351073604
9788185240909
9788123905334
9788174469298
9788190629447
9788186563106
9789985099032
9789380033761
9788190410816
9788131902059
9788120338180
9788120342798
9788120324404
9788184874051
9788121920919
9788180521140
9788189928223
9788131515969
9788120321076
9788121905145
9780521736411
9788175967328
9789350040263
9788172131432
9788170945246
9789381162149
9789380618593
9789389949421
9788185396507
9789384987107
9788182836839
9788188237104
9780367334703
9789350271827
9789350271667
9798123913352
9788120339699
9789381162644
9788121912617
9789380376301
9788120330023
9788123914305
9788174468390
9789384566029
9789350043127
9780199461066
9780143450047
9780857506436
9788123745329
9788123740584
9788131911679
9788131908075
9788186706718
9788120309180
9789381162224
9788120343160
9788170944225
9788170947943
9788132111658
9788184722376
9788120764767
9789386832320
9788125064145
9788170219125
9789386041692
9788125600060
9789390735716
9788170893011
9789325975170
9789380712789
9788180563966
9788176631105
9788181981677
9789360743062
9789352138111
9788121929462
9788131716540
9788176711364
9788184893281
9788123734965
9789353526948
9780198840886
9788194787020
9789391067410
9780190881467
9788184355369
9788178623702
9789388302241
9788174533258
9789386092373
9789351444930
9789351444909
9788120739185
9788131908273
9788189645090
9788180520532
9781403926685
9789384761141
9781512097726
9789351039839
9788123778808
9788192196855
9781137535573
9788183243841
9788189161941
9789937203630
9788122419269
9788122484038
9788122449525
9788131908686
9788125910510
9780190130602
9788180520877
9788131907443
9789351032809
9788190143684
9789353528218
9788123765501
9788182095786
9789381431603
9788172764395
9788131905258
9788170212898
9788192999081
9789385039324
9789350121948
9788175242111
9788122201406
9788180560361
9788121929141
9788121929189
9788190864213
9788126319558
9788192465333
9788191024067
9788183770927
9788180903243
9788174531568
9788171566082
9788122200805
9788131901526
9788193095782
9788176553193
9789381302644
9788122201789
9781474713207
9789380152691
9788170947097
9788174469045
9780230328365
9788182813670
9788174465009
9789380156521
9788189645434
9789382358732
9788186618264
9788126542918
9788125918608
9789353521905
9788184870879
9789311127385
9788123721101
9789325987586
9789353525651
9788174468840
9788126540617
9788189059194
9788121928328
9788185396613
9789382400271
9789380250472
9780241634653
9788183231015
9789380397245
9789380607030
9788176000048
9788174466624
9781259003844
9789382186205
9788125953081
9789383746804
9788174468772
9780706989670
9789380397528
9789327227932
9788190705394
9788185396088
9788184877021
9798123911525
9789385936067
9788120349445
9788174468673
9789387747135
9788131532058
9788174468604
9788121922173
9788185173979
9789352806461
9788178001937
9788126556014
9788121932271
9788121932295
9788120305724
