9789367256176
9789367255278
9789367257456
9789367252833
9789367252949
9780190132262
9780190132286
9780190132293
9780190132309
9789386102591
9788126340101
9780143462040
9788130900315
9780143473619
9788171859931
9780143470731
9780190133061
9780190133085
9780190133054
9780190133177
9780190133184
9789354974205
9789354971402
9789354972249
9789354974489
9789367250082
9780190133771
9780199496556
9780190136949
9780190136956
9781382045377
9789367255087
9780190137250
9789367253793
9789367255100
9789354975356
9789349941649
9789349941007
9789349941731
9789349941762
9789349941489
9789349941496
9789349941861
9789350233924
9789351101147
9780198396383
9780198396390
9780198396406
9780199491247
9780190127183
9780190127190
9789354977558
9789386347206
9788172339968
9789351107866
9789386237996
9789352133888
9789352137138
9788184047844
9788173668555
9789352134410
9788130910116
9788126303823
9789349941175
9789361032400
9789361031311
9789361032714
9789367252499
9789361033971
9789361034411
9789361033124
9789361033728
9789354973468
9781382072717
9781382072724
9781382072748
9781382072755
9789361032837
9780190135560
9780190135621
9780190135720
9780190136871
9789373745077
9788126315345
9789373741604
9788126330256
9789361037351
9789361037603
9789361038112
9789361035067
9789361038495
9789361033766
9789361036934
9789352134175
9789352133017
9788175543362
9789326353090
9788126309399
9788126313358
9780143473633
9789386102614
9789387919679
9789361032417
9789361039188
9788172160142
9788171853939
9788126564842
9788130908427
9788172332747
9788172336677
9788172335267
9788172337681
9788171858026
9788175542174
9789352136575
9789387925038
9788130933672
9789386102638
9788171853908
9788196171186
9788126310319
9788172338268
9780749453763
9788172339241
9788172160760
9780749451561
9789352134670
9788173660764
9788130909059
9789351104520
9788176499996
9780749459611
9788184047066
9788126340163
9780190136123
9780190136864
9780190136888
9780190133245
9789361030857
9789361037016
9780190135546
9789390542246
9788126313556
9789387925007
9780190136147
9780190136154
9780190136161
9780190136178
9789351105664
9780143468288
9788172332549
9789387925403
9789352134045
9789385919275
9788172333188
9788172335915
9788172160500
9789350236338
9788176497060
9780190120627
9780749442378
9789326351669
9789350236499
9780190121433
9789373744971
9789373749761
9789373740096
9789373747590
9789373742410
9789373744162
9788126340804
9789389401813
9789389166095
9788130934266
9788130934112
9788130933627
9788130922164
9789386385062
9789385919787
9789361031472
9789361039447
9789361031175
9789361033759
9789367254189
9789367255353
9789361034596
9789361032066
9789361033629
9789361032929
9789367259610
9789367257074
9789367255339
9789367250396
9789361038204
9789361030833
9789361039829
9789361033070
9789361031793
9789361032158
9789361032639
9789361034930
9789361036262
9789361034732
9789361032363
9789361031052
9789367250266
9789367254585
9789367256992
9789361033513
9789361035951
9789361036033
9789361035937
9789361037535
9789361030246
9789361031199
9789361035005
9789361031045
9789361039362
9789361030505
9789367256534
9789367255308
9789367257036
9789361038549
9789361039621
9789361031939
9789361030628
9789361039959
9789361036071
9789361030864
9789361032783
9789361037399
9789361037665
9789361039775
9789361035777
9789367255469
9789367259740
9789367251300
9789361036279
9789361035081
9789361034527
9789361038938
9789361037474
9789361039430
9789367255599
9789361036231
9789361033117
9789361032981
9789367258750
9789367257883
9789367259580
9789367259986
9789361039980
9789361032233
9789361037085
9789367256879
9789361036354
9789361036019
9789361038785
9789367251614
9789361034923
9789361036491
9789361032202
9789367257982
9789367251348
9789367252611
9789367255988
9789361032257
9789361031687
9789361030970
9789367254660
9789361038709
9789361030208
9789361031878
9789367252352
9789361030147
9789361039485
9789361036453
9789361038266
9788130932422
9789386385499
9780199490394
9780199490462
9789373748108
9780190127329
9788130926476
9789390659289
9788126319152
9788126307777
9789326351034
9788126301966
9789386102782
9780190121440
9789352135110
9789352133604
9789350237113
9789350233580
9788126316601
9788130910192
9788189902360
9789350238165
9780143461388
9788126309276
9788171859672
9788126303991
9781865086446
9789381839645
9781844471614
9789350236307
9788172337650
9780367025304
9788130906669
9788126309283
9789386105028
9781471804106
9788176496148
9788184950847
9788173668975
9788172160050
9788130926506
9789385919435
9780749451158
9789350239438
9789381839607
9788126302109
9788130914985
9789350237397
9788195832491
9798175541282
9788195304639
9789387004016
9788126303908
9788172161064
9789352133901
9789352132683
9780749443245
9789352137565
9789354978227
9789354978081
9789354978104
9789354978289
9789354978067
9789354978159
9789354978043
9789354978197
9789354978135
9789354977602
9789354977589
9780190137281
9789367251881
9789367250570
9788126301959
9788175540965
9788126330669
9788172332044
9788189996017
9789352137046
9788130923642
9788130934150
9788189902469
9789352135769
9788130915890
9789352134113
9789332555358
9789352135165
9789386237118
9780749447793
9788175542556
9789386385772
9781598697186
9781634607810
9788172332853
9780749449247
9780749446581
9780749449049
9789351102885
9788175541986
9780749445164
9788130904177
9789354972065
9788175545731
9789352137596
9788130926919
9780749445324
9788175541993
9789381839966
9789351108566
9789352135127
9789386237095
9789352133932
9780749449100
9789352134052
9780190136567
9788126310999
9789352134656
9788184040760
9789326350211
9789352132850
9789352134465
9789354979378
9789354979392
9789354979323
9789354979361
9789354979385
9789354979408
9789354979415
9789326351652
9780199469727
9789354979224
9789367259825
9789354979248
9780190137182
9789354979941
9789354979644
9780190137199
9789354979590
9788126318940
9780190121358
9788130933726
9788130907475
9788130910130
9789354979927
9780199469710
9789354979217
9789354979170
9789354979163
9788126307883
9788171851294
9780195656091
9780195657739
9780195661187
9780190133610
9789367254066
9789367256732
9789367255667
9789367257180
9789367257081
9788171852857
9788130908410
9788130913698
9788130923741
9789392299049
9789385919282
9788176499675
9788171857586
9788181435040
9788130906270
9780749442415
9788179915097
9788175545632
9788130902517
9780749451523
9788126305179
9788126314782
9788126310968
9788196410926
9789326351386
9789352134199
9788130913445
9789350235034
9798175542098
9788126340842
9789386392404
9789381189665
9788184489446
9789355320797
9781801996747
9789388372244
9788122313888
9788122313925
9788122315790
9789386224200
9789385152689
9788119300990
9788122308594
9789387578777
9788122420319
9781107696693
9789380428178
9789394201316
9788177394573
9788187671169
9788172701468
9788185680354
9788120827936
9789382711025
9789382711049
9789384266028
9788189928834
9789386484635
9789352741199
9789382711032
9788122436242
9788122440447
9788122439595
9789351034032
9788186791097
9789350718766
9788196175177
9788125060253
9788125063742
9788173819902
9788183212953
9789814237086
9788122312607
9788194969211
9781484294123
9788185578491
9789387968011
9781484252147
9789350486467
9788120822436
9788177212716
9788177391176
9788192228709
9788186117316
9788122431605
9788184777437
9789352665655
9789395308748
9789387578272
9788125930914
9788122421705
9788199625525
9788122440522
9788173715686
9788193446102
9788178442709
9783446216976
9789354771828
9789382310389
9788185119427
9788185211749
9789389152005
9789351861652
9788185094403
9781405966733
9788122414578
9788181760432
9788122484601
9789371001342
9788193432075
9789383110995
9789386224811
