9788170947455
9788185396637
9780199474028
9788126548569
9788180522895
9788190208697
9781408507568
9788180521393
9789353528416
9788123722344
9780195607703
9789353528454
9789353521486
9788123779973
9788123707518
9788170543220
9789389833409
9780143465430
9788185984902
9789350462317
9789354353413
9788190662239
9789381162262
9789380397160
9789380456621
9788120747760
9789380250021
9781942483212
9780070648180
9788120345041
9788123748801
9788120775275
9788180563782
9789325977587
9788178623740
9789353525644
9789353523602
9789353522537
9788184877267
9788123766959
9780199470846
9780199488292
9780199488360
9788131906149
9789354972997
9780199451098
9780199451043
9780199470990
9788184731187
9789351444480
9789390911950
9788131910146
9788178621463
9788174530370
9788121926232
9788120615700
9788174534101
9788131910979
9788174468888
9788174462459
9788120301160
9788174469274
9788183230414
9788125913085
9788192723297
9788123731308
9788195983797
9789390085842
9788180546853
9788121924306
9788170945178
9788174467287
9788186307090
9780801047558
9780952274469
9789608616387
9786188331242
9788195028726
9788121941853
9788176553131
9788121927000
9788121935258
9789387994874
9789386546319
9788120327276
9788120348349
9788121932462
9788184350043
9780834757738
9788180387623
9789380156682
9788173194993
9788131917008
9788122507379
9788120344594
9788120320550
9788120334519
9788126512713
9788126543328
9788122415797
9789694073774
9788122203158
9788181285690
9788126507900
9781403921932
9788174530035
9789351424444
9788122205749
9788122506440
9788186050019
9788121616874
9788122508062
9788180900785
9788126552672
9788121501828
9788174532978
9781840598155
9789350464892
9780199470884
9788123779102
9789351450221
9789350070260
9789351416319
9789351416142
9789353529352
9789391004583
9780198418917
9780198395799
9780198408444
9780198408468
9781237526754
9781237526761
9788183770248
9788170543886
9788190655170
9789367254042
9789367253823
9789367251621
9788194049449
9789355205889
9788184875065
9788126538683
9788122200430
9788173195075
9788122449501
9780199480432
9788121922968
9788121911610
9780199483273
9780199483280
9789385676567
9789385676581
9789385676604
9789385676611
9780199481804
9780199467402
9780190121822
9780199460311
9788121925747
9788174530561
9789382400295
9788120334441
9788125906308
9788181914293
9788174530585
9788128026027
9789367257722
9789367257753
9789367251997
9789367250433
9788123710006
9788123716800
9789386561930
9780241807460
9780706999280
9789630538718
9781952692086
9788170543480
9788132117940
9789385676161
9788121933728
9788121933629
9788189645250
9788122202571
9780199484911
9780198728092
9780190129095
9789350974414
9788122204209
9788123792507
9789937109710
9788123728278
9789694071299
9789694480329
9780970184801
9780071240024
9788174531681
9788120739819
9788120739833
9788126900114
9788184355123
9788188449989
9788131944486
9788120757417
9789388159548
9789388159555
9788175249424
9788181281807
9788184350814
9788183990967
9780195667332
9789694963464
9780803995048
9789694251004
9788177001952
9788174465719
9788174531889
9789353282967
9788132232605
9788131900994
9789810621117
9788174532626
9788174530332
9788185396095
9788180565434
9788180566301
9788120417526
9788121903356
9781259006500
9788131216415
9789387015814
9788132232438
9789698721206
9781581138184
9788178815930
9788174462114
9788126551927
9788126544844
9780199494576
9788126548781
9788126525874
9788125909330
9789350620069
9789350780190
9788121909976
9788183230131
9788174468307
9788120798885
9788132101192
9789352033188
9789353527105
9788186270011
9780199467419
9780199467426
9789367259221
9789367251218
9789367253984
9789367254974
9789367251973
9789353528140
9788123747354
9788184621396
9788174531360
9788192555720
9788120727311
9788170041900
9789352340910
9788186103814
9788123751108
9789350620274
9788183990233
9789388653602
9788126541089
9788180522994
9789380397542
9788184892772
9788121939829
9788131906019
9780304331710
9789380397559
9788190223997
9788125952053
9789381043318
9788174531865
9788189147051
9788126909827
9788122204469
9789698460235
9789384247348
9788131243121
9781529982015
9788184650532
9788188449729
9788174465955
9780190128166
9788186050248
9788174468345
9788121900379
9788121929844
9788121922807
9788121919340
9789352832200
9788121924238
9788190607223
9781788284080
9780199464074
9780199482276
9780199482283
9789352030644
9789350941195
9788123766508
9789353520021
9788123741369
9789387860391
9780143103028
9780143064848
9780230226340
9788121929707
9788180904066
9789384986087
9788174530523
9788170501152
9789385887314
9789351039808
9788184774832
9788181807427
9789386858931
9788174468420
9780199464098
9788184082234
9781843545033
9788172764869
9780521898799
9788121937887
9788170946496
9788123744261
9781259062742
9788120338517
9788126522897
9781629025681
9789350040492
9788174530141
9788174468536
9788123922539
9788121938341
9788183241977
9788174530837
9780071072526
9789381302798
9781439081754
9788170947899
9781845570293
9788120755727
9789382322153
9780190132712
9788184896534
9789325794115
9788177588927
9788121904315
9788180546129
9788125600008
9788121931304
9781591749356
9780070145832
9788170944263
9788170945079
9788184121711
9780070667129
9788125942672
9789356405202
9789354550614
9788174467843
9789383643530
9781409308591
9788185038872
9788125952046
9789355432377
9788123743417
9788175249318
9788123741147
9789351197195
9788126523955
9788126508648
9788123779768
9789353527655
9780195667356
9780195667363
9788178623788
9789353523664
9780230527294
9788170947622
9789390718337
9788119243303
9780071332453
9788184770032
9789390924011
9789390585359
9788170949763
9781506358529
9788132116011
9788125927938
9789382322078
9788180521997
9788170543671
9788181803511
9788181807571
9789386299437
9788121930994
9788125949626
9788180300820
9780333929339
9789380200118
9788170946540
9789325975149
9788180566905
9781316616321
9789386515100
9788170544999
9788121926393
9780070659711
9788131901816
9788131976432
9789325981348
9781405973243
9789383076062
9788175971288
9789355433114
9788186049051
9789384247492
9780070707009
9788185861371
9781805336549
9789350043202
9788174468437
9789694072807
9788188629169
9788175365049
9789694070810
9789380658896
9781523089017
9788185952819
9788185921013
9788184621341
9789325980921
9788123761855
9788177589351
9788174465689
9789694962801
9788188237999
9781529186376
9781645703471
9788176554961
9788121998062
9788173591235
9788120722460
9788131976272
9781529981988
9789388241694
9780857509710
9780333778227
9780706977585
9789386293510
9780143470717
9788183240925
9783030115777
9783030115784
9788180522406
9788125916635
9788189645243
9788190339797
9789385039379
9788183224123
9788174467089
9781032634265
9788190662109
9788189645236
9788123781334
9789380376745
9788189301064
9789385401329
9788121936088
9781632876577
9788121937863
9789387604889
9789311128887
9788195316038
9788132113638
9789699370052
9788174530158
9781406774207
9789351503217
9780606368889
9780008140250
9788123731322
9788180565564
9789390818075
9788121939577
9788174504814
9788174507044
9788174530226
9780199492084
9789383234875
9788181801968
9788182093515
9788126550838
9788193231951
9788121931236
9781942426752
9781572842854
9788175974395
9788183225625
9789350092361
9789351033219
9780702028267
9780070590533
9781843653592
9788181466082
9789325975163
9789380607276
9788126560912
9788188573981
9788170543855
9789382358756
9788173872242
9780435996956
9789352921515
9788120324138
9788183572873
9788189645809
9788189645700
9788174531452
9788175962071
9788131225585
9789384850036
9788177669640
9788120777040
9788126536092
9788120789944
9789351073819
9788120789838
9788119079490
9789354914485
9788123761916
