9789353227623
9789390713929
9781009671439
9781403928504
9788194752837
9789388754422
9781470409326
9789388005173
9788177393415
9789384385101
9788122003383
9789351380511
9789386870230
9788131759479
9789937292375
9781107643918
9788189424589
9781484283769
9789380037226
9788185094793
9788184976137
9788184979442
9788184979473
9788174457103
9788178692463
9788175364509
9788187075806
9788178241678
9789383110223
9788131913369
9788130100128
9788199281905
9789382565826
9788178242040
9788185263830
9788185119816
9788185119984
9789381063385
9789350716120
9789380428758
9789354420504
9788175414730
9788125055426
9788181820518
9789385724251
9780143425861
9780143460961
9788170701057
9780143457664
9788170168096
9788190554718
9781009506526
9781259062704
9788125047292
9788184050370
9789381626528
9789348292230
9781484284049
9788126554881
9788172112189
9788196827427
9789359030661
9789391490966
9789381626894
9788125015857
9788188791217
9789385509087
9788120844063
9788123019765
9788125059851
9788125054504
9789353225865
9789380428123
9789392573606
9789351862642
9788190717311
9780143441083
9788120840751
9788120835184
9789391430061
9788119129546
9788125055396
9789386054777
9788121703185
9788188279685
9788122313796
9788180318740
9788180318757
9789386054692
9788183210997
9788192009070
9789395161435
9789387886773
9789350486481
9788184975253
9788179061633
9789386826800
9788120821149
9789371004886
9788178441207
9781451186345
9789383283224
9789350710111
9788171947843
9788170702764
9789393159168
9789384716738
9789386711526
9788125062370
9780143456858
9788179930700
9788183211291
9788125047193
9788125063261
9789388925402
9788184780987
9780199464746
9788178693521
9788178691930
9788178061153
9789351448686
9788173819872
9789387511064
9780143458821
9788171947577
9789385152351
9789388689861
9789380283395
9789381626122
9789380658452
9789380658209
9788187671336
9789380283289
9789383260416
9788122309911
9789360805630
9780143462101
9788178061078
9788178690940
9788179930847
9780007438570
9780007415472
9788172235567
9780007493593
9780007493463
9780007446421
9780007341245
9780007415649
9780007438631
9780007438648
9780007493470
9780007493494
9780007493500
9780007493531
9780007493548
9788179775349
9788173716102
9789350718094
9788183990011
9788184898118
9788131808566
9788170086697
9788131808214
9789360806163
9788177394795
9788181285607
9788131805404
9789382358992
9780198066774
9788122432060
9788178001562
9788195241231
9788183990028
9788173713323
9788130100265
9788190042291
9780521728416
9781837267378
9780836428612
9780857426796
9788125052500
9789388754040
9788185094175
9788174452559
9788176935586
9789350486399
9789332535855
9781484267271
9789388983877
9788122312379
9789358874495
9788178694757
9788174455017
9780143460886
9788186791769
9780070146075
9789382609766
9789389351446
9789380565491
9788180280221
9788188569595
9789993387589
9788126519316
9788197061042
9788194124351
9789386054180
9781265200558
9788187680079
9788174453570
9788173713002
9788122417845
9788174453556
9789348734099
9780198092094
9788195007905
9788192850740
9788173713101
9789381703106
9788122400908
9788178694658
9788170709688
9788170709718
9788170709725
9788185094540
9788183240956
9788131708330
9789350486221
9781407557885
9789389698688
9788121500012
9788122420449
9788125042983
9788125043706
9788125055600
9788125064213
9789380848273
9788183212816
9788131944790
9789382310044
9789350717462
9788185094267
9788126923823
9788170340928
9788178695105
9788125053910
9788183711722
9788189757328
9788183211369
9788174455857
9789382174431
9788122439953
9788173716782
9788195279784
9788125031512
9789349322318
9788125052241
9781685633325
9788173703096
9789350482117
9788125056089
9780986107719
9788183990875
9788170193234
9780863113765
9788122436556
9788122440164
9789694023786
9788170005568
9788184890273
9788122427578
9788126557622
9788196071691
9788122312553
9788125014805
9788125014041
9788125041047
9789385724008
9788125060802
9789386689115
9789382741275
9788180142253
9781873806913
9788173710926
9789384028282
9788184620450
9789350486238
9789350486627
9780230330597
9788171946495
9788197152207
9789386070227
9788170702290
9788170702306
9789390514618
9788183212373
9780143441946
9789325978591
9788177000221
9788187325369
9789358872248
9781032296579
9789382741985
9788126532476
9788181289162
9781138581944
9789327295696
9788171949984
9788126532469
9789381068335
9788122435047
9789389477023
9788122430059
9789350364574
9789351382805
9789351381525
9788125033738
9788189982409
9788179680636
9788183320337
9788183320368
9789350366202
9788125063247
9788125059523
9789386316264
9789386316271
9789885680828
9789350719008
9788125045632
9788170701941
9788131769577
9780861314416
9788178242545
9788192196800
9789380741031
9788170707387
9788170707394
9788170707400
9788170703365
9788170703372
9788170703389
9788170703020
9788170701477
9788170701491
9788183212571
9788122435672
9788127251079
9789380037110
9788125024958
9789351038665
9788184970906
9789359718316
9789357467971
9788125002727
9788184778809
9780670092932
9788170081494
9788183324694
9788183324717
9788125032168
9789386316332
9789386316431
9788185680712
9788125055440
9788180221507
9789350375907
9788131756140
9788122418002
9788176936927
9780670099009
9788184972047
9781009197731
9788192084046
9788125055853
9789393987051
9788173155642
9789388754095
9789383805099
9788127226329
9788183211253
9788183214988
9788171671991
9788125030492
9788170521921
9788185731674
9789382396239
9781470425883
9788122484663
9789392013508
9788178243504
9781107682825
9788121504744
9789327277678
9788186791271
9788186791332
9789388689168
9789386850324
9789354712524
9789352606931
9788183820769
9788193824702
9788122439694
9788183211574
9789350717417
9789390735976
9789384139100
9788177001044
9788185116587
9788178694696
9788122400748
9781474892162
9789381496749
9788178555119
9788131610381
9789385152085
9788173716386
9789352550821
9788196175184
9788125051749
9789350481158
9789348292292
9780143429777
9781927559208
9780670082346
9788182744370
9788122001877
9788178243160
9780761995005
9788173710056
9788195008063
9788125015826
9788188071715
9789388266895
9788185094908
9789395161558
9781138491052
9789380565743
9788196175160
9788125035343
9788175821293
9788125052050
9788122418965
9788175967199
9789327275148
9788182964112
9789386379900
9788122428186
9788122428179
9788125029106
9788188569403
9780521531412
9788131206249
9780521134514
9788125904663
9788122315455
9781529195408
9788186004739
9789360804084
9788122440614
9788122440621
9789350487198
9788172241148
9789352660292
9789388689687
9789347265440
9788184540819
9788185680972
9789385445248
9789351033318
9788122316131
9788122316148
9789353527068
9788193826393
9788197876806
9781470437350
9788124608135
9789351031338
9788120839885
9789385445019
9788190722117
9788185263670
9788125042884
9789381458273
9788193231968
