9780199459100
9788182963979
9788170709558
9788184979732
9788184979749
9788122427998
9788131808511
9788122419054
9789352606818
9788122416497
9789395161411
9789380428987
9788183326254
9788183326292
9789351200130
9789355213839
9788120304093
9788125010883
9788173715730
9788172113322
9788173711237
9789386110367
9788122403800
9788193498323
9788122439281
9788184978063
9788127241285
9781406389289
9789359665528
9781801996754
9789353764746
9788173719530
9788122449945
9788122313857
9788178241333
9788185119267
9789350367766
9788183329095
9789350367759
9789382618201
9780863114250
9780195615722
9788181468246
9789381626870
9789381703021
9781639573493
9788178124407
9789386418197
9780199480500
9789386578075
9789389600452
9788194538066
9780143460893
9789384579784
9780143462033
9789380037066
9789384872557
9789353223489
9789382711377
9788183324823
9788183324830
9788183324847
9788183324762
9789350366394
9789350366370
9789350366387
9789350365298
9789381458105
9788183329705
9788125056713
9788170193753
9798885215015
9781250321411
9789350127179
9788193432099
9788178690759
9788185116426
9788122425888
9788122402070
9789386552709
9789350364802
9781470437367
9788185116617
9788125036852
9789386110398
9789382471509
9788183990479
9788125021827
9780863114069
9789386070890
9788195028719
9788131514887
9789373013619
9789373017976
9789373017518
9789373015231
9789373010458
9789373011851
9789373011295
9789373010618
9789373011233
9788125042020
9788183322911
9781474814102
9788125038672
9789369523283
9789395161756
9788125059202
9788125056065
9788122305128
9780195793635
9789388754279
9789386870544
9788170706212
9788170706229
9788170706236
9788170706243
9788174455246
9788125018506
9780143460923
9780143456711
9780143460954
9788188791200
9789394534780
9788188790357
9788121703161
9788120841659
9789383260263
9788170707431
9789332551787
9788131758496
9789332549906
9788131723548
9788131968352
9780670097692
9789359666051
9788173716522
9780367268244
9788183210553
9788194369646
9788122411690
9789395161442
9789395161145
9788125013464
9788122432053
9788183213783
9789327252323
9788183602105
9788183321716
9788183321747
9788183321754
9788185094847
9788170560944
9788170193296
9789356760370
9788183211390
9788125035497
9788177588859
9789385621260
9788125056195
9781484248249
9788121803670
9781484267493
9788125021773
9788196147082
9788125052586
9789383110636
9789357603195
9788174452368
9788121502771
9788192485409
9780007341818
9789385274558
9789358529050
9788122434057
9788122434347
9789351448334
9788195207565
9788126525997
9788126518616
9780074600559
9789383684472
9788125037156
9789385621383
9789327221145
9788173802003
9788185119977
9788173819957
9789353490843
9788122479294
9789349805781
9789392064319
9789386845801
9788125047476
9788178243443
9788126515271
9788183326841
9788183326858
9788183326926
9789350362570
9788170333241
9788188569915
9788182748507
9789388984423
9788181583420
9788122300383
9788122313819
9788122314786
9788122314441
9788122314427
9788122313833
9788122314991
9788195984404
9780143462163
9788170704072
9789352656257
9789387578944
9789839604467
9788125031604
9783709148938
9788170690368
9788186791875
9788183329330
9788184305241
9788175224308
9789385077463
9788171104888
9781403924735
9789350487136
9788173719035
9789351380139
9789350486252
9789352768370
9789351551331
9788125058793
9798886291438
9789350123218
9788186906118
9788131792100
9788125042792
9788184979718
9788193753873
9788186470220
9788172113155
9788174454119
9788174454102
9789350486696
9788186791752
9788185263786
9789394262089
9788120822429
9788125055402
9789391297299
9788122415612
9788120821750
9788172760823
9788188569342
9788122310269
9788178693743
9781506271422
9788190082389
9788184777185
9789351032359
9781730125201
9788127206307
9788120827974
9789355431219
9789361134500
9788184300475
9788122310771
9788170704140
9781484284940
9781644213568
9780143460909
9788122306798
9781484285299
9789350490051
9781259029455
9789356764125
9789382454304
9789386224774
9788187032335
9789388754354
9789351031956
9788182964877
9788170709756
9789385724237
9789380550640
9788122311884
9788183210652
9788185094182
9781316981320
9788126511884
9788122484588
9788187680062
9789385923593
9789390022472
9788189738204
9789387506558
9781472348456
9788125034001
9788132231240
9789371004480
9780187218528
9788186791349
9788194133933
9781009665759
9788122402452
9788183327763
9788122432565
9788195012060
9788126515707
9789358984163
9789351215059
9788173715303
9788131207963
9788125004295
9788170705352
9788170705383
9789387578418
9788172702458
9789351863038
9788131711088
9788122421361
9788131808115
9788131806432
9788190856003
9788131808191
9788190856096
9788131808061
9788170084044
9789351382102
9788131808160
9788175416208
9788125036609
9788125042143
9780670099184
9789353528942
9780143463047
9789382618805
9789370039841
9789384244637
9788131809075
9788181372789
9788198740519
9788131808498
9788175300538
9789381120347
9789386691415
9788120830165
9789389368611
9788178694986
9781584795865
9788125918691
9788185116693
9788194159735
9788194159759
9788121929684
9788125039174
9789381162095
9789381075180
9789381075197
9789348734662
9789327287332
9788131256510
9788181915320
9789327252194
9788183214964
9780545152969
9788122416763
9788125023357
9788121507127
9788185293004
9789388754484
9788178244693
9789391024451
9789389143881
9788172113667
9788122439267
9788122415803
9788176292252
9789385152436
9789387023680
9789387023697
9788185094410
9788189093198
9788189093327
9788173819964
9799693517520
9789386552877
9788189888954
9788170623632
9798885750820
9788197605703
9789349919723
9788173713231
9788173714658
9789360454821
9780836413717
9781457316746
9788185094342
9788171107605
9780143444640
9788193945186
9788196690069
9788173713132
9789383260171
9788120842953
9789390514090
9781138227095
9781009457378
9788173811081
9788120310490
9789357600309
9788193747056
9788172241193
9788121507998
9781445481043
9788172111144
9781470409173
9788180142567
9788173716638
9788122431391
9788125036012
9788125015901
9788188043149
9780143456773
9788184890259
9788181378781
9788181371461
9788181377159
9789388632119
9788181378729
9788181378705
9788181378910
9788181378927
9788181378934
9788181378941
9789386500311
9788181379672
9788181379689
9788181379696
9788181379702
9788181379719
9788181379757
9788181370877
9788181370884
9788181375964
9788181377890
9788181379894
9789385914010
9788181375568
9789384030377
9788125032397
9788125053446
9788187680017
9780863113680
9788178290119
9789358870770
9788119235827
9789381626016
9780691260303
9788181930286
9788189854386
9788178241661
9788174457028
9789395533225
9788184970562
9781407533803
9788125053354
9788184970579
9788188569274
9788178440187
9781032374444
9788186921784
9788173715365
9788173715396
9788173712999
9788174457196
9780861252961
9788188683390
9788122439915
9788172111618
9788178693514
9788185094823
9788125051787
9789386850362
9780143453796
9788183211727
9788131961421
9789382358770
9788125051763
9789395245302
9789386418104
9788181930460
9788120827516
9788182963436
9788197121173
9788173714498
9781801996600
9789390713851
9789357600590
9788187326854
9788126527298
9788126509751
9788126524570
9798885750837
9788170623649
9788197605734
9788125042679
9789380550497
9789352754915
9788125026426
9789370034938
9789385854811
9780143460541
9788185680361
9788189920777
9788184951394
9789380550350
9780195604429
9780367269449
9788177581515
9788193324301
9788193324356
9788189403089
9780143460916
9780761997153
9788192544519
9789699903021
9788193445983
9788192135205
9788183211482
9789368536406
9788122315844
9789384406554
9788122315783
9781542044172
9798885913652
9788122203943
9788174532817
9788122201512
9788190074551
