9788171855889
9788171858156
9788171853076
9788171856466
9788171858675
9788171858934
9788171857982
9788171859535
9788171857937
9788171858743
9789352133468
9788175542457
9788175542228
9789351108450
9788184046892
9788126309351
9788172337568
9788172162399
9788130908571
9788126309382
9780199485383
9788126303885
9789367257616
9789367255490
9789367257678
9789367259306
9789367251119
9780143470786
9788172161521
9780143468196
9781851685073
9788176495080
9789367250341
9789367257760
9780143460343
9788172336332
9788184046984
9788172336905
9788172330255
9788184041576
9788126320950
9788171851645
9788172331658
9788172331085
9788126312351
9788119014965
9788184044171
9789386347008
9788172339111
9789386347015
9788172339128
9788179546949
9789352135554
9788126308453
9788126309979
9789386347053
9788172336233
9788172337544
9781510434929
9789352135035
9788187798781
9789386347190
9789355184498
9788126307401
9788172335717
9788172335816
9780190136130
9789351108474
9788176496605
9788176496599
9789385919503
9780749442125
9780749454555
9788126314065
9788126301300
9788126303861
9788171851027
9788126320547
9789352132447
9788172336110
9789352133475
9780749456283
9788126317288
9788130909967
9780749443344
9780143465584
9789352131525
9788184049749
9789352134700
9788184048322
9780749460891
9788126314478
9788130910833
9780190137939
9780190137915
9789361030338
9789361033957
9789361031434
9789367252536
9789367258002
9789367250075
9789373747347
9788184047158
9789352133345
9788184047165
9789351100256
9789354977855
9789354977879
9789361035166
9789361031625
9789352132911
9781444180732
9781444198096
9789326351485
9780749451127
9789326354448
9788195411009
9780749451660
9788176494403
9788126340774
9788126312467
9789380108810
9788184047141
9789352134472
9789352136513
9780143465904
9788176496872
9788130909042
9789351101277
9788176494601
9789361038419
9780749446512
9788190904612
9788130919126
9788130900193
9788130927404
9789352133567
9788130917184
9788184044133
9789352137572
9788184046762
9788126305322
9780143471455
9789352133741
9789352134298
9780340847008
9789352136049
9788126308927
9789352132935
9789352133642
9789351100768
9789352132942
9789352134311
9789352135271
9788173669477
9789351109938
9788172160036
9788126303472
9788126306183
9788131215418
9780763796396
9789339203405
9781138581715
9780195696431
9780195696448
9780195696455
9789326351331
9788184045567
9789383158577
9788184046786
9788171855377
9788126340941
9789350239995
9789367254738
9789367253250
9780199455294
9780199455300
9789367257487
9780199455355
9780190127978
9780195619294
9789785237405
9788187798514
9788187798422
9781444191974
9788187798446
9788172162160
9788172162108
9789352132041
9788187798149
9780749443214
9788126306213
9780143457602
9789389662528
9789382110217
9789350001561
9788182529649
9788173666780
9789383158089
9789352137947
9788185046174
9788172334949
9789387153066
9780749442323
9788179912331
9781784159399
9789367255728
9789367252154
9789367259573
9789367255889
9789367254004
9789367254813
9789367255605
9780195686524
9789352137800
9780749446628
9789351104247
9789350231227
9789388386999
9788172333997
9788172336509
9789387925489
9788182902947
9789351103028
9788170020769
9788176490795
9788172335618
9789351101499
9789352135608
9789367256305
9789367252932
9780199466917
9780190127404
9780199485970
9780199486007
9780199486021
9780199485956
9788126320691
9789326350914
9780190132316
9788179912324
9789352134502
9789352133376
9780143449867
9789351103073
9789355185884
9789350233917
9788171852765
9789351105756
9789352133796
9789383692576
9789354972546
9789354972720
9789354972737
9789386347183
9780143465416
9780190136345
9789386105561
9788126318858
9789354970276
9789354971198
9789354971242
9789354971259
9780199478385
9780199478392
9780199478408
9780199478415
9780190129651
9789349941359
9780749456313
9789352133437
9789350239261
9788126308965
9780749445201
9788184047301
9788184043686
9780808798743
9780340849743
9789326350877
9788171542062
9789352132379
9781471830990
9781471883835
9781471884658
9788124504376
9780190135591
9780190135607
9789351103004
9789350233108
9788175543911
9780749453008
9789355183569
9780749451585
9788172334871
9789367253144
9789367256138
9780199461578
9789367253571
9789373741567
9789373745947
9789373742229
9789352132713
9788176496902
9780749447731
9789352133987
9789381839942
9789352132874
9789349941212
9789349941717
9789349941779
9780749445256
9788130906294
9780340948958
9780749460709
9788189996284
9788126307357
9789352137251
9781846841415
9788126306558
9788196919825
9788126340255
9789352135851
9780190137311
9780190137328
9780190137335
9780190137342
9788173669293
9789390659937
9789326355001
9788119812011
9788184049411
9789351101291
9789326355018
9788181436924
9788126314522
9780749447748
9788189996727
9789326351607
9780190137304
9788126302147
9788126320103
9780190137038
9780190137045
9780190137052
9780190137069
9780190137083
9780190137090
9788126313938
9789357750790
9780143473572
9788126313112
9788126302079
9789937938303
9789386237019
9788126312559
9780198097358
9789367258392
9789367259344
9789367255841
9789367253496
9789354977060
9789354976971
9789354977077
9788172337117
9788172337780
9788126313181
9788176493666
9789383158218
9780749460914
9780749455231
9789351100867
9789351109129
9789386385468
9789367255940
9789367254295
9789367257791
9789367250297
9789367251461
9789367250778
9789352133659
9789352136100
9788184048964
9780199492824
9780199492848
9789361032820
9789361035265
9789361034947
9789361034589
9789354970009
9789354971396
9780190133023
9789361032813
9789361032424
9789361031083
9789361030697
9789361035616
9780190132361
9789367256169
9789350236314
9780190131760
9780190131784
9780190131807
9789367252659
9789367252680
9780199462872
9789352136933
9780143473589
9788126310838
9788126340606
9789351100324
9789352133789
9789352133130
9789352132898
9789351109136
9789352133697
9789352132997
9789352133123
9789352134328
9789352135288
9789352133703
9789352134601
9789352133147
9789352132317
9789352133161
9789352133178
9789352136681
9789352135431
9789352134441
9789352134595
9781851685103
9788176495844
9780143458135
9788176496209
9788175542099
9789350235126
9780749453794
9788126316120
9780749443184
9780199494712
9798175542562
9789350231258
9788172335465
9788190511216
9789354970528
9788187798644
9789386102584
9789350233986
9788129701428
9780340779941
9788126305940
9780143460015
9789351106043
9789354971112
9780190131777
9789352133277
9789352133222
9788189996376
9780199461431
9780199461462
9780198395805
9780198428589
9789367258187
9789367258668
9789367254479
9789367255315
9789367257302
9789373745732
9789373743875
9789373747828
9789373747613
9789373744438
9789373745589
9789373746258
9789373740614
9789373745053
9789373748047
9789361032561
9789361036361
9789361033322
9789361039454
9789361033209
9789361035425
9789361037511
9789361035609
9789361037313
9789354971556
9780190133078
9780190137359
9780190137366
9780190137373
9780190137380
9780190137397
9789354974113
9780190137465
9789354974199
9780190137472
9780190137496
9780190137502
9780190137526
9780190137564
9789361031113
9789361030956
9780190135188
9780190135195
9780190135201
9780190135225
9780190135232
9780190135249
9780190135256
9789373744933
9789354971822
9789354970719
9789367254417
9789361035869
9789361035470
9789361034060
9789361033834
9789361037887
9789361033438
9789361037627
9789354978692
9789367256121
9789367258699
9789367253588
9789361035319
9789361033896
9789361031229
9789361030871
9789367256459
9789367252529
9789367254400
9780190134945
9780190134952
9780190134969
9780190133733
9780190133740
9780190133788
9780190133795
9780190133757
9780190135027
9780190131920
9780190131968
9780190134983
