9780070140004
9780070141100
9780070147607
9780070151420
9780070483743
9780070494633
9780070585959
9780070591165
9780070634336
9780070659490
9780070671195
9780070681934
9780070700208
9780074601402
9780074602164
9780074602256
9780074620434
9780074623015
9780074633113
9780131462342
9780143461746
9780143463894
9780195604429
9780195664157
9780195683844
9780198069096
9780198076384
9780198092186
9780198098584
9780198814542
9780199459100
9780199464746
9780199477647
9780199487127
9780199560899
9780303173779
9780443045189
9780470286142
9780471717461
9780471920434
9780471956471
9780538754934
9780582641112
9780592054438
9780706986761
9780721695266
9780723606628
9780748407460
9780749443320
9780761935971
9780815351443
9780849358906
9780849374944
9780849393723
9780851865621
9780851991092
9780851994413
9780852006726
9780852723371
9780852725863
9780853697893
9780854047727
9780855204228
9780857091307
9780857096579
9780857291295
9780863802256
9780865776982
9780870714009
9780871704818
9780871708489
9780871710536
9780873539357
9780877454649
9780884153580
9780889376366
9780889376397
9780890060162
9780890060339
9780890060346
9780890065419
9780890068274
9780896033955
9780898389715
9780947711757
9780954695620
9780990619840
9781009207324
9781009680677
9781032520391
9781035065882
9781111525552
9781138616301
9781259026546
9781259029547
9781259029660
9781394307616
9781405148245
9781405148375
9781405155120
9781405163323
9781405836463
9781412810630
9781416060505
9781420053845
9781420060829
9781430260196
9781437704884
9781437705072
9781437705539
9781437705553
9781437712889
9781437718256
9781437718270
9781437718652
9781437718676
9781437719154
9781437724257
9781437724752
9781437724820
9781439804957
9781439808740
9781441955777
9781441965233
9781441995063
9781441998620
9781441998651
9781444181333
9781444334494
9781447111528
9781447113713
9781447147503
9781447154358
9781447174295
9781447174622
9781449647100
9781484267318
9781484267387
9781496396600
9781575955797
9781780173634
9781787791183
9781850706908
9781862008502
9783131442819
9783131443311
9783642206221
9783662608890
9788119364039
9788120312692
9788120328327
9788120328631
9788120339460
9788120340398
9788120340923
9788120341586
9788120341616
9788120341678
9788120341760
9788120341791
9788120342446
9788120342460
9788120342477
9788120342934
9788120346031
9788120348783
9788120349193
9788120349759
9788120352285
9788121100052
9788121103145
9788121900447
9788121902724
9788121905183
9788121914383
9788121914413
9788121920452
9788121923101
9788121923156
9788121924252
9788121924443
9788121925396
9788121927833
9788121929486
9788121930710
9788121931021
9788121931144
9788121932127
9788121935920
9788121939010
9788121939188
9788121939645
9788121940009
9788121940559
9788121940580
9788121942485
9788121942508
9788121942577
9788121942881
9788121942898
9788121943222
9788122402971
9788122403091
9788122403114
9788122403862
9788122403879
9788122404166
9788122404951
9788122404982
9788122405132
9788122406450
9788122406672
9788122406948
9788122407426
9788122407716
9788122408157
9788122408409
9788122408584
9788122408812
9788122409086
9788122409246
9788122409550
9788122409581
9788122409840
9788122409901
9788122410518
9788122410655
9788122410976
9788122411270
9788122411744
9788122411942
9788122411997
9788122412024
9788122412253
9788122412406
9788122412420
9788122412437
9788122412741
9788122412840
9788122412925
9788122413052
9788122413366
9788122413380
9788122413861
9788122414059
9788122414066
9788122414103
9788122414134
9788122414158
9788122414172
9788122414400
9788122414424
9788122414639
9788122414646
9788122414929
9788122415124
9788122415384
9788122415469
9788122415476
9788122415537
9788122415728
9788122415759
9788122415766
9788122415858
9788122416053
9788122416152
9788122416374
9788122416558
9788122416602
9788122416664
9788122416671
9788122416787
9788122417296
9788122417319
9788122417395
9788122417418
9788122417500
9788122417524
9788122417548
9788122417654
9788122417913
9788122417944
9788122418033
9788122418088
9788122418101
9788122418118
9788122418156
9788122418163
9788122418194
9788122418286
9788122418330
9788122418385
9788122418392
9788122418545
9788122418569
9788122418675
9788122418873
9788122418903
9788122419436
9788122419450
9788122419535
9788122419627
9788122419788
9788122419924
9788122420036
9788122420166
9788122420234
9788122420265
9788122420388
9788122420395
9788122420487
9788122420500
9788122420548
9788122420562
9788122420579
9788122420616
9788122420647
9788122420739
9788122420760
9788122420784
9788122420838
9788122421040
9788122421132
9788122421279
9788122421408
9788122421446
9788122421606
9788122421644
9788122421798
9788122421811
9788122421903
9788122422160
9788122422375
9788122422467
9788122422795
9788122422825
9788122423549
9788122423815
9788122423976
9788122424041
9788122424539
9788122424577
9788122424621
9788122425659
9788122425680
9788122425697
9788122425987
9788122426144
9788122426151
9788122426854
9788122426908
9788122426946
9788122427325
9788122427615
9788122427639
9788122427691
9788122430189
9788122430271
9788122430349
9788122430479
9788122430653
9788122432053
9788122432169
9788122432367
9788122433722
9788122433746
9788122433753
9788122434095
9788122434323
9788122434484
9788122434514
9788122435542
9788122436068
9788122436211
9788122436334
9788122436365
9788122436426
9788122436518
9788122436792
9788122436808
9788122437942
9788122437966
9788122438086
9788122438161
9788122438512
9788122438543
9788122438680
9788122438772
9788122438789
9788122438802
9788122438840
9788122438925
9788122438970
9788122439588
9788122439595
9788122439601
9788122439908
9788122439915
9788122440355
9788122440362
9788122440386
9788122440447
9788122440454
9788122440485
9788122440652
9788122440751
9788122440843
9788122440980
9788122449907
9788122472745
9788123911441
9788123919232
9788123929514
9788125008606
9788125909262
9788125913641
9788125916055
9788125949657
9788126508273
9788126514502
9788126520275
9788126524914
9788126527304
9788126529360
9788126530014
9788126534401
9788126538652
9788126543137
9788126543878
9788126543885
9788126549139
9788126550791
9788126550821
9788126551507
9788126551538
9788126553037
9788126553754
9788126555239
9788126556786
9788126557905
9788126560004
9788126561261
9788126562909
9788126563340
9788126564125
9788126565030
9788126568048
9788126569526
9788126569717
9788126569977
9788126569984
9788126570331
9788126571260
9788126572748
9788126576326
9788126577262
9788126578726
9788126579105
9788126579952
9788127205898
9788129706003
9788130706658
9788131201831
9788131210567
9788131211304
9788131226391
9788131229736
9788131253458
9788131255452
9788131256572
9788131256770
9788131257319
9788131257869
9788131259573
9788131261194
9788131262139
9788131514306
9788131515952
9788131516706
9788131517376
9788131518359
9788131518458
9788131520703
9788131524091
9788131525920
9788131527955
9788131528419
9788131529188
9788131531778
9788131531907
9788131533208
9788131533215
9788131706619
9788131717592
9788131729656
9788131787663
9788131800966
9788131801154
9788131802229
9788131803097
9788131803301
9788131803486
9788131803660
9788131804346
9788131804353
9788131804414
9788131804445
9788131804520
9788131804575
9788131804780
9788131805015
9788131805305
9788131805374
9788131805398
9788131805442
9788131805497
9788131805664
9788131805817
9788131805930
9788131806005
9788131806111
9788131806272
9788131806777
9788131806913
9788131806999
9788131807019
9788131807149
9788131807323
9788131807484
9788131807736
9788131807811
9788131807972
9788131808320
9788131902547
9788131907139
9788131907566
9788131909188
9788132207900
9788170081210
9788170081395
9788170086185
9788170089520
9788171411634
9788171412662
9788171414246
9788171416288
9788172330392
9788172330453
9788172330507
9788172330514
9788172330989
9788172331993
9788172332297
9788172332853
9788172333577
9788172333720
9788172334482
9788172334994
9788172335038
9788172335212
9788172335526
9788172335618
9788172335632
9788172335939
9788172335946
9788172335953
9788172336509
9788172336530
9788172336912
9788172336929
9788172336950
9788172337544
9788172338299
9788172338510
9788172338527
9788172338633
9788172338640
9788172338718
9788172338794
9788172338916
9788172339029
9788172339098
9788172339401
9788172680015
9788173710353
9788173714092
9788173714467
9788173715907
9788173717161
9788173717703
9788173717741
9788173810275
9788173810558
9788173810787
9788173811043
9788173811173
9788173811753
9788173812088
9788173812095
9788173812132
9788173812804
9788173813023
9788173813757
9788173814006
9788173814778
9788173814921
9788173815034
9788173815041
9788173815089
9788173815133
9788173815270
9788173815331
9788173815393
9788173815416
9788173815614
9788173815669
9788173815805
9788173815812
9788173815881
9788173816116
9788173816208
9788173816468
9788173816512
9788173816598
9788173816635
9788173816987
9788173818523
9788173818776
9788173818905
9788173819865
9788174090737
9788174093103
9788177582758
9788178088044
9788178805863
9788179923153
9788179933237
9788180565083
9788180616082
9788181930644
9788182091993
9788183559300
9788183562256
9788183562638
9788183566049
9788183568302
9788183762915
9788184483574
9788184484120
9788184484823
9788184485813
9788184488517
9788184488609
9788184733228
9788184870589
9788184873900
9788184876406
9788184876789
9788185046174
9788185046631
9788185749815
9788185790619
9788185938936
9788187134176
9788188458936
9788189473235
9788189473358
9788189521271
9788189757472
9788194369646
9788194685142
9788194685166
9788194800224
9788194864554
9788195161195
9788198109484
9789026725784
9789325960060
9789325981287
9789325984356
9789325984547
9789327194128
9789332500297
9789332518674
9789332519121
9789332550353
9789332575097
9789332575172
9789332585348
9789332587090
9789333220392
9789333221870
9789333223621
9789333223720
9789339204044
9789339221072
9789350046746
9789350140543
9789350141960
9789350142691
9789350142790
9789350143360
9789350143926
9789350144282
9789350145739
9789350237076
9789350251447
9789350251652
9789350253724
9789350255681
9789350256343
9789350296431
9789350900826
9789350904657
9789350904664
9789351073369
9789351073604
9789351073925
9789351105411
9789351198246
9789351382423
9789351440253
9789351450306
9789351521150
9789351521532
9789351523086
9789351523864
9789351529071
9789351611974
9789352301973
9789352501267
9789352512027
9789352533824
9789352535309
9789352551132
9789352607006
9789352702633
9789352703630
9789352703746
9789352703999
9789352830343
9789352832095
9789352833702
9789352833795
9789352834402
9789352835126
9789352835133
9789352835270
9789352837298
9789352837373
9789352837557
9789352838271
9789352838950
9789352862313
9789352863433
9789352863532
9789352868339
9789353160272
9789353169855
9789353433673
9789353433697
9789353439453
9789353439552
9789353500009
9789353500054
9789353500061
9789353500238
9789353500245
9789353500368
9789353500863
9789353501617
9789353502690
9789353503734
9789353503819
9789353504083
9789354439124
9789354439384
9789354531972
9789354600883
9789354641558
9789354656507
9789354658594
9789355010360
9789355013767
9789355014979
9789355015006
9789355015273
9789355016720
9789355017925
9789355018113
9789355322067
9789355641557
9789355641854
9789355643735
9789355646293
9789355730480
9789356062580
9789356810310
9789356810334
9789356810341
9789356810372
9789356810402
9789356964549
9789356966086
9789356966772
9789357461115
9789358875478
9789358879124
9789364685795
9789370601710
9789380156026
9789380156323
9789380298597
9789380298672
9789380386041
9789380386270
9789380386355
9789380386454
9789380386539
9789380386669
9789380386706
9789380386836
9789380386843
9789380386881
9789380386959
9789380386980
9789380578286
9789380618302
9789380704036
9789380704142
9789380853147
9789380856018
9789380856117
9789380856155
9789380856186
9789380856391
9789380856438
9789380856490
9789380856544
9789380856810
9789381159248
9789381159279
9789381162095
9789382127192
9789382291503
9789382291657
9789382332701
9789382448983
9789383419517
9789383525850
9789383692569
9789383746460
9789383750436
9789383828326
9789384319090
9789384323059
9789384588977
9789384857417
9789385923562
9789385923654
9789385935688
9789385999208
9789386070166
9789386070210
9789386070234
9789386070265
9789386070296
9789386070326
9789386070531
9789386070548
9789386070562
9789386070579
9789386070593
9789386070609
9789386070616
9789386070623
9789386070777
9789386070791
9789386070852
9789386070876
9789386102386
9789386107961
9789386150288
9789386150721
9789386237071
9789386261403
9789386286048
9789386286529
9789386286574
9789386286741
9789386286765
9789386286796
9789386347015
9789386418043
9789386418050
9789386418098
9789386418135
9789386418159
9789386418296
9789386418319
9789386418463
9789386418487
9789386418852
9789386418869
9789386530028
9789386649140
9789386649157
9789386649171
9789386649782
9789386650900
9789386652454
9789386668165
9789386668424
9789386668462
9789386668561
9789386768445
9789386768780
9789386768803
9789386858139
9789386858825
9789386858955
9789387146518
9789387472006
9789387472020
9789387472075
9789387472136
9789387472334
9789387472617
9789387472655
9789387472716
9789387472853
9789387472938
9789387506657
9789387506817
9789387741263
9789387766228
9789387788398
9789387788879
9789387893788
9789387963252
9789387994041
9789387994874
9789387994881
9789388028042
9789388028103
9789388028295
9789388028493
9789388028714
9789388028813
9789388028899
9789388172752
9789388172912
9789388293884
9789388426091
9789388426169
9789388426176
9789388426183
9789388426190
9789388449076
9789388449304
9789388449328
9789388696753
9789388812870
9789388818162
9789388818445
9789388818858
9789389061536
9789389061833
9789389184242
9789389184266
9789389184501
9789389204957
9789389307054
9789389307085
9789389307320
9789389307863
9789389310191
9789389310955
9789389347005
9789389347081
9789389347210
9789389347340
9789389347449
9789389347777
9789389347876
9789389412314
9789389447484
9789389520651
9789389538908
9789389573305
9789389573312
9789389573329
9789389573336
9789389583243
9789389583410
9789389686340
9789389686722
9789389686838
9789389691412
9789389691931
9789389718669
9789389776805
9789389802382
9789389811285
9789389811735
9789389825886
9789389832785
9789389832808
9789389832921
9789389859355
9789390113590
9789390177530
9789390185597
9789390187188
9789390187379
9789390187454
9789390395057
9789390495153
9789390495368
9789390495474
9789390495504
9789390544226
9789390555949
9789390612796
9789390620197
9789390749126
9789390749683
9789391025946
9789391383848
9789391818043
9789391818104
9789391818142
9789391818500
9789391818821
9789391820268
9789392590375
9789392590672
9789393159731
9789393159915
9789393715265
9789395039864
9789395101783
9789395101844