9788121937887
9788121939829
9788122428179
9788125059523
9788125063261
9788126308965
9788131787526
9788131901526
9788170704140
9788179915097
9788180565434
9788187325369
9789327275148
9789354979590
9781433844317
9788121933629
9781845570293
9788175365049
9780071332453
9780852936917
9781107640542
9788170709725
9789350001561
9788185229300
9788123745329
9780143444640
9780195607703
9781449648015
9788120722460
9788120747760
9788120755727
9788120822436
9788120827974
9788121611244
9788121931304
9788121933728
9788121937863
9788121938341
9788122433630
9788123734965
9788123905334
9788125007487
9788125037156
9788125055853
9788125056058
9788125056065
9788126306558
9788126309979
9788126313112
9788126314522
9788126330669
9788131225585
9788170623632
9788170623649
9788170702290
9788170706212
9788170706229
9788170706236
9788170706243
9788171851027
9788171851294
9788173719035
9788175812925
9788176496872
9788180566301
9788181806604
9788185116587
9788186270011
9788190042291
9788192555720
9788197605703
9788197605734
9789353521448
9789353522537
9789353522780
9789353523664
9789353525651
9789353525798
9789353527655
9789353528218
9789354970009
9789354971396
9789367252154
9789367254004
9789367255728
9789367255889
9789367259573
9789389688467
9798885750820
9798885750837
9780340849743
9781009665971
9781009576352
9781009738392
9781009505994
9781009470315
9781009501033
9781009660600
9781009539302
9781009549059
9781009576970
9781009598644
9781009644273
9781009698702
9781009505109
9781009644631
9781009669542
9781009671453
9781009712781
9781433188930
9781009705233
9780872016644
9780988293946
9780995532380
9788170704072
9788131913369
9780195615722
9780852987940
9780854440832
9780854440863
9780863113680
9780907434290
9780930326180
9781009343909
9781009498593
9781009679091
9781237526754
9781237526761
9781433167270
9781451190441
9788125002727
9788125051763
9788125063742
9788170707387
9788170707394
9788170707400
9788178690940
9781009798105
9781009770484
9781009644358
9781009512978
9781009631167
9781009714013
9781009684101
9781009500128
9781009507547
9781009535311
9781009537407
9781009598705
9781009612319
9781009613712
9781009644440
9781009647854
9781009658812
9781009663571
9781009670685
9781009708272
9781009515689
9781009530323
9781009539586
9781009544412
9781009548236
9781009559010
9781009565745
9781009587686
9781009590549
9781009619394
9781009635356
9781009651356
9781009660839
9781009661249
9781009711364
9781009730525
9781009780605
9781009461054
9781009527200
9781009542180
9781009558945
9781009565707
9781009581004
9781009583718
9781009592468
9781009596725
9781009610742
9781009619592
9781009627313
9781009632829
9781009634267
9781009644228
9781009660488
9781009663250
9781009669450
9781009671361
9781009678186
9781009707671
9781009768160
9781009451741
9781009479318
9781009511360
9781009513869
9781009539265
9781009539357
9781009564885
9781009565288
9781009569354
9781009571845
9781009605823
9781009608121
9781009619714
9781009631570
9781009635257
9781009638081
9781009675376
9781009527309
9781009578622
9781009598477
9781009673709
9781009532778
9781009641678
9781009677707
9781009486156
9781009495677
9780998424620
9781009500456
9781009598576
9781009689328
9781009747400
9781009459990
9781009455398
9781009459914
9781009482561
9781009633871
9781009663311
9781009707992
9781407362199
9781399560238
9781009583145
9781009733816
9781447174295
9780880488204
9780857113696
9788123731308
9788131900062
9780867306774
9780900952647
9781009587754
9781009671446
9781009704243
9781009809818
9781407362892
9781416027300
9788122203158
9788125015901
9788125052050
9788125052500
9788125052586
9788125058793
9788125600008
9788126307357
9788131906149
9788131910771
9788171566082
9788181807403
9788182963436
9788185046174
9789373742410
9789373744162
9789386379900
9781009360036
9781009321488
9781009656078
9780872638518
9781407362458
9780953494453
9781447174622
9788178061078
9788193073704
9788121619653
9780863113765
9780956777317
9788120720909
9788121614580
9788121614771
9788121614788
9788121615631
9788121616386
9788121617390
9788121618267
9788121618625
9788121619141
9788121619776
9788121619868
9788121619943
9788123741369
9788123748801
9788125060802
9788126303885
9788131900369
9788131910108
9788131917008
9788170351733
9788170705352
9788170705383
9788170707431
9788171858675
9788177580488
9788180561511
9788184970562
9788184970579
9788193073711
9789350330593
9789351416142
9789373740096
9789373744971
9789373747590
9789373749761
9789381162262
9781447138570
9781009421027
9781009606271
9780947219147
9781009550277
9781447998358
9788120757417
9780907125488
9780981166032
9788183326292
9788121615952
9788123741147
9780878144365
9780979921988
9780986622571
9781407363110
9781407363660
9781407363707
9781421453606
9781421454054
9788122201390
9788122428186
9788123707518
9788123731322
9788123750682
9788123766959
9788123904146
9788126305179
9788126309283
9788126309382
9788126340255
9788170086697
9788172764593
9788176935586
9788177580471
9788177669640
9788183326254
9788184979442
9788189403065
9788189403089
9789326351034
9789350462317
9789350486221
9789350486238
9789350486252
9789350486382
9789350486399
9789350486467
9789350486627
9789350486696
9789350486979
9789350487198
9789388632119
9781009646321
9781009315760
9781009499446
9781421454412
9781009760225
9781009728416
9781009652988
9781009675109
9781009730372
9781009682749
9781420534719
9781421453545
9781433195143
9781009683159
9780981576442
9781421453422
9781009715607
9781009426800
9781009614320
9781009813198
9788170168096
9780861874620
9788120739819
9780895512062
9780853186212
9780871716224
9780892329090
9780901780102
9780903345064
9780996725538
9781003863403
9781009407106
9781009654555
9781009664172
9781009681636
9781009813143
9781009813235
9781009813334
9781009813341
9781421454351
9781451186345
9788120739833
9788121929707
9788122305890
9788123728278
9788123733272
9788123747354
9788123755014
9788123756929
9788123758480
9788123765501
9788123766508
9788126308453
9788174504814
9788176936927
9788184082234
9788184970906
9789385914010
9781009536561
9781009567237
9781009643191
9781009180139
9788122414578
9781009706650
9781009570145
9781009485159
9781009413992
9781009011198
9781009634328
9781009722537
9781009227360
9781009241342
9781009431484
9781420531848
9781009595216
9781009640428
9781009646550
9781009769747
9781009692977
9781009733069
9781009227353
9781009687713
9781009714761
9781009231473
9781009436335
9781009692885
9781009718103
9781009060943
9781009231480
9781009798549
9781009364119
9781009045421
9781009486699
9781009501347
9781009648448
9781009710718
9781009273046
9781009314039
9781009450928
9781009602631
9781009608572
9781009335317
9781009601023
9781009502870
9781009448734
9781009650939
9781420531879
9780871548528
9781009449380
9781009584012
9781009680530
9781009407724
9781420531749
9781420534672
9780937666777
9781009617604
9780993624261
9780878202492
9781009221498
9781420529791
9780906245521
9781407363684
9780974490687
9780879074487
9781009644044
9781009676243
9781009677578
9781009699808
9781009769617
9781433197758
9780967254340
9781009228404
9781009231442
9781009165822
9781009374125
9781009527804
9781009679015
9781009667739
9780853186144
9780888397959
9788177391176
9780873899840
9780907854289
9780992329785
9781009161190
9788123779973
9780999280317
9780884165781
9780871716095
9780887233494
9780906245514
9780992837754
9781003864240
9781009113229
9781009228374
9781009352741
9781009419208
9781009486262
9781009492973
9781009500791
9781009536578
9781009572873
9781009640367
9781009667920
9781009674249
9781009698788
9781009743365
9781009749114
9781009766289
9781407362939
