9782874910227
9783446228481
9789251078631
9789380428987
9788126540617
9781138581944
9780367413910
9780000988225
9780000988072
9788179061633
9780838505564
9781584711599
9786188331242
9789608616387
9780952274469
9788189645212
9789387511064
9780521738323
9780808798743
9780791065334
9781138582507
9780801047558
9789985099032
9788172336905
9781880687376
9781138581715
9788184890273
9781406774207
9789814670241
9780367268244
9780606368889
9781292063553
9780077167257
9789350714942
9780443125041
9780780381353
9788193231951
9789380428758
9789380033761
9788120839885
9788170193296
9788170193753
9781138583122
9789382291053
9788188237999
9781470437350
9788125036012
9788125059851
9789382258131
9781942483212
9788130923642
9788178001937
9789380428123
9781634607810
9788172337650
9788178243160
9788184040760
9788183240956
9781484285466
9780969553878
9781470437367
9780241648995
9788184355352
9780763796396
9780367269500
9781470409326
9788184049411
9789389996142
9788181930460
9789698721206
9780727759795
9781138583184
9789937007979
9788179930700
9788185822297
9788189738204
9799693517520
9781470409173
9781852522131
9788180387623
9788193424704
9789381302378
9789382471509
9781529186376
9788125042792
9788125029106
9789351503217
9781470425883
9781534969223
9789385724237
9780241745793
9780304331710
9789381496749
9781584795865
9788185119427
9788189920814
9788190904612
9789351424444
9789384247492
9781529981988
9781529982015
9788185211732
9780077167813
9781526802552
9788125038672
9788130100388
9788173716638
9788174465009
9788174532817
9788183243841
9788184046762
9788184047844
9788184350043
9789359718316
9789380376387
9789381302644
9789384247348
9789693522365
9788126564842
9789694072807
9788125054504
9788172335816
9788189645700
9789382358992
9789384139100
9780645081725
9788121919340
9788125042679
9788184049749
9789699370052
9781591749356
9781784159399
9780367025304
9788130909967
9788130910192
9788183240925
9789388266895
9781444144161
9789386392404
9788188683390
9789382358756
9789382358770
9781583760833
9780632025657
9781583760819
9788171946495
9780241634653
9780070706651
9781581138184
9788120842953
9788121507127
9788170041900
9789351107866
9789630538718
9781529668773
9789076041438
9781844140374
9789381839942
9788171107605
9781471804106
9788120349445
9788170193234
9788181285607
9788181285690
9788184898118
9788188573622
9788188573981
9788188791200
9788189645267
9788189645809
9789382358732
9789382730057
9789385160912
9789385494123
9780230527287
9788174469274
9788184890259
9788188573929
9788189645250
9789352134656
9788172333997
9788186050019
9788193036129
9788126515707
9789381575734
9781107604773
9781844471614
9780070589384
9788174468840
9788176292252
9788126528370
9788186049051
9788126550838
9789384385101
9789698917029
9781843545033
9780195604429
9781316616321
9788125042020
9788187680079
9789381302576
9789387925489
9789389368611
9789389662528
9788186050156
9788174468888
9788184045567
9783030113872
9781307295061
9788174455017
9788184043686
9788173719530
9788173872242
9788174455246
9789351444909
9789351444930
9789380376301
9789381302798
9781137535573
9789351073819
9788174468420
9788174469298
9789350620274
9789352606931
9788181760432
9788126548781
9788185680156
9788126559695
9788170690368
9788170892403
9788171390007
9788180904066
9788184046786
9788190629409
9788180522994
9788186117316
9788180303036
9788178243504
9788177001952
9789386561930
9780521728416
9788173715730
9788178243443
9788178244532
9788178244693
9788180302978
9788180520044
9788186623060
9788189645113
9789380376745
9789382711315
9789383154203
9788125022541
9788132116011
9780230328884
9789352135608
9781484290910
9781338299427
9781511894302
9781530740628
9798282305388
9781801086776
9788121502771
9781728261478
9789357603195
9788121507998
9788121941501
9788125056195
9788178243177
9788184420517
9788186791332
9788187644941
9788189645441
9788190339797
9789339203405
9789350233986
9789698460235
9788126515271
9788126552672
9788125032397
9788175157637
9788126538683
9788184620849
9788126528097
9788183212670
9789390911950
9788126512553
9788126541089
9788132232438
9789351100324
9789386163981
9789387578944
9788120334441
9788190864213
9788178241333
9788178241661
9788178441207
9788184350814
9788188790340
9788188790357
9789350717417
9789380607276
9780333778227
9781510434929
9788172332747
9788126523955
9788181289162
9788125032168
9788186791875
9789694071299
9788125053446
9780007953042
9788126550760
9788190717311
9788174467287
9788174462459
9788126556014
9789380250472
9789351073604
9789384244637
9789383382378
9788125051749
9788173711237
9788173715686
9788174452368
9788189161941
9788189487973
9789384987107
9780340847008
9781840598155
9788183231015
9788174465955
9788174468345
9788183230414
9788120344594
9788131716540
9789352134502
9789384986087
9789351861652
9788170543619
9788185116617
9788187222392
9789359666051
9788172333188
9788125031604
9788120310490
9788126536092
9788186791097
9788189059361
9788121504744
9780521898799
9788122400748
9788126525874
9788126554881
9788131808566
9788132231240
9788170946281
9788173715303
9788178244976
9788178442709
9788180521393
9788186706718
9789351106043
9789386110367
9781474892162
9788126518616
9788184870879
9788186270288
9789386237118
9788184050370
9788180280221
9789381069158
9788125036852
9789350121948
9789380250021
9788126557622
9788172337681
9788126531059
9788184047158
9788186791752
9788185094342
9788121922449
9781935677567
9788173716102
9788173716522
9788174468772
9788176631075
9788177589351
9788189645434
9789351073826
9789382127086
9780545152969
9788180563782
9788180903892
9789357600309
9780761995005
9789812530714
9781632876577
9788173716782
9789385401329
9788174466068
9789351380139
9789352133147
9788121940764
9788121912617
9789380550497
9788180318757
9789352340910
9789354977879
9789387919679
9788126320103
9788170543220
9788170543855
9788172131432
9788174530523
9788174531971
9788183770927
9788184041576
9788184355369
9788186470220
9789356764125
9789694251004
9789694480329
9788125041047
9788122435672
9788125024958
9789350710111
9788121500012
9788132101192
9788125906308
9789351191902
9788124608135
9788122484588
9788196908874
9789360454821
9789380200118
9788190511216
9789351032359
9789381839607
9789381839645
9789381839966
9789382618805
9789383158089
9789383158218
9789383158577
9780190136888
9780749443344
9781523089017
9788122425888
9788130926919
9788131503119
9788131514887
9788132113638
9788170944225
9788170944263
9788170947943
9788184621396
9788193231968
9788195316038
9789350040263
9789353454487
9789356760370
9789357750790
9789360743062
9789380156538
9789380428178
9789394201316
9789387023697
9780190136871
9780190137397
9789367250075
9788185094540
9780070659711
9780074621868
9788183990028
9780190137380
9780190137342
9780521736411
9788121927000
9788130100128
9788174468673
9789350236314
9789386102782
9781474937238
9788174462114
9780190137335
9780190137373
9780199474028
9788125942672
9788194740001
9781512097726
9788181375568
9788174468451
9789352806461
9788186791769
9789327252323
9788126542918
9789350043202
9788131215418
9788131708330
9788192135205
9789391067410
9788129114860
9788173668555
9788174468543
9788175242111
9788177394573
9788182093515
9788184731187
9788187680017
9789357608206
9789359665528
9789694070810
9781445481043
9781843653592
9780190137328
9788191064285
9789354977855
9780199455355
9788120821750
9788178555119
9789361034589
9789373744933
9789354970276
9789354977589
9789355735546
9789359030661
9788189888954
9780190136864
9788184875119
9789354970719
9780190137366
9788126308927
9780190137915
9780190137939
9788121929462
9788125909330
9788173716386
9788184876925
9789350717462
