9781420530469
9781421453149
9781421453750
9781421454030
9781439048757
9788123700274
9788131905951
9788131906019
9788131907443
9788171818167
9788171818181
9788171818198
9788175974395
9788180221507
9788180566905
9789383684472
9780883823156
9781009074711
9780861314416
9781009280600
9781009408288
9781009328807
9781009325615
9781009682619
9781399812306
9781009363242
9780984213597
9781009015967
9781009553278
9781009714358
9781009444828
9781009408073
9781009701488
9780944992395
9781003863892
9781009703451
9781421451763
9781421453088
9780993804304
9780867188295
9780996223850
9781421454436
9781009691116
9780940490345
9780871548252
9781009672320
9780901853653
9780903166539
9780993941139
9781009675932
9781447374978
9781399041904
9780852727553
9780995781634
9780852728239
9780901601841
9780853617785
9781009805094
9781009805667
9781399951685
9780857467713
9780901865267
9781449629359
9780874880410
9781449644932
9780932686305
9780992424909
9780923369316
9781449601973
9781444146059
9781451107210
9781423464952
9780961163297
9780892879311
9780850368017
9780853125792
9780859767439
9780863114069
9780871710123
9780871710437
9780871710444
9780871710550
9780871714015
9780871715500
9780871715715
9780871715838
9780871716064
9780871716316
9780871716446
9780875243092
9780879861292
9780899709994
9780904148640
9780924922282
9780941158893
9780956809643
9780963446688
9780970801074
9780972098007
9780999165034
9781009244428
9781009427173
9781009643269
9781009647281
9781009651943
9781009724296
9781009726917
9781397670328
9781399525992
9781399962155
9781408096390
9781420529630
9781420532180
9781421453569
9781421454016
9781421454337
9781421454702
9781423901891
9788123710846
9788123763774
9788125010883
9788125014041
9788125014805
9788175249424
9788180565564
9788190223997
9781435173408
9781009530293
9781009337656
9781009589505
9781009455411
9781009055079
9780992552855
9781009501040
9780875659565
9781009348690
9781009287159
9781009818315
9780857854162
9781009513876
9780866986144
9781420530551
9780980757903
9781009447027
9781009684057
9781009658287
9781009660525
9781009376358
9781009589352
9781009685047
9781009842464
9781009180764
9781009272353
9781009326346
9781009400053
9781009625760
9780997400199
9781009550222
9781009643092
9781009697521
9781009730518
9781009223201
9781009289481
9781009325899
9781009372411
9781009393614
9781009405584
9781009461283
9781009632782
9781009671354
9781009747431
9781421454580
9781421454160
9781421453729
9781009435079
9781009439435
9781009527217
9781009618328
9781421454658
9781009660631
9781009705257
9781009344913
9781009417945
9781009498449
9781009515719
9781009611084
9781009613736
9781009319898
9781009342957
9781009364010
9781009420303
9781009431002
9781009446587
9781009461047
9781009488754
9781009500135
9781009505123
9781009547185
9781009564922
9781009583701
9781009608114
9781009619523
9781009633895
9781009635271
9781009639354
9781009673716
9781009675482
9781009712774
9780880390774
9781443475822
9781009298322
9781009300902
9781009358781
9781009417334
9781009417419
9781009420242
9781009433754
9781009518765
9781009535335
9781009569392
9781009592413
9781009605847
9781009614115
9781009627290
9781009634243
9781009642972
9781009645492
9781009658867
9781009675369
9781399545228
9780998348452
9780861967575
9780990371724
9781009707664
9781009221245
9781009498609
9781009630108
9781009647878
9780859767422
9781009446983
9781009651363
9781009660570
9781009738378
9781406911022
9781421453668
9780866475938
9780857306241
9781009636926
9780893030001
9780915391394
9780916589271
9780977402427
9781439081754
9780980541984
9781009487771
9781009108348
9781009329040
9781009358811
9781009446945
9781009546744
9781009588102
9781009590914
9781009634069
9781009685443
9781446294345
9781009436946
9781009813273
9781009670241
9780852726501
9780994296245
9780949578716
9781009632768
9781009705134
9781009611862
9781009015233
9781419786082
9781009740043
9780853186403
9780934375825
9781009466578
9781009627696
9780857507341
9780906227404
9781407606699
9780888903808
9780979898303
9780865425637
9781399210768
9781435487802
9781439927618
9780870652844
9780877627111
9780853124245
9780853617754
9780853617778
9780857111456
9780859767415
9780859767460
9780878720750
9780887487293
9780901333551
9780931170928
9780933775442
9780950791524
9780952731177
9780955247392
9780956307088
9780975623046
9780978556877
9780980239577
9780986437779
9780993560774
9781009402583
9781009421874
9781009479455
9781009481779
9781009496155
9781009506007
9781009543712
9781009570879
9781009613453
9781009621632
9781009622066
9781009649810
9781009651875
9781009669023
9781009672054
9781009673167
9781009698443
9781009699754
9781009704601
9781009706834
9781009709798
9781009740708
9781009782104
9781009813297
9781009821377
9781399210799
9781399219365
9781407613611
9781408721490
9781419771125
9781421454184
9781421455075
9781435173415
9788123745121
9788126306213
9788131901816
9788131902059
9788178623672
9788178623702
9788178623740
9788178623788
9788190607223
9789383076062
9780948153273
9781418005788
9780982867099
9780997848274
9780865265158
9781435486157
9781443478700
9781009814539
9780956582492
9781009450058
9780913785904
9780881442755
9780936115009
9780982272664
9780982468388
9780991563555
9780872869448
9781009197731
9781009274333
9780997773552
9781419780936
9780986023132
9780989177658
9780971086944
9780861549825
9781009272186
9780911079050
9781009056076
9780979299391
9780979761935
9780994811202
9781419775673
9780975621622
9780857306265
9780960125982
9780999122365
9780996878579
9781434105899
9781009012294
9780979457289
9780943255033
9781449686666
9780982933510
9781435462670
9781439080757
9781447372110
9780977556922
9780990625964
9780992972486
9780956967022
9780901601902
9781399211062
9781005527266
9780894351167
9780998173696
9781407621852
9781407655871
9780874344172
9780865435315
9781399623865
9781405966719
9781405973243
9780995712775
9780992858162
9781399976053
9780949432094
9781398260672
9780865735125
9780853617792
9780857306227
9780857507655
9780871714855
9780874476262
9780887232459
9780889714984
9780903200264
9780913351468
9780913785829
9780917010286
9780918606174
9780920119853
9780932624475
9780946148813
9780948543494
9780956984005
9780957502369
9780957554993
9780964680487
9780966186567
9780972980388
9780976614692
9780983908753
9780985471095
9780989177634
9780989256124
9780991301157
9780991389490
9780992424534
9780992834197
9780992858193
9780993350498
9780993396564
9780995801134
9780996859097
9781009591201
9781009631310
9781009805742
9781399829960
9781408863534
9781419004087
9781419775260
9781420982817
9781426224591
9781434106001
9781441347206
9788123725727
9788131900994
9788170217374
9788185843230
9780857051264
9780980224795
9781447277187
9780954106898
9780872291447
9780983275756
9780989884877
9781423669500
9780930323707
9781009566872
9781005343378
9781005481780
9781005519940
9780966263534
9780864493224
9780907780168
9781419778735
9781009452458
9781009980159
9781009383035
9781420286373
9780857238528
9781420286328
9780941846455
9780982456460
9780865432871
9781400351855
9780851249582
9781420286359
9781009665759
9780872813076
9780956410078
9780857306197
9780874881509
9780908598557
9780961906733
9780977861644
9780979874734
9780984193318
9780985374839
9780985374846
9780989369565
9780995533561
9780995580824
9780995740198
9781005147471
9781005214753
9781005533137
9781005721640
9781009498272
9781009633536
9781009650694
9781009671439
9781405967761
9781405971270
9781405991605
9781416022237
9781420286342
9781420286366
9781420286380
9781429206426
9781421518954
9780860035350
