9789354973468
9789361035616
9789390585359
9789350362570
9780706999280
9788174468307
9788174468536
9789354974489
9789361030697
9789373747347
9789373742229
9789367253571
9780593512609
9788188043149
9788132107156
9789383110223
9788122440522
9789387578272
9789815293456
9789389152005
9788180522895
9789380283395
9788187671336
9789371001342
9789388754279
9789388754422
9789381431788
9789388302241
9780195793635
9788122431391
9788193877296
9789380283289
9789383260171
9789384030377
9789385152085
9789385621260
9789385724251
9789386221957
9780143103028
9780190133610
9780190137311
9780195661187
9788120336681
9788120798885
9788122440447
9788126306183
9788170544999
9788170947097
9788170947899
9788170949763
9788171858156
9788172162399
9788173717451
9788174453556
9788176000000
9788184489446
9788185396149
9788186026229
9788186103814
9789348734099
9789350233108
9789351105664
9789380618593
9789381043318
9789381162149
9789384478148
9789385152436
9789386110398
9789388689861
9789354977602
9780190137359
9780190137304
9780195657739
9788122421361
9789382711377
9789694023786
9780241626511
9788170081494
9781039012356
9781039013544
9781039007970
9788125034001
9788173710926
9788131808061
9788170333241
9780199455300
9789373745947
9780190136345
9788194369646
9789325978591
9789353166953
9789383283118
9789390514090
9780691153254
9780706984613
9780735243057
9781039014305
9788121803670
9788125015857
9788125021773
9788173669293
9788180280184
9788184780987
9788189928834
9789325963962
9789350375907
9788121927284
9780199455294
9780199494712
9788172337780
9788174469335
9788177225723
9789367252499
9789373745077
9789390659289
9788186050248
9780190134952
9780190134969
9788172337544
9789361037016
9789367257487
9789373741567
9781009031202
9789381703106
9788122418002
9789368536406
9788170020769
9780761997153
9788132117940
9788177212716
9789352665655
9788172701468
9788121927413
9788131808511
9788180521997
9788183230131
9789388754354
9789390713851
9780143064848
9780143453796
9780143468196
9788120844063
9788121920919
9788122431605
9788122484663
9788125904663
9788126319558
9788131503836
9788170130376
9788170560944
9788172330255
9788174530837
9788176000048
9788178242040
9788178440187
9788185240909
9788185396088
9788189059194
9788189854386
9788193445983
9789350040492
9789350231227
9789350238165
9789354975356
9789355433114
9789385724008
9789386070890
9789386224774
9789387578418
9789387860391
9789388689168
9789388689687
9789389000740
9789389691795
9788183329330
9788131808115
9788120822429
9780190134945
9780195687422
9788121924238
9788197876806
9789361030857
9789694073774
9788172334949
9780071240024
9788124504376
9788128026027
9788171562114
9789350040423
9789351381525
9789361031229
9789361034947
9789373741604
9789373745053
9789373748047
9789382186205
9789386500311
9789694963464
9788181375964
9788177393415
9780190131968
9788131805404
9788196175177
9789390713929
9780749451158
9788120324138
9788125015826
9788125051787
9788130919126
9788170709558
9788171947843
9788173195075
9788183241977
9788184877021
9788188569595
9789325977785
9789352132874
9789354974205
9789363869127
9789367252659
9789367252680
9789371004886
9789373740614
9789373746258
9789389698688
9789391430061
9789694721880
9788181379894
9780190131807
9780195656091
9780850212860
9789350620779
9789373744438
9789373745589
9780190137564
9788123914282
9788125023357
9788173717291
9789361035067
9789361035265
9789367253793
9789367255087
9789367255100
9789373747613
9789373747828
9789380658209
9788182744370
9788175364516
9788130910772
9789357600590
9788176553193
9789351199434
9789381063385
9789383110636
9789383110995
9788181379696
9788131808191
9780834757738
9780143441083
9780143450061
9780190131784
9780190132361
9780190137250
9780198089681
9780199479757
9780399586507
9780399586514
9780399586521
9780399586538
9780399586545
9780749442378
9783030115777
9783030115784
9788120728882
9788121923422
9788121942379
9788122403800
9788122408171
9788122411690
9788122416763
9788122417845
9788122421705
9788122434347
9788122439694
9788122439915
9788123919959
9788125042983
9788125043706
9788125907671
9788126313938
9788127251079
9788129701428
9788130910116
9788131217092
9788131734360
9788170543480
9788170543671
9788170543800
9788171949984
9788172866938
9788173669477
9788173712999
9788174530158
9788176496148
9788178553771
9788179680636
9788180900785
9788182813670
9788183225625
9788184044133
9788185116426
9788185616940
9788188237104
9788190074551
9788193324356
9788193826393
9788198740519
9788199625525
9789350892534
9789354420504
9789354977558
9789354978043
9789354978081
9789354978104
9789354978197
9789355205889
9789355213839
9789361031311
9789361032400
9789361032714
9789361033896
9789361035609
9789361037313
9789380848273
9789381156117
9789381431603
9789381626016
9789382618331
9789384566029
9789385039126
9789386054692
9789390818075
9789694962801
9789698957483
9789810164300
9789810621117
9788171671991
9781107508552
9781107508712
9788183326858
9781039055940
9788181378729
9780190131777
9780691114118
9780691147277
9780706989670
9781107508545
9781107508682
9788123779102
9788172334871
9789350161012
9789361030147
9789361030208
9789361030970
9789361031687
9789361031878
9789361032257
9789361033438
9789361035319
9789361035425
9789361036453
9789361037511
9789361037627
9789361037887
9789361038709
9789361039485
9789367254400
9789381335888
9789390659937
9788189147051
9788188629169
9788123734460
9788193432099
9780190131760
9780199485383
9780199488292
9780199488360
9780199496556
9780861252961
9788125055396
9788125060253
9788126317288
9788170543886
9788181378705
9788183322911
9788184951394
9788185396095
9788193824702
9788197061042
9789325977587
9789349919723
9789351923039
9789352033188
9789361032202
9789361032233
9789361033209
9789361036019
9789361036354
9789361036491
9789361037085
9789361038785
9789367252529
9789367252932
9789367253588
9789367256305
9789381335499
9789383746804
9789385915604
9789386711526
9780190137496
9780190137502
9788121938532
9788123744377
9788170543695
9789327277678
9789361035081
9789361036231
9789361036279
9789367256459
9789373743875
9789373745732
9788172339241
9780070593725
9780190132316
9781003864288
9788121930994
9788131808214
9788170543015
9788178815930
9789361033322
9789361039454
9789367252949
9789367256169
9789386769893
9789389833409
9789383111138
9788181378941
9788121618687
9788121620529
9789391024451
9788123747941
9788188071715
9788182529649
9781542044172
9789385152351
9780143418870
9780143470786
9780190137472
9780190137526
9780970344939
9781572842854
9788120304093
9788120324404
9788121925082
9788121941556
9788122479294
9788126310319
9788130914985
9788170501152
9788171947577
9788172336110
9788172336233
9788172337568
9788173714498
9788174530394
9788174530561
9788178241678
9788180563966
9788181370877
9788181370884
9788184044171
9788184305241
9788184621341
9788184650532
9788184978063
9788185002910
9788185636405
9788185861371
9788186026366
9788186219942
9788186618264
9788190662239
9788192850740
9788193747056
9789325977723
9789349941175
9789351034032
9789351034049
9789352754915
9789354978067
9789354978135
9789354978159
9789354978227
9789354978289
9789361030338
9789361030871
9789361031434
9789361033957
9789361034060
9789361035470
9789361035869
9789361134500
9789367252833
9789367257982
9789367258750
9789381189665
9789384266028
9789388159548
9789388159555
9789391242121
9789381626870
9788181378934
9788181379757
9788122203943
9788123715254
9788181372789
9780190128166
9780190133795
9780190134983
9780190137090
9780190137465
9788190554718
9788190722117
9788192571010
9789350366202
9789354979927
9789361032561
9789361036361
9789367257456
9789367257678
