9789367259306
9789395287692
9798123911525
9789382322153
9788173713002
9789352530427
9780190137083
9788120615700
9788121923798
9788123916286
9788173710056
9788173811081
9788189757328
9789354979408
9789354979415
9789361032820
9789367255278
9789367256176
9789367258699
9781009206204
9788188569274
9788122202571
9788184620054
9788184620061
9788125949626
9780851989327
9788181378927
9788186921784
9780749447731
9781009748179
9788120343160
9788121620567
9788121926232
9788121929509
9788122415612
9788123922539
9788125059202
9788125941941
9788126314065
9788127241285
9788130900315
9788131910979
9788171857982
9788186307090
9788189982409
9789325975170
9789348734662
9789350092361
9789351215059
9789354979392
9789368535676
9789381335727
9789381626528
9789385887314
9789386347206
9780070648180
9788123743417
9788123773551
9788121505208
9788181378910
9780190135256
9788120830165
9788121905145
9788121907484
9788121929844
9788121941228
9788173703096
9789349941861
9789354979385
9789367255469
9788131911679
9788125953081
9780190132309
9780190133771
9780190135232
9780190135249
9780195667356
9780871710758
9788121922364
9788125063247
9788125952046
9788170500292
9788173715365
9788173715396
9788183572873
9788196175184
9789349941496
9789354979361
9789354979378
9789367251621
9789367255490
9789367255841
9789367256121
9789383917716
9789937761000
9781009332088
9781009295840
9788175224308
9788121924306
9788188569106
9788170944744
9780007438631
9780007438648
9788181436924
9788183226790
9780007415649
9789350468739
9788181468246
9788171542062
9788123778808
9788181371461
9789352512874
9780007341245
9780070145832
9780143460886
9780143460923
9780143460961
9780190132293
9780190133245
9780190135201
9780190135225
9780195667332
9780199480500
9780891168430
9781009656139
9781730125201
9788121501828
9788121926461
9788122003383
9788122201789
9788122314809
9788122420449
9788122435047
9788123751108
9788125004295
9788125013464
9788125064213
9788126310838
9788130902517
9788130934112
9788131919385
9788131944790
9788131961346
9788170219125
9788172241193
9788174469045
9788174530417
9788177588163
9788178242545
9788178690759
9788181891686
9788185860251
9788192228709
9788195983797
9789325975149
9789349941489
9789349941762
9789350482117
9789351380511
9789351416319
9789353523602
9789353527105
9789354916755
9789361033834
9789367251348
9789367251973
9789367252536
9789367253823
9789367254479
9789367254974
9789367255315
9789367257302
9789367257883
9789367258002
9789367258392
9789367259740
9789371004480
9789380156682
9789380358598
9789380658452
9789380658896
9789384406554
9789385039324
9789386054180
9789386850362
9789387004016
9789388372244
9789388925402
9789699903021
9789937203630
9788122201406
9788170701477
9788170703020
9780190130602
9780190132286
9780190135027
9780190135195
9780190137281
9788125047476
9788125053354
9788170948551
9788181377890
9788182964112
9788183321754
9788192571003
9788194049449
9789349941731
9789367251119
9789367251218
9789367253984
9789367254042
9789367254417
9789367257616
9789367258668
9789386515100
9781009098137
9781003863106
9789326351669
9780190132262
9780190137069
9780190137199
9780921075028
9788119922161
9788121613323
9788125059820
9788176631105
9788180521591
9788181378781
9788185038872
9788185119267
9788185119816
9789327227932
9789349941007
9789350365298
9789367259221
9789386546319
9788125937005
9781009495974
9789380152691
9788121615938
9788121928328
9780143473633
9780190135188
9780190137052
9780916094522
9781009245579
9788120322530
9788120840751
9788121616928
9788121618397
9788121922173
9788121922968
9788121929684
9788122400908
9788122432053
9788122435337
9788123766720
9788126122868
9788171853076
9788171853908
9788173713132
9788173713231
9788173713323
9788183321716
9788183321747
9788183602105
9788183990967
9788184770032
9788189645571
9788194754046
9789349941649
9789351032809
9789351039839
9789367258187
9789381506370
9789381703021
9789386054777
9781009586160
9781009231466
9781009407137
9781009629362
9781009674508
9780198396390
9780863114250
9781453336168
9788121612937
9788121616508
9788121923453
9788121939997
9788122313888
9788123740584
9788125047193
9788131504345
9788176554961
9788192009070
9789361032424
9789367250433
9789385077463
9789395310857
9781009634281
9781009305020
9781009331791
9781009373715
9781399544795
9780007438570
9788181803474
9780007415472
9788121620338
9788176211291
9780190137045
9780198396383
9780198396406
9780198418917
9780854903115
9780891169758
9780970519603
9781009674201
9781399559317
9781403924735
9788120338180
9788120764767
9788121613460
9788121615266
9788121615723
9788121617734
9788121618236
9788121618618
9788121941853
9788122001877
9788122415797
9788122418965
9788122420319
9788123781334
9788125052630
9788130900193
9788131311004
9788131908075
9788131908273
9788131968352
9788170212898
9788170215165
9788170703372
9788172241148
9788176211376
9788176553131
9788177586473
9788180560361
9788183327763
9788184047165
9788184778809
9788185952819
9788186563106
9788187032335
9788190208697
9788190843379
9789311127385
9789326354448
9789326355001
9789326355018
9789350366387
9789351863038
9789352741199
9789353520021
9789353525644
9789353526948
9789353528140
9789353528454
9789353529352
9789354976971
9789354977060
9789354977077
9789354979323
9789354979644
9789361030956
9789361031083
9789361031113
9789361032813
9789361561450
9789361567872
9789367250570
9789367251300
9789367251881
9789367251997
9789367252611
9789367253250
9789367254738
9789367257753
9789367259580
9789383283101
9789385039379
9789386041692
9789386224200
9789386224811
9789386347183
9789386385468
9789389477023
9789785237405
9798123913765
9788122204209
9781009691383
9781009766258
9781009329255
9781009636896
9781009561105
9781408283394
9788125026426
9781009646789
9788125042143
9788181807427
9788123744261
9780187218528
9780198408468
9780925760159
9781009407458
9781009441308
9781009566681
9781009595179
9781009687867
9781009733151
9788123909912
9788170703365
9788170946496
9788170947684
9788171981236
9788175416208
9788177587111
9789326351607
9789354971198
9789354971242
9789354971259
9789365619645
9789367254813
9789367255605
9789367257722
9789381182529
9781009570121
9781009273824
9780957666573
9781447174783
9780435996956
9780897227483
9781009272070
9781009524469
9781009584036
9781009622936
9781009710725
9788121605397
9788121614757
9788121614832
9788121615068
9788123761916
9788125058465
9788131910146
9788176494601
9788181805904
9789350366370
9781009292894
9781009453738
9789388754095
9788122200430
9788178694696
9788178694757
9788131911037
9780190137038
9780198395799
9780198408444
9780953143337
9788120827936
9788120834309
9788121931236
9788121932295
9788121935258
9788122203127
9788125018506
9788125033738
9788125052241
9788125055600
9788125056713
9788125062370
9788125918608
9788131908686
9788171851645
9788172760823
9788176211253
9788178694986
9788178695105
9788183820769
9788192723297
9789350481158
9789352768370
9789354979941
9789380206394
9789382618201
9789384028282
9789385152689
9781009215824
9781009322331
9781009701525
9781009054454
9781408507568
9780007446421
9788123761855
9788181820518
9781009645508
9781447377443
9788120835184
9788121926393
9788121941860
9788125039174
9788126301959
9788126320547
9788170521921
9788175300538
9789326351652
9789350070260
9789351033219
9789351039808
9789351551331
9789367250266
9789367250396
9789367254189
9789367254585
9789367255308
9789367255339
9789367255353
9789367256534
9789367256992
9789367257036
9789367257074
9789367259610
9789386689115
9781421453965
9780882291581
9780881732313
9788123721101
9788123779768
9788190705394
9788122200805
9780190137182
9788121617680
