9780979898303
9789386392404
9788122203943
9789381189665
9788190074551
9788174531971
9788171858156
9788171853076
9788171858675
9788184489446
9789380206394
9788171857982
9781728261478
9780399586507
9780399586514
9780399586521
9780399586538
9780399586545
9789388372244
9788181891686
9780865735125
9788122305890
9788122313888
9789385152689
9789325977723
9788123773551
9788170130376
9780918606174
9781407606699
9788180520044
9780593512609
9788170948551
9781009344913
9781009714013
9781530740628
9781009495677
9780865265158
9781009715607
9781009634243
9781009634267
9781039013544
9781009486262
9789380428178
9781009329255
9781009485159
9781009055079
9781399544795
9780980541984
9788177394573
9781423669500
9780971086944
9788177587111
9780982272664
9780901780102
9781009273824
9788189920814
9789698917029
9788189059361
9780956984005
9788172701468
9780857306241
9789384266028
9788189928834
9788121923422
9789352741199
9788122440447
9788121929509
9789382711315
9789350161012
9781009589352
9788172162399
9789351034032
9789351034049
9781009678186
9780969553878
9789380376387
9788186791097
9780871715500
9780871710758
9788126309382
9788196175177
9788125063742
9788176631075
9780867188295
9788178623672
9789325977785
9788131919385
9789367257616
9789367255490
9789367257678
9789367259306
9789367251119
9789353522780
9789381182529
9789350486467
9789395310857
9781307295061
9780367269500
9788177212716
9788121619868
9788177391176
9788192228709
9788184620061
9788184620054
9780143468196
9789693522365
9788186117316
9781009698788
9781009660839
9781009672054
9780953143337
9781009667739
9788176211291
9789352665655
9781009583145
9789383382378
9781009768160
9788121922449
9788190629409
9788180303036
9788122421705
9788121941860
9788180302978
9788199625525
9788122440522
9780892329090
9788173715686
9788172336905
9788172330255
9780956967022
9788186219942
9781009644044
9781421454351
9781420286366
9781009376358
9781009704243
9788174530394
9788187644941
9788185119427
9788185211732
9781852522131
9789389152005
9789382291053
9781419004087
9788123763774
9789351861652
9788171851645
9788122414578
9788122484601
9788123725727
9788187222392
9781434106001
9780241745793
9788170500292
9780735243057
9781009749114
9780895512062
9789383110995
9789386224811
9780961906733
9780982867099
9780932686305
9781435462670
9780941846455
9780880488204
9788174530417
9781009567237
9781009671439
9788131503836
9780706984613
9788170892403
9789388754422
9788184044171
9788185860251
9788177393415
9789384385101
9781009407106
9781009407137
9788122003383
9780857507655
9788189521271
9789351380511
9789389996142
9789382258131
9781801086776
9788121614832
9781407613611
9781009611084
9788126308453
9788120336681
9788180521591
9788126309979
9788189424589
9788122201390
9788170947684
9788172336233
9789814670241
9788172337544
9788174466068
9788121922364
9781407362892
9781009639354
9781407362199
9780947219147
9788184979442
9781009680530
9781009407458
9788180561511
9789694721880
9781484290910
9780967254340
9780994811202
9788121619943
9781405966719
9788122203127
9781511894302
9788131911037
9788178241678
9781009672320
9789383110223
9788131913369
9781009161190
9781510434929
9781009501040
9781009501033
9789353166953
9781009363242
9781009677707
9788121616928
9788130100128
9780979299391
9788189645571
9788178242040
9788185119816
9788180547447
9788181806604
9788181807403
9788181803474
9789381063385
9780198089681
9789385724251
9789361567872
9789353525798
9780857113696
9780957666573
9788123745121
9789385039126
9789381506370
9788131900062
9780996859097
9788170168096
9788121613460
9788131787526
9788172335816
9788121939997
9780838505564
9788121940764
9789381626528
9781009431002
9789389000740
9788126554881
9788126559695
9780780381353
9780893030001
9781009805742
9781009427173
9781434105899
9788125054504
9789380428123
9788123734460
9789385160912
9788190717311
9780143441083
9789386054777
9788126314065
9788123747941
9789391242121
9788180318757
9788123733272
9789386054692
9788171851027
9788123750682
9781009682749
9788172336110
9788183226790
9788192009070
9781009548236
9789381575734
9788121925082
9788130100388
9781443478700
9788179061633
9788121941228
9788121942379
9781405971270
9788121615266
9780901601902
9789076041438
9788123700274
9781419775673
9788126317288
9788130909967
9789382127086
9780887233494
9781009740708
9781009245579
9788177580471
9780857111456
9781009743365
9781439927618
9781444146059
9788186050156
9781009632829
9781009632782
9788184049749
9788126531059
9781009728416
9788178441207
9781451186345
9788171947843
9788125907671
9788130910772
9788170946281
9788170944744
9789325963962
9780230327726
9788129114860
9780645081725
9781009331791
9789385329425
9788121923798
9780190137939
9780190137915
9780143450061
9789355735546
9788123758480
9781880687376
9789381069158
9789361030338
9789361033957
9789361031434
9788179930700
9781408096390
9788125047193
9789367252536
9789367258002
9789381156117
9789388925402
9789367250075
9789373747347
9788184780987
9788171818181
9781451190441
9789354977855
9789354977879
9788196908874
9780961163297
9781009814539
9781009818315
9781009798549
9781009798105
9781107640542
9781009060943
9780901865267
9781420530551
9788171390007
9781009643092
9780865425637
9788189645267
9780872291447
9781009498449
9781421454184
9781009709798
9781009408288
9788123919959
9788123904146
9789387511064
9781009770484
9789386769893
9781407362939
9789326354448
9788121618397
9780956809643
9788186026366
9788184876925
9781009675109
9781447277187
9789380358598
9781009685443
9781009569354
9781009569392
9789385152351
9789380658452
9789380658209
9788187671336
9789380283289
9781009495974
9781421453545
9781009364010
9781009643191
9788178061078
9780911079050
9788178690940
9789698957483
9780727759795
9781435487802
9780979761935
9781529668773
9781009419208
9781009598477
9788185396149
9781107508545
9781107508552
9781107508682
9781107508712
9781009707664
9781009707671
9781444144161
9788120728882
9788123909912
9789380156538
9781416022237
9780915391394
9781009679091
9788126528097
9780892879311
9780891168430
9781009433754
9781009660631
9781009588102
9781009448734
9781009614115
9788176000000
9780007438570
9780007415472
9780007446421
9780007341245
9780007415649
9780007438631
9780007438648
9781451107210
9781009511360
9781435486157
9780991563555
9780992424909
9780882291581
9789381335499
9780860035350
9788173716102
9788176496872
9788121927413
9788121927284
9780949432094
9788170086697
9780632025657
9780070593725
9788131805404
9788125941941
9788121923453
9789382730057
9788189645113
9781009685047
9788183990028
9781009724296
9781009539586
9781009547185
9780984193318
9788173713323
9788181805904
9781009393614
9781009598576
9781009769617
9788188573622
9789381302378
9781009180139
9788190042291
9780230527287
9781009515719
9781009515689
9781009636896
9781009374125
9780521728416
9788131910771
9798282305388
9780866475938
9789350620779
9788185822297
9788175364516
9789351199434
9781009652988
9781009780605
9780143418870
9788190904612
9788130900193
9781009074711
9789351191902
9781009649810
9781433197758
9788176211376
9780923369316
9781009165822
9780873899840
9780894351167
9781009479455
9781009635271
9781009635257
9788125052500
9788121941501
9788171818167
9788171818198
9788188573929
9781009572873
9780946148813
9781009706650
9788170543695
9788184420517
9781009449380
9781009640367
9780983275756
9780941158893
9788120720909
9788176935586
9788174469335
9788181803436
9788123755014
9789353521448
9789350486399
9788184044133
9788123744377
9788184046762
9789352512874
9788178694757
9780997400199
9780143460886
9788132107156
9788186791769
9789350040423
9780340847008
9788170351733
9780989884877
9781009679015
9788194754046
9781009482561
9788180280221
9788188569595
9781009726917
9788126308927
9788126528370
9781009451741
9788186623060
9788121605397
9788173669477
9788170543800
9788184620849
9788126306183
9789386054180
9788131905951
9788184355352
9788187680079
9788174468543
9788173713002
9788121941556
9780241648995
9780763796396
9789348734099
9781009400053
9781009598705
9789339203405
9788192850740
9788170215165
9781009669542
9781009300902
9781138581715
9788174468451
9781009221245
9781407655871
9781009675376
9781009675369
9788125937005
9789381703106
9788122400908
9781009446945
9788131900369
9789383154203
9781009328807
9781009622066
9788170709725
9788184045567
9788121619776
9788131708330
9781009461054
9781009461047
9781009518765
9789350486221
9788170217374
9788184046786
9788170543619
9781407363707
9780980224795
9788121500012
9789381431788
9788123710846
9788122420449
9789367254738
9789367253250
9780199455294
9789367257487
9788123756929
9788184875119
9789351073826
9781449686666
9788125055600
9781009272353
9788189645441
9789785237405
9780879074487
9780979457289
9789352530427
9788193036129
9780852728239
9781009660488
9788131910108
9788192571003
9789350717462
9788186026229
9789381302576
9781009405584
9781009326346
9781009539302
9781009337656
9788185229300
9788178695105
9788170543015
9788121618236
9788126306213
9788121619653
9781400351855
9781420529630
9781138583122
9789389691795
9780074621868
9781419786082
9789389662528
9788121926461
9788121938532
9789351073604
9788185240909
9780195687422
9788123905334
9788174469298
