9780972980388
9781009446587
9781009619714
9780187218528
9781009665759
9780878720750
9788183327763
9788125600008
9788121931304
9780996725538
9788126515707
9781009674508
9788121616508
9781591749356
9780993624261
9780851989327
9788173715303
9780070145832
9788170944263
9788184121711
9788125942672
9780981576442
9781009335317
9788125004295
9781009581004
9781009644440
9781009420242
9781009618328
9780853125792
9781421454580
9781003864240
9781405991605
9780964680487
9788170705352
9788170705383
9789387578418
9788185038872
9788125952046
9781009613453
9789351863038
9780077167813
9788193073704
9788123743417
9780901601841
9788121615631
9788175249318
9788123741147
9780865432871
9782874910227
9781009420303
9781009644358
9781009687867
9789383283118
9788122421361
9788126523955
9788131808191
9788123779768
9780956307088
9789382618805
9781399210768
9789353527655
9780195667356
9781399962155
9781399219365
9780871710123
9788178623788
9789354978227
9789354978081
9789354978104
9789354978289
9789354978067
9789354978159
9789354978043
9789354978197
9789354978135
9789353523664
9789354977589
9780190137281
9789367251881
9789367250570
9788198740519
9788126301959
9788175300538
9780983908753
9780071332453
9788184770032
9788126330669
9781009446983
9781009565707
9789390585359
9789389368611
9788170949763
9788178694986
9781584795865
9788132116011
9781421454412
9781009589505
9780887487293
9788180521997
9788170543671
9781009647854
9781009647878
9788130923642
9781009481779
9781009447027
9780874881509
9788121929684
9788125039174
9788121930994
9788125949626
9780874880410
9780545152969
9780948153273
9781009373715
9781421453668
9780985471095
9780999165034
9788125023357
9788121507127
9789380200118
9781009636926
9789325975149
9780859767415
9781009500456
9781399829960
9781399525992
9780992858193
9789350468739
9780900952647
9781009591201
9780879861292
9781420982817
9788178244693
9781009215824
9781009280600
9781009113229
9781009015967
9781009703451
9781009332088
9781009031202
9789386237118
9781009314039
9780867306774
9780887232459
9788180566905
9781316616321
9781009558945
9789386515100
9788170544999
9788121926393
9781009455411
9781009455398
9781009426800
9780854440832
9788131901816
9781009651875
9781009733069
9780966263534
9781421453965
9781405973243
9781009319898
9789383076062
9781421453149
9789355433114
9780986437779
9781420534672
9780977861644
9780861874620
9781421454160
9788186049051
9789384247492
9781009675482
9788176292252
9780980239577
9788185861371
9781009566681
9780930323707
9789387023697
9781009670241
9781009358781
9780901333551
9781009681636
9781420532180
9780857238528
9789350043202
9789694072807
9781634607810
9781009544412
9780904148640
9781009712774
9781009712781
9780866986144
9788188629169
9781009669023
9781009730372
9788175365049
9789694070810
9799693517520
9780901853653
9780913785829
9789380658896
9781523089017
9788185952819
9780993941139
9780937666777
9781405967761
9781009553278
9788170623632
9798885750820
9788197605703
9781420529791
9781009459914
9788184621341
9788123761855
9788177589351
9788173713231
9789384478148
9781399560238
9780988293946
9788175812925
9780931170928
9780940490345
9781009436335
9780956582492
9781009206204
9781009748179
9780997773552
9781009407724
9780920119853
9781009506007
9781009505994
9781009492973
9780878144365
9781009315760
9781009654555
9781009701488
9781009701525
9788185094342
9781009661249
9781009689328
9781009627313
9781009627290
9781009343909
9781009608114
9781009608121
9781421454337
9789694962801
9780934375825
9780853186403
9781009513876
9781009513869
9781009663311
9781421454658
9780143444640
9788171562114
9788188237999
9781529186376
9781009648448
9781009583701
9781009583718
9780854440863
9781009710718
9781009710725
9781399559317
9781009705257
9781009705233
9781009439435
9781009671453
9781399041904
9780995801134
