9781009527217
9780997848274
9780979921988
9788123748801
9781418005788
9781449648015
9788180563782
9789325977587
9788178623740
9789353525644
9789350486382
9789353523602
9789353522537
9788184877267
9788123916286
9788125007487
9789361032820
9789361035265
9789361034947
9789361034589
9788123766959
9789354970009
9789354971396
9780070589384
9789361032424
9789361031083
9789361030697
9789361035616
9780190132361
9780199488292
9780199488360
9789367256169
9781416027300
9788131906149
9789350236314
9780190131807
9789367252659
9789367252680
9781447174783
9788184731187
9788189403065
9789390911950
9788131910146
9788121619141
9789382618331
9789350486979
9788188790340
9789383111138
9789351100324
9781009602631
9781009358811
9788120615700
9780955247392
9788131910979
9788131806272
9780230328884
9781423901891
9788174468888
9788174469274
9788183230414
9781003864288
9781009180764
9781009578622
9788185616940
9788192723297
9788123731308
9781009305020
9788195983797
9781009760225
9780791065334
9781009413992
9788121924306
9788174467287
9781009601023
9788186307090
9780857507341
9780960125982
9780991389490
9780801047558
9780952274469
9789608616387
9786188331242
9788121941853
9788176553131
9788121927000
9788121935258
9788170709558
9780870652844
9789386546319
9788184350043
9789937007979
9780834757738
9781421451763
9781009610742
9781420531848
9788183326254
9788183326292
9780872869448
9781009364119
9781420531749
9789355213839
9789363869127
9788121620338
9788180387623
9788191064285
9788121615723
9788190511216
9789381335727
9789380156682
9788131917008
9780853124245
9788120344594
9788122415797
9789694073774
9788125010883
9789251078631
9781009499446
9781009561105
9781009669450
9781009298322
9788122203158
9781009566872
9780906245514
9789350233986
9788173711237
9781009459990
9788129701428
9789351424444
9781009498272
9780888397959
9788193498323
9788127241285
9781009699808
9781009706834
9781009613712
9781009613736
9781009501347
9781009325615
9780913785904
9780889714984
9781009651363
9781009651356
9789351106043
9781009466578
9788126552672
9788122449945
9788131311004
9788121501828
9781009598644
9788178241333
9788185119267
9781840598155
9780975621622
9789382618201
9780863114250
9780195615722
9788181468246
9789381626870
9780975623046
9781009629362
9781009223201
9788123779102
9789350070260
9789351416319
9789351416142
9789353529352
9780198418917
9780198395799
9780198408444
9780198408468
9781237526754
9781237526761
9789367258187
9789367258668
9789367254479
9789367255315
9789367257302
9789373745732
9789373743875
9789373747828
9789373747613
9789373744438
9789373745589
9789373746258
9789373740614
9789373745053
9789373748047
9789361032561
9789361036361
9789361033322
9789361039454
9789361033209
9789361035425
9789361037511
9789361035609
9789361037313
9780190137359
9780190137373
9780190137380
9780190137397
9780190137465
9780190137472
9780190137496
9780190137502
9780190137526
9780190137564
9789361031113
9789361030956
9780190135188
9780190135195
9780190135201
9780190135225
9780190135232
9780190135249
9780190135256
9789367254417
9789361035869
9789361034060
9789361033834
9789361037887
9789361033438
9789361037627
9789367256121
9789367258699
9789367253588
9789361035319
9789361033896
9789361031229
9789361030871
9789367256459
9789367252529
9789367254400
9780190134945
9780190134969
9780190133795
9780190135027
9780190131968
9780190134983
9788170543886
9789367256176
9789367255278
9789367257456
9789367252833
9789367252949
9780190132262
9780190132286
9780190132293
9780190132309
9789367254042
9789367253823
9789367251621
9788194049449
9789355205889
9783030113872
9788126538683
9788121615068
9781426224591
9781009527804
9788130900315
9781009687713
9788122200430
9780994296245
9789382711377
9788194740001
9788173195075
9780881442755
9781009631167
9789354974205
9789350366370
9789350366387
9789350365298
9789385494123
9788121922968
9780199496556
9781009539265
9781009329040
9788125056713
9788170193753
9780908598557
9788174530561
9780993560774
9781009524469
9781009505109
9781009505123
9781009417419
9781009292894
9788178690759
9788185116426
9781421453569
9780916094522
9781419771125
9789382400295
9788121614788
9781421518954
9781009646550
9781420534719
9780859767422
9788190843379
9780852987940
9788120334441
9788125906308
9788185116617
9780999280317
9789367255087
9780190137250
9789367253793
9789367255100
9789354975356
9788128026027
9789367257722
9789349941649
9789367257753
9789349941007
9789367251997
9789349941731
9789367250433
9789349941762
9789349941489
9789349941496
9789349941861
9780198396390
9780198396406
9788125036852
9789354977558
9789386347206
9789386110398
9789382471509
9780954106898
9780706999280
9789630538718
9788170543480
9780863114069
9781009658867
9781009658812
9780932624475
9781420531879
9781009500791
9780874344172
9780993804304
9780861549825
9781009527309
9789812530714
9788132117940
9781009325899
9781009470315
9788184047844
9788173668555
9781009691383
9781009656139
9781009644631
9780974490687
9781009730525
9781009730518
9781009543712
9788125042020
9780953494453
9788183322911
9788121933728
9788121933629
9788125038672
9788189645250
9788122202571
9780998173696
9789349941175
9789361032400
9789361031311
9789361032714
9789367252499
9789373745077
9789373741604
9789361035067
9788122204209
9789389688467
9788125059202
9788125056065
9788123728278
9780195793635
9789694071299
9789694480329
9789388754279
9788170706212
9788170706229
9788170706236
9788170706243
9788174455246
9788125018506
9780952731177
9788188790357
9781397670328
9780071240024
9781009677578
9788170707431
9788120739819
9788120739833
9780241626511
9781421454702
9780916589271
9781433844317
9781009674249
9781009674201
9781009565745
9788173716522
9780367268244
9788122411690
9781439080757
9781009698702
9788120757417
9781009241342
9789388159548
9789388159555
