9788175249424
9788125013464
9781449601973
9781439048757
9788122432053
9788172332747
9781433195143
9781421453422
9788184350814
9788183602105
9788183990967
9788172337681
9780877627111
9781447372110
9780195667332
9788183321716
9788183321747
9788183321754
9781009549059
9781009590914
9789694963464
9781009605847
9781009605823
9788170560944
9781009592468
9781009592413
9781009479318
9788170193296
9780998424620
9788123914282
9789694251004
9781009733151
9788177001952
9781009809818
9788125056195
9788131900994
9781484285466
9780925760159
9788125021773
9788178553771
9789385915604
9781009614320
9789810621117
9788125052586
9789383110636
9788171853908
9788126310319
9788174452368
9788121502771
9788185396095
9788121614757
9781009054454
9788180565434
9788180566301
9780982456460
9781408283394
9788121616386
9788132232438
9789698721206
9781009287159
9788172339241
9781581138184
9781407363660
9788174462114
9788126548781
9781009487771
9788125909330
9788126518616
9780995532380
9789383684472
9780903200264
9781009647281
9788125037156
9781009273046
9780970801074
9788183230131
9788174468307
9781009619592
9788120798885
9780881732313
9788123715254
9781009705134
9788193424704
9781446294345
9788131961346
9781009656078
9780875243092
9789386221957
9780857467713
9781009486156
9789352033188
9789353527105
9780871716446
9780871715715
9788186270011
9788125047476
9780190133245
9789367259221
9789367251218
9789367253984
9789367254974
9789367251973
9789361030857
9789361037016
9780907125488
9788178243443
9789353528140
9788123747354
9788184621396
9788192555720
9781009650939
9781009635356
9781009692885
9788126515271
9781003863106
9780853617792
9780853617754
9788183326858
9789350362570
9780864493224
9788170333241
9788121620529
9788170041900
9789352340910
9788186103814
9788182748507
9789937761000
9788123751108
9789351105664
9788170704072
9788121614771
9789387578944
9789350620274
9789839604467
9788172333188
9781009221498
9788126541089
9781447374978
9780874476262
9781009045421
9788119922161
9788125031604
9781009664172
9781009645492
9781009671446
9781009421874
9789365619645
9781009595216
9781009595179
9788121939829
9788131906019
9780304331710
9788190223997
9781009738378
9781009738392
9788170690368
9789381043318
9788189147051
9781009542180
9781009704601
9780917010286
9781009587686
9780903166539
9781009722537
9788184305241
9789698460235
9781009295840
9781433188930
9789384247348
9780857306197
9781447138570
9788175224308
9789385077463
9781529982015
9788184650532
9781419778735
9780749442378
9788174468345
9781009645508
9781403924735
9788121929844
9788121919340
9788121924238
9789326351669
9789350487136
9788190607223
9781399210799
9780978556877
9788173719035
9781788284080
9789373744971
9789373749761
9789373740096
9789373747590
9789373742410
9789373744162
9789351380139
9781009012294
9789351865117
9789350486252
9789352768370
9789351551331
9788130934112
9780871716316
9780871714855
9780871716064
9780871710437
9780871715838
9789367254189
9789367255353
9789367259610
9789367257074
9789367255339
9789367250396
9789367250266
9789367254585
9789367256992
9789367256534
9789367255308
9789367257036
9789367255469
9789367259740
9789367251300
9789361036279
9789361035081
9789361036231
9789367258750
9789367257883
9789367259580
9789361032233
9789361036354
9789361036019
9789361038785
9789361036491
9789361032202
9789367257982
9789367251348
9789367252611
9789361032257
9789361031687
9789361030970
9789361038709
9789361030208
9789361031878
9789361030147
9789361039485
9789361036453
9781449644932
9780871714015
9780871710444
9780871716224
9788125042792
9788123766508
9781526802552
9789353520021
9788123741369
9789387860391
9780143103028
9780143064848
9788186470220
9788121617734
9788121615952
9789390659289
9789350486696
9788186791752
9788121929707
9788120821750
9788121615938
9788121618267
9788172760823
9789386102782
9789384986087
9788174530523
9788170501152
9789385887314
9789351039808
9788181807427
9781009322331
9788174468420
9780906245521
9781009352741
9780872016644
9781009272070
9781009631310
9788171981236
9789361134500
9788184082234
9788184300475
9781843545033
9781009244428
9781009632768
9780913351468
9781009559010
9780521898799
9781009646321
9788170704140
9788130910192
9781009813198
9781009813143
9781009813235
9781009813273
9781009813334
9781009813341
9781009813297
9781009667920
9788121937887
9789350238165
9788170946496
9781009231473
9781009231480
9781009231466
9781009227353
9781009227360
9781009228404
9781009228374
9781009231442
9781009536561
9781009536578
9788123744261
9789386224774
9789388754354
9789350040492
9781009348690
9780950791524
9780986023132
9780993350498
9788174468536
9788123922539
9781009436946
9788131217092
9789385724237
9780977556922
9788121938341
9781009683159
9788183241977
9781407363684
9798123913765
9781447377443
9788174530837
9781844471614
9789381302798
9780367025304
9780691114118
9780963446688
9781399951685
9788126309283
9781009507547
9788189738204
9781439081754
9781009611862
9781471804106
9781009821377
9788170947899
9788176496148
9781845570293
9788120755727
9789382322153
9781009539357
9780989256124
9788132231240
