9780989177634
9780933775442
9788176554961
9780948543494
9781009646789
9780875659565
9788173713132
9780853617778
9781408721490
9789383260171
9788120842953
9781407621852
9780851249582
9788120722460
9789390514090
9780990371724
9780980757903
9781408863534
9788130926919
9788173811081
9788120310490
9781529981988
9781420286328
9781399976053
9788193747056
9781406911022
9781009502870
9780921075028
9780853617785
9781441347206
9788121507998
9781445481043
9781009708272
9780333778227
9788173716638
9783446228481
9781009342957
9781399545228
9789810164300
9781009496155
9780878202492
9781009453738
9780995712775
9788125015901
9780859767460
9789350330593
9788184890259
9781009699754
9780899709994
9781039055940
9788181378781
9788181371461
9789388632119
9788181378705
9788181378910
9788181378927
9788181378934
9788181378941
9788181379696
9788181379757
9788181375964
9789385914010
9788183240925
9783030115777
9788177586473
9789384030377
9788125032397
9788190339797
9788125053446
9781009537407
9789385039379
9788187680017
9781009512978
9780863113680
9780949578716
9781032634265
9789381626016
9781009488754
9780992834197
9781009660570
9781009660600
9781009673167
9788123781334
9789380376745
9788189854386
9780992972486
9780907854289
9780970519603
9788178241661
9781009665971
9780924922282
9781421453729
9780999122365
9789385401329
9788121936088
9781632876577
9788121937863
9789352134656
9781009644228
9788184970562
9788184040760
9788125053354
9788184970579
9781009769747
9781421455075
9788188569274
9780888903808
9788195316038
9788178440187
9789354979378
9789354979392
9788132113638
9789699370052
9781009644273
9788186921784
9788174530158
9781406774207
9781009805094
9781009805667
9789354979323
9780996878579
9789351503217
9789354979361
9781009535335
9781009535311
9789354979385
9789354979408
9789354979415
9781009570145
9781009570121
9780606368889
9780861252961
9789326351652
9781419775260
9781009740043
9781009675932
9780190137182
9789354979590
9788123731322
9789354979927
9788121618687
9788171851294
9780995781634
9788180565564
9789390818075
9781009621632
9788125051787
9781009546744
9788174504814
9789386850362
9780143453796
9789382358770
9780195656091
9780195657739
9780190133610
9788125051763
9788182093515
9781009584012
9781009584036
9788126550838
9788181930460
9781003863892
9788193231951
9788121931236
9781572842854
9788175974395
9788183225625
9789350092361
9789351033219
9781009643269
9780995580824
9780872638518
9781039014305
9788173714498
9781009684101
9781009684057
9780984213597
9780897227483
9781009638081
9781843653592
9780982468388
9781009408073
9780850212860
9789815293456
9781009627696
9780907434290
9780985374846
9781009321488
9781009360036
9789380607276
9781443475822
9788177225723
9781420286342
9781420286359
9788130902517
9798885750837
9788170623649
9788197605734
9788188573981
9788170543855
9789382358756
9788125042679
9788173872242
9780435996956
9788120324138
9781009663250
9781009289481
9788183572873
9788189645809
9788125026426
9781398260672
9781009634328
9781009634281
9781009498609
9781009498593
9780966186567
9781009596725
9781534969223
9788126305179
9780989369565
9788131225585
9789395287692
9788184951394
9781039012356
9781009550222
9788177669640
9780957502369
9780195604429
9781399211062
9780880390774
9788193324356
9788189403089
9788126536092
9780761997153
9789699903021
9788193445983
9781338299427
9781005481780
9781005527266
9781005147471
9781005519940
9781005721640
9781005343378
9781005214753
9781005533137
9780985374839
9789384406554
9788123761916
9781542044172
