9789350001561
9781009461283
9781009417334
9781009608572
9781009651943
9788186563106
9789985099032
9789380033761
9788131902059
9788120338180
9788120324404
9788121920919
9788173716782
9788121905145
9781009642972
9780521736411
9788125052241
9788173703096
9781009586160
9789350482117
9789350040263
9788172131432
9789381162149
9789380618593
9789384987107
9788170193234
9780863113765
9788188237104
9789694023786
9781009650694
9780872813076
9788185046174
9788184890273
9788172334949
9781009587754
9781009718103
9781009640428
9788126557622
9788121912617
9789380376301
9781009619523
9781009550277
9788125014805
9788125014041
9789384566029
9781407362458
9788125041047
9781003863403
9781784159399
9789385724008
9789367255728
9789367252154
9789367259573
9789367255889
9789367254004
9789367254813
9789367255605
9788123745329
9788123740584
9781009056076
9781420286373
9781420286380
9788131911679
9780992552855
9780996223850
9788131908075
9780853186212
9780857854162
9788173710926
9789384028282
9788186706718
9789350486238
9789350486627
9780871548252
9781009417945
9789350231227
9788171946495
9788131503119
9788120343160
9788170944225
9788170947943
9781844140374
9780903345064
9788120764767
9780998348452
9780995533561
9788172333997
9781447998358
9788170702290
9781009663571
9788170219125
9789386041692
9780865435315
9781009486699
9789325975170
9789325978591
9781009421027
9789383283101
9788187325369
9788172764593
9781009098137
9789387925489
9780992424534
9780853186144
9788180563966
9780956777317
9781421454030
9788176631105
9789360743062
9789381335888
9788181289162
9781138581944
9788171949984
9781447174622
9788122435047
9788121929462
9788177588163
9788131716540
9789389477023
9788125033738
9789367256305
9789367252932
9788123734965
9789353526948
9789350366202
9788125063247
9789391067410
9788125059523
9780871710550
9788184355369
9788178623702
9789388302241
9788121620567
9780190132316
9788178242545
9789386092373
9780907780168
9780970344939
9788170707387
9788170707394
9788170707400
9788170703365
9788170703372
9788170703020
9788170701477
9788131908273
9781009576352
9781009634069
9781009372411
9781009571845
9781453336168
9788122435672
9781421453606
9788127251079
9781009692977
9780852727553
9781009691116
9788125024958
9781419780936
9781512097726
9788184970906
9789351039839
9780995740198
9788123778808
9789359718316
9781137535573
9788183243841
9788125002727
9788189161941
9789937203630
9788121617680
9788122419269
9788170081494
9788131908686
9781009576970
9781009435079
9788125032168
9789350892534
9788180221507
9780906227404
9788193877296
9780190130602
9781009697521
9780944992395
9781435173415
9780190136345
9781421454436
9788131907443
9788121613323
9780871716095
9788122418002
9788176936927
9789354970276
9789354971198
9789354971242
9789354971259
9789351032809
9781009197731
9780852936917
9788125055853
9789353528218
9788123765501
9789381431603
9789353454487
9780852726501
9781447174295
9780884165781
9788170212898
9788171671991
9788126308965
9780979874734
9788125030492
9781009619394
9789350121948
9788170521921
9780943255033
9788175242111
9788126122868
9781449629359
9781009673716
9781009673709
9781009630108
9781399623865
9781009530293
9781009530323
9780340849743
9788122201406
9788180560361
9780891169758
9788121929189
9788190864213
9788121612937
9788126319558
9788171542062
9781009714761
9780991301157
9781421454054
9788183770927
9788121504744
9789327277678
9788171566082
9788186791332
9788124504376
9788122200805
9788131901526
9788176553193
9789381302644
9788122201789
9781009564922
9781009564885
9781009747431
9781009747400
9780989177658
9781421453750
9781420530469
9788170947097
9788183820769
9780976614692
9788174469045
9781009622936
9788188739257
9788193824702
9781138583184
9788182813670
9789350717417
9789384139100
9781009606271
9788189645434
9788185116587
9789382358732
9788186618264
9781009698443
9781421453088
9781009431484
9788121617390
9781009441308
9781009670685
9788126542918
9788178694696
9788172334871
9780982933510
9780992837754
9788125918608
9789311127385
9781009383035
9781009452458
9781009980159
9789385152085
9788123721101
9789353525651
9789367253571
9789373741567
9781009272186
9788173716386
9788196175184
9788174468840
9781009612319
9780992329785
9788125051749
9780936115009
9788126540617
9789350481158
9788189059194
9781009500135
9781009500128
9788121928328
9781009450928
9789380250472
9780992858162
9780990625964
9780857051264
9780241634653
9781423464952
9788183231015
9788122001877
9788178243160
9788176000048
9780761995005
9788189487973
9788185002910
9788173710056
9788125015826
9781009842464
9789382186205
9781009590549
9789388266895
9788125953081
9781009641678
9789383746804
9789352132874
9788174468772
9781009707992
9780706989670
9789327227932
9788190705394
9788185396088
9780691153254
9780691147277
9788184877021
9781407363110
9798123911525
9781009565288
9788125052050
9788120349445
9788174468673
9781009450058
9789327275148
9780521738323
9788182964112
9789386379900
9788122428186
9788125029106
9788126307357
9780857306265
9788121922173
9789352806461
9788178001937
9781009274333
9788126556014
9788121932295
9780981166032
9788125904663
9781009633536
9781009631570
9781435173408
9780993396564
9781039007970
9788126306558
9780977402427
9780972098007
9788126340255
9780190137311
9780190137328
9780190137335
9780190137342
9789350487198
9788172241148
9789390659937
9789388689687
9789326355001
9788184049411
9788180522895
9788190208697
9780857306227
9789326355018
9788126314522
9788176211253
9780861967575
9781421454016
9781399812306
9780957554993
9781009444828
9789326351607
9781408507568
9780190137304
9781009015233
9788126320103
9780956410078
9780190137038
9780190137045
9780190137052
9780190137069
9780190137083
9780190137090
9780195607703
9789353528454
9788197876806
9788126313938
9789357750790
9788193073711
9788123779973
9781009671354
9781009671361
9781009402583
9788126313112
9781009617604
9788123707518
9788121614580
9788170543220
9788193231968
9781009714358
9780986622571
9788180280184
9789389833409
9788173717291
9781009108348
9788121611244
9788125052630
9781429206426
9789350462317
9788125056058
9789367258392
9789367255841
9788125059820
9789354977060
9789354976971
9789354977077
9788172337780
9781009766289
9781009766258
9788190662239
9788121618625
9780854903115
9780883823156
9788125022541
9781009658287
9789381162262
9781009782104
9781009733816
9781009532778
9781009633895
9781009633871
9788185636405
9788122433630
9788178244976
9789350714942
9781009676243
9781009711364
9789383158218
9789386385468
9788122314809
9788120747760
9780871548528
9789380250021
9780850368017
9781942483212
9781009570879
9788185843230
9781009660525
9780930326180
9781009011198
9781009682619
9780859767439
9781935677567
9788185680156
9780070648180
9781009625760
9788131504345
9781433167270
9781009527200
