9788170351689
9788176465359
9788187560012
9788170228974
9788176760607
9780099193715
9780007140008
9788174731104
9788170305538
9788190749633
9789380852638
9780141193632
9780981783048
9788171888191
9788173199226
9788175363427
9788191083316
9788170175537
9788187606734
9788121513166
9788193513910
9789386237002
9789388789356
9788176224291
9788176220507
9789352940936
9789388789639
9789388789387
9788170355601
9789350300398
9788170306948
9788184541700
9788170301592
9789383692729
9789385055980
9788170194224
9788183765220
9788183764667
9788183764766
9788183765169
9788183872041
9789385995262
9788174350091
9789388008976
9788183765213
9788120724297
9789351524656
9788186469842
9789389587517
9788121102230
9788178838953
9788175418608
9788175417083
9788175418875
9788189948313
9788188934980
9788121109567
9788173290190
9788183766036
9788170358602
9788176223034
9788178510873
9788183304658
9788170195207
9788170309055
9788174533777
9788184541632
9788170301769
9789350501559
9788193783139
9788173056215
9789380852454
9789351525462
9789391123109
9789389719857
9788170352471
9788183391627
9788194483083
9788170303008
9789386262837
9788181521996
9788184501452
9788170305972
9789389412284
9789385915499
9788120334250
9789352211777
9789389412215
9780006732259
9788170821403
9788121511049
9789385161469
9789386763556
9789383284382
9788187566519
9788120349926
9788182746978
9788188643219
9789385161438
9788170174011
9789385509070
9789350253885
9788173052651
9788172337254
9788121108980
9780099107514
9788192173801
9788176465304
9788170351788
9788183764513
9788185421698
9789381511534
9789381617038
9788179104903
9789350903063
9789385161537
9789385676338
9788184487008
9788172330262
9788120724518
9788189765118
9788170308782
9788123000466
9788183823036
9788171339853
9788188000197
9788178242729
9788186937969
9788187649885
9789389184068
9788172245672
9789383625574
9788185220208
9788185431925
9789380428413
9788176220194
9780140549584
9788170228677
9788170355083
9788170354369
9788177543148
9789350300183
9780099364405
9788173030024
9788170194385
9788176462945
9789390588329
9780471011453
9789350903629
9780094661806
9788188826568
9789386283535
9789352500062
9788121513210
9788170334866
9788130908670
9788131603550
9788183764742
9788183764773
9788171692163
9788183764735
9788183764780
9788121914413
9788173055867
9780439963565
9788192091204
9789385995392
9780140375916
9780140219715
9788179931851
9788183765107
9788185132051
9788190626057
9789394023093
9789385995385
9788170300083
9788173053689
9789388173469
9789350300152
9789386618368
9789350302385
9789386102393
9788176466240
9788182747906
9788170195191
9788188827558
9789381617229
9789351247616
9789351247531
9789386237125
9789385995668
9788172050191
9788170307426
9788121102827
9788171321018
9780141382326
9789393405210
9789354390487
9788187317135
9789385161230
9788170332220
9788121505925
9788131100240
9789381617236
9788170223368
9788183764032
9788175416987
9780130018519
9789386578006
9780983937807
9789381484104
9788187671343
9788174362728
9788178845326
9789384649012
9788186190944
9788184501605
9789381617168
9788122438048
9788193513903
9788187498698
9789350300510
9788175415461
9788176222440
9788176222808
9788122434507
9789380428857
9788171396542
9789353434267
9789385055904
9788186580295
9788182748774
9789386322982
9788188934232
9788188827206
9788183247023
9788121109222
9789386223715
9788188827411
9788192970554
9789386618191
9788185046778
9788171696680
9789380076300
9788121511865
9788131503218
9780241109885
9789387578333
9789350303146
9788178846422
9789351247685
9788178846392
9788120353152
9789388043663
9780205325443
9789389184358
9788172337537
9789381218457
9788175417809
9788176221900
9788174367273
9789387282193
9789385995156
9789351130222
9788121933490
9788178835969
9789380179605
9789350300121
9789350301043
9780140455410
9780974501451
9789351527473
9788189473471
9789350023778
9789350502976
9788189233723
9788121000536
9789350905142
9788189729295
9789385494192
9789385494208
9780091506902
9788177080063
9789350536926
9789381523025
9788171882632
9788170355335
9789386453228
9788178235820
9788171828340
9788186732656
9788184489941
9789352132775
9788178847177
9788175412958
9789381141441
9789388020442
9788170302544
9788176222525
9788177420425
9789385995439
9789351307457
9788170303640
9788188452231
9788186190388
9780023456015
9788171883356
9788183821698
9788170308201
9788194465935
9789389628036
9788121101219
9788176466134
9789386618252
9788176465038
9788178803432
9789355590831
9789381714928
9788120340107
9788182748484
9788170353522
9788173200243
9788176481465
9788186265734
9788170355281
9788192537177
9780907151432
9789386652140
9788185163918
9789388812870
9788178293707
9788121920414
9789352500475
9780143173533
9788176224307
9788170305323
9788170820925
9788175511255
9780141006840
9789350024966
9789386262684
9788189630485
9788190719049
9789390495818
9788174878267
9788183820189
9788171082155
9788183246613
9789350501115
9788121105354
9789382471301
9788170492955
9789350301098
9788172333102
9788178244617
9789385995361
9780981750040
9788170352020
9789332704459
9788173047527
9788183760232
9788121103329
9788187680147
9788121108362
9788170121350
9789352940905
9789352940899
9789383284542
9789384649111
9789385161612
9780969249801
9780900093197
9788192698366
9788131611449
9789350305027
9780246637970
9780091738822
9788172338466
9780043020043
9788190666800
9788182748439
9789385161490
9788171691159
9780448416113
9788170350521
9788183640213
9789352703531
9789386682185
9788170815501
9780297770985
9788121109024
9789383285167
9789384502065
9788121500005
9780042990118
9789387266025
9789381617182
9789350833773
9788121512794
9788123749365
9789385161599
9780460103473
9788121106801
9788193378816
9788121109871
9788176224352
9788189011994
9788172336653
9789350501108
9788182746572
9788195280698
9788172247201
9788177550801
9788121108546
9788188867080
9788174363473
9788170242222
9788171328321
9789385995224
9789350500576
9788178846552
9788173200533
9789385161513
9788176482462
9788121921534
9788120320475
9780972447416
9789386455888
9789385161506
9789385161407
9789382186717
9788173913907
9780906280508
9788131101001
9789350502631
9789385494161
9789386618177
9789385606113
9789350152980
9788179480687
9788171693481
9789389377644
9788129302977
9788121101851
9780904054125
9788170194453
9788177696059
9789386618115
9780434010172
9788121101585
9788183244961
9789350501221
9789351526773
9789350501511
9788187107378
9788174361431
9788170194781
9788120716476
9789386223340
9789386223913
9789350502402
9788182748613
9780091382919
9788176466707
9788175410510
9788170335559
9788120351745
9788120744400
9780130237057
9788183821674
9788175415799
9789383284115
9788170353485
9788170173915
9789386283504
9788185113197
9788173031007
9788170353744
9789387590564
9780205214617
9788131604489
9788177541762
9789350304129
9789382629504
9789350304044
9788192665412
9780198710899
9789350975107
9788170494607
9788189233457
9789386592491
9788190078870
9788170356929
9789380179582
9788172338817
9788121101035
9788176221863
9788172738884
9788120352117
9789386283498
9788189729943
9780900000225
9789384363956
9788186505373
9788172454579
9788170194989
9788170812449
9788170308461
9788189915797
9788189765262
9788187649854
9788174350268
9789388937863
9788186880180
9788194284611
9788174365057
9788171884216
9788193287804
9780970008008
9788123019796
9788176673679
9780151091799
9788183762731
9788183762717
9788183762960
9789380179971
9788183762724
9788177544756
9789380428802
9788179253007
9788122420166
9788185211602
9788174352521
9788189652937
9789351301028
9789351247661
9788189304263
9788182746121
9788170354444
9789385494215
9780006159513
9788131101100
9789383284160
9788178840710
9789386223876
9789382186434
9780198720454
9788170358329
9789389387087
9788189233402
9789385995293
9789385995279
9789385995453
9780151421718
9780099984108
9788171696833
9789385995033
9780041490145
9788170309291
9788175418905
9780099660415
9788183822602
9788175418103
9788120305014
9788183762434
9788187606376
9788170305927
9789350301371
9789350301388
9788128021091
9788186030950
9789390425259
9788126717538
9788175413504
9788170304937
9788182744752
9788179104897
9788121103756
9789351246275
9788170812586
9789350501252
9789385995583
9788170358244
9789385161643
9789385160714
9789380655048
9788172331313
9789389188806
9789386200433
9789385995200
9788170300557
9788183822541
9789383285471
9788170300922
9788173051500
9788182741645
9788177541410
9789382186458
9788131603505
9780022648404
9788175416697
9788123913391
9789387266018
9789387214118
9789384649142
9789386150752
9789383284887
9789350980996
9789383284566
9788176222372
9788178092201
9788176222877
9788170003762
9788177542509
9788120344389
9788121109192
9780439854283
9789383285884
9789383284153
9788175413214
9788121100991
9788171566471
9788173051494
9788170223863
9788185616520
9788176223393
9788170195122
9789354390647
9789380651408
9780043290422
9788124108338
9788173807374
9788172612740
9789385992186
9788170305118
9788178846378
9789354420344
9788186190173
9788176460019
9788175415669
9788183763158
9789350300954
9789350301319
9789380642710
9789380179896
9789350301326
9788170353133
9788175417434
9788121106047
9788131600481
9788121512206
9788170358350
9788176483650
9789385161452
9789387214903
9788170353355
9788170301998
9788176461917
9789332704756
9788121100045
9788121101387
9788121103381
9789386200068
9788170351269
9789386223616
9789353870096
9788187879718
9788189233105
9788170350569
9789386200679
9788189013721
9789350404942
9788170304517
9789383284085
9788170305699
9788170492641
9789352662227
9789350502921
9788131611487
9789385496202
9789385494178
9789385995408
9788170194361
9789389445244
9788170302964
9788184501896
9788183764728
9788183762267
9789350301395
9788173055164
9789350301401
9789390425143
9788171692040
9788174870643
9788170304180
9788189011970
9789385161636
9789354390135
9788183821551
9788121104340
9788121105200
9789351242383
9788176487917
9789385161520
9789385995521
9780902818699
9788176467209
9789380409283
9780091711009
9780902833944
9789386262028
9788131605462
9780143065562
9788129104168
9788190059701
9789350971499
9788175417410
9789385995163
9788189320140
9789380772349
9788170842538
9780448428314
9788122438062
9788186265871
9788170581925
9788183763714
9788194201861
9780131121119
9789386618603
9788171885497
9788170491088
9788183761895
9789351243083
9788170354888
9788189011741
9788170225065
9789387214132
9789385496196
9788179919071
9788171399062
9788171399055
9789351243120
9789383285495
9788189487751
9788121510745
9789388162593
9781439572672
9788183303088
9788176221771
9789352081837
9788172334017
9788170334361
9788189233808
9789351243090
9788121511834
9788170194514
9788122436112
9788183071840
9789388351645
9788170307037
9788180901843
9788193906552
9788186530122
9789386102874
9780006918851
9788174366719
9788170354529
9789350300534
9789380179803
9788183763028
9788183763325
9788172337773
9788175417274
9788121103862
9788121107303
9788188280162
9788171676088
9788189473808
9788178270685
9788193338988
9789350025482
9788193607428
9789387587601
9788170356226
9788126552474
9788170495116
9788121507004
9789350026557
9788121105378
9788121929974
9789385998980
9788170350408
9788174363206
9788131100882
9789385995309
9789385995286
9788178844411
9780917376375
9789385161544
9789386262110
9788175418776
9788120343795
9788171198160
9789384649135
9788170303541
9780044409816
9789351246398
9788175991521
9788183767088
9788171883486
9788122435948
9788176224369
9788183760867
9788189473822
9788183760614
9788183760584
9788170356134
9788175417298
9788183760058
9789350026892
9788173031946
9788189011932
9788170357391
9789380852287
9788186569276
9788184487565
9789385160707
9788176224031
9788122433388
9789385160769
9789332704350
9788121510004
9788189973094
9788175414440
9788121110174
9789354390180
9788183763042
9788183762427
9788183763790
9788183763660
9788170356325
9788175413559
9788183763288
9788121507691
9788171883370
9788183763769
9788185094601
9788171884742
9788170060581
9789386283573
9788170355212
9789391642037
9788189473570
9788120806283
9780090483716
9788189473389
9788170300236
9788185733715
9788170585053
9788121109963
9789383285686
9788185211930
9788189729073
9788131611609
9789389832648
9789354390548
9788178845548
9788171881932
9788177545746
9780460008792
9789380658285
9789332584822
9788124108390
9788121109420
9788121108324
9789350501696
9788176467148
9788179927557
9788176222730
9788183760041
9788121107396
9788171880812
9788130922904
9788170352464
9789332519060
9781406679311
9788120352285
9789386102768
9788170244455
9788170353751
9780460000758
9788177545876
9788183764001
9788194614777
9788183764162
9788183762700
9788121109086
9788175416482
9788170249177
9788175413726
9788179927649
9788180590368
9789332704268
9788175417991
9788170358534
9788176488570
9789351243526
9789387669208
9788189473433
9780978992965
9780980740615
9788176221375
9788131611463
9788188452699
9788170355717
9788121109451
9788170195382
9788179928486
9788121109482
9788121100434
9788189850708
9789391490058
9788122308358
9788170337904
9788176222969
9788176223355
9780460011020
9788121108850
9789350026120
9789350403884
9788172700416
9780041730029
9788177694307
9780434011551
9789388982931
9780917583018
9788170306597
9788175414495
9788193838273
9788175418271
9789332549845
9788177544978
9789383284894
9788189729134
9788189981532
9788170301196
9780425043127
9780977187317
9788182747326
9788183764117
9789388162548
9788121102308
9788189233938
9788121108188
9780916870553
9788172333157
9788120613850
9789384649227
9788176224468
9788192173856
9789386262097
9788176224208
9788188569885
9788120602083
9789387590779
9789389204179
9780047930287
9788186535387
9788170207214
9788189973650
9788178271651
9788174872210
9788182749191
9788182749214
9788189729738
9788175415270
9788178804835
9789385493751
9788183822077
9788172333140
9788176224079
9788175410886
9789387513037
9780143171348
9789389832921
9788194215011
9788172333621
9789380179506
9789350301364
9788183763387
9789350301357
9788185273983
9788176781671
9788121109208
9788173292972
9788171398874
9780080268729
9788171399161
9788170358015
9789351242888
9788121920926
9789384568689
9788183761062
9789386110787
9788183760430
9788176464116
9789351301950
9788170491217
9788185211121
9789386071262
9789383285419
9789380852645
9789350903018
9788121104395
9788170821434
9788121107075
9788170352884
9788172333904
9788186535226
9788183871099
9788170307174
9780007141890
9780024971005
9788170220305
9788129113313
9789380179858
9789350301197
9788175414099
9789350301203
9789350301234
9789350301227
9789350023198
9788172312275
9788186791622
9788121106962
9788189233747
9788183762991
9788183764131
9788175414594
9789380179124
9788177544428
9788170350583
9788131523070
9788170304838
9788126553372
9789381607688
9789383285198
9788121512336
9788120758742
9788178803296
9788184503050
9788183762403
9788183764223
9788170358008
9788185264295
9788121106771
9788131602997
9788121101554
9788174873064
9788176224154
9788186732816
9788173200403
9788128801778
9788175416154
9788172761271
9788130929910
9789390660452
9788170303725
9789386200105
9788189729059
9788171680993
9789353900281
9789383284320
9788189233419
9788189221065
9788170354437
9788121108607
9789380179414
9788189473648
9788189473198
9788176223058
9788186882191
9788170351368
9789386071811
9788120333550
9780140247923
9788173713613
9788120800045
9788186030998
9789385160882
9788185616018
9788121507684
9788171327508
9788182747401
9788120349025
9788184030044
9788178846699
9788125045052
9788177083422
9780979469206
9788175416826
9788126411658
9788194413790
9788178845593
9788175412187
9788177545005
9788175415638
9780141359335
9789381991008
9788183763011
9788170351283
9788170173960
9788183760324
9788183763240
9788183761376
9789386682314
9788186030141
9780984983209
9788170301431
9788170352990
9788170358091
9789351242536
9788122204278
9788175417823
9789354421808
9788183760126
9788183760621
9788170302414
9788171691609
9788170358183
9788170304296
9788183393201
9780130149862
9788171880041
9780241388068
9780006338086
9788170172130
9789383723034
9788173200519
9788121926164
9780901598561
9789350301272
9789350300855
9789350301265
9788170357407
9788170356257
9788170359142
9788183763370
9788183763196
9788183763257