9788183763257					
9788183763776					
9788183763233					
9789352862719					
9788183763004					
9780920417157					
9788170358343					
9788121508988					
9788173053733					
9789386618337					
9788176222839					
9788173051623					
9788177540451					
9780141038339					
9789351243113					
9789388020633					
9788182747098					
9788183760386					
9788170351832					
9788170351214					
9788170305101					
9788121510950					
9788189211042					
9788180697586					
9788170003045					
9788131612255					
9788183640565					
9788170350989					
9788121103763					
9788170304531					
9789385496097					
9788187368427					
9788173801075					
9789352873593					
9788170004899					
9788175053090					
9788186732953					
9780002210935					
9788121102100					
9780141350967					
9788178848297					
9780984846290					
9788184401417					
9788175418202					
9788170357612					
9788131611869					
9788170303602					
9788184889291					
9788177559910					
9788183760881					
9789350512562					
9788121906661					
9788170188810					
9788171425723					
9780977086207					
9788131603369					
9788175417571					
9788131611456					
9789351247241					
9788170353010					
9789385493539					
9788120602533					
9788174362926					
9788176222792					
9788175415003					
9788185565682					
9788187498568					
9788171399116					
9788185616247					
9788176224284					
9780155063884					
9788170353171					
9789383285556					
9789383723089					
9788177542004					
9789387164789					
9788121108904					
9789388317658					
9788170194637					
9788170195900					
9789383284429					
9789386283771					
9788189233174					
9788176225021					
9788126514663					
9789386262516					
9788170186007					
9789385509636					
9789385494253					
9789385160929					
9789380834023					
9788126508181					
9788176462334					
9788121102834					
9789351526377					
9788176223621					
9788131214619					
9788174350961					
9788193589359					
9788186732106					
9788171880904					
9788176371124					
9788174353160					
9788170821380					
9788170620136					
9788170351092					
9788185059013					
9788184952209					
9788193838211					
9788183763578					
9788183764100					
9788183763974					
9788183641050					
9780006425199					
9788121104067					
9789385496264					
9788183761437					
9788189233754					
9788189233600					
9788170354567					
9789386110176					
9788171880577					
9788183760300					
9788183761048					
9788183760287					
9788171398959					
9788185771946					
9788170359241					
9788189471972					
9788131611272					
9789385492792					
9788182744387					
9788182902688					
9788185211824					
9788123728117					
9789383285716					
9788181469571					
9788188827107					
9789383625550					
9788188827008					
9788176223706					
9788182560109					
9788175418424					
9788178846071					
9788178845517					
9789383723454					
9788170305880					
9788172054540					
9788172330514					
9789386228727					
9788187288022					
9789350301241					
9788131601303					
9788120307773					
9788173291432					
9789350259597					
9788183762939					
9788170943525					
9789381450529					
9788178092430					
9789385676178					
9788183764094					
9789383285402					
9789351306672					
9780471005278					
9788177695410					
9788183761031					
9780130347985					
9788121109659					
9788187644132					
9789388162067					
9789385995170					
9788171327805					
9788170492467					
9788176223850					
9788183705882					
9788128836145					
9788131609255					
9788175418134					
9788175412422					
9788170998129					
9788172337636					
9789380318202					
9788186732526					
9788175413399					
9780126729726					
9788187879701					
9788185616162					
9788170495413					
9788175418240					
9788125046981					
9780091216603					
9788170492634					
9788173053207					
9788170302742					
9789387331631					
9789332700147					
9780007166671					
9788120337947					
9788171970001					
9788185972213					
9788184950007					
9788131611524					
9789350027721					
9789383762422					
9788172335908					
9788176222334					
9788176256032					
9788175418035					
9788175415584					
9780982265536					
9788131611647					
9788121101806					
9788121511247					
9788170350996					
9789352763368					
9788121502863					
9788185320038					
9788170352792					
9788170352365					
9788183760782					
9780002315197					
9788189233181					
9788183760737					
9788185320106					
9788185616261					
9788182470880					
9788185616308					
9789388892117					
9788170305422					
9788176467773					
9788171399819					
9788176212786					
9788189233259					
9788178846453					
9789386535146					
9788175414952					
9788131606872					
9789387192461					
9788182748309					
9788177543162					
9788178844640					
9788124108550					
9788170307617					
9788178845579					
9788189765309					
9789380179681					
9788189011963					
9788131603277					
9788187879077					
9788178845180					
9788121903394					
9788183760997					
9788189011291					
9789350259931					
9788182746985					
9788170357001					
9788171880461					
9788175417878					
9788171880911					
9788171880034					
9788121102117					
9789384649661					
9788176467346					
9788176223119					
9788176223171					
9788176220736					
9789388937856					
9789388020718					
9789354390241					
9788185211978					
9788170352754					
9788121508056					
9788184822670					
9789350502419					
9788170194545					
9788121108485					
9780001712256					
9788131200865					
9788175415355					
9788121101097					
9789350501245					
9788126515547					
9788180694486					
9788172310509					
9789384229375					
9789351484004					
9788171886470					
9788170173281					
9788170998105					
9788170302476					
9789386262738					
9788194498629					
9788176224574					
9789384649043					
9780002200929					
9788170307754					
9780979258183					
9789387587618					
9788170493310					
9788178846316					
9788190082341					
9788173053290					
9788171881024					
9788170492122					
9788170263340					
9789381842423					
9788171425044					
9788178843810					
9788183703314					
9789332703124					
9788179101803					
9788181464187					
9788170119517					
9788183764193					
9788183762236					
9788183764056					
9789351246190					
9788170004455					
9788179918234					
9788171164424					
9788187498742					
9788131607183					
9788170190950					
9788175413245					
9788175413184					
9788185137377					
9788170352860					
9780900409417					
9788195331208					
9789385496172					
9788183072083					
9788170337102					
9780041490299					
9789393473196					
9788175418707					
9789387485075					
9788171641819					
9789381991688					
9788188683970					
9788178843186					
9788179930854					
9788189981525					
9780002218047					
9788170001652					
9788173051470					
9788188789795					
9788120328235					
9788187498032					
9788178843148					
9788170494577					
9781401951078					
9780981578361					
9788122004854					
9780131272866					
9788189473600					
9788189233587					
9788176466356					
9788175364790					
9788192301259					
9780919433335					
9788183760010					
9788170302407					
9788175543720					
9788189233334					
9788170999980					
9788184500844					
9789354495106					
9788171396955					
9788176224499					
9788131606728					
9788170357803					
9789385494222					
9788194284673					
9789386535214					
9789352220144					
9788121105064					
9788170303015					
9788170195337					
9789351248989					
9788176465267					
9789386071002					
9788172015893					
9788183602808					
9789383723966					
9788184503999					
9789350300138					
9788189471125					
9788185002330					
9789380138640					
9789383625543					
9788189766016					
9789383625567					
9789332550124					
9788186505540					
9788131605769					
9789380179759					
9788131611593					
9788179919194					
9788171398836					
9788170490869					
9788171395477					
9788170305293					
9788176222570					
9789381084847					
9788187498964					
9788170351870					
9788170355342					
9788171880560					
9788171880188					
9788171880058					
9788171880898					
9788175741744					
9788177541229					
9788194843832					
9788178886169					
9788131604861					
9788176223140					
9788170358213					
9788121501958					
9788189011055					
9788170359128					
9789384588304					
9788170351948					
9788131612149					
9788174871305					
9788175418097					
9788185002743					
9788125049340					
9788191038842					
9788189729431					
9789352220137					
9780140500592					
9788175416956					
9788188204748					
9788131601105					
9788174363152					
9788129114945					
9788187498810					
9780026540100					
9788131605035					
9788170353492					
9789389137811					
9788170001669					
9788183763851					
9788122435580					
9788185771281					
9788185320014					
9789393473202					
9789383285624					
9788177540215					
9788121505390					
9789351302186					
9789388691062					
9788175411487					
9788175413474					
9788170301929					
9788175416314					
9788131600207					
9788131604816					
9788170998051					
9788170302087					
9788193797860					
9780297774501					
9788182749221					
9789386262530					
9789387799004					
9788189430573					
9780140260045					
9788183391023					
9788170495420					
9788175418318					
9788188934461					
9788175417502					
9780971137134					
9788175414259					
9788170262442					
9788188086160					
9788131944769					
9789386682420					
9789351249054					
9789380852720					
9788185972916					
9789350025321					
9788176224581					
9788189011420					
9780155511583					
9788185616179					
9788183760744					
9788170308492					
9788171824106					
9780112900061					
9788129136947					
9788170355656					
9788176481205					
9789352220267					
9789382395607					
9788179105054					
9788171880751					
9788183705899					
9788170305668					
9788170194699					
9789351711001					
9789384502799					
9788171511105					
9788170195467					
9789390660056					
9780140444384					
9789350300145					
9789350023990					
9780141037561					
9788170351771					
9788170356684					
9788187943457					
9788178845074					
9788187853077					
9780006139645					
9788131600443					
9788175414327					
9788186732304					
9780460002349					
9780460000215					
9788175416925					
9788178801438					
9788170352181					
9788174364401					
9789383684991					
9788183760164					
9788171399154					
9788188452293					
9788185771854					
9788176222761					
9788185019789					
9788171198719					
9789350026717					
9780241958582					
9788183640022					
9788175417496					
9788189233228					
9788182471184					
9788170195221					
9789388691871					
9788171395507					
9780451626103					
9789381274255					
9788170820505					
9788188789757					
9789388892070					
9788189233556					
9788192229072					
9788131607190					
9788170118107					
9788175416901					
9789388020879					
9788170358152					
9780007206148					
9788170351047					
9788183763530					
9788174363435					
9788175418219					
9788189011703					
9788177700480					
9788185771519					
9780099329510					
9789388982047					
9780024283405					
9788171640904					
9789381620304					
9789383158812					
9780907544005					
9788131609484					
9788131602720					
9789388020053					
9789384053024					
9788195280629					
9780030858734					
9789388020091					
9788121512671					
9780041930030					
9788171880737					
9788178840727					
9780907579328					
9788123917726					
9788120353060					
9788176224130					
9788176222303					
9780971165267					
9788171641161					
9788175411234					
9789384053116					
9788177697247					
9788171399901					
9780970734945					
9789390652105					
9780143016267					
9788131727256					
9788192924816					
9788170305729					
9788182901438					
9780099450221					
9788170354673					
9788176222457					
9788178989952					
9788183763905					
9788187498612					
9788189011819					
9788121108263					
9788176225038					
9788183761291					
9788171692781					
9788176223133					
9788170357858					
9789381031667					
9788172613235					
9789351246145					
9788185771878					
9788170304258					
9788176462563					
9788175417465					
9788176224161					
9788175417380					
9789351243373					
9788171641697					
9789389165166					
9789351246732					
9788170303695					
9788176463317					
9788175414570					
9788131606643					
9788188452248					
9788170302124					
9788170306634					
9789381607961					
9789385509445					
9788171821600					
9788175417175					
9789350300329					
9780141382487					
9788175418189					
9788193569597					
9788186660119					
9789385273711					
9788177541151					
9788170189053					
9788131234136					
9788177082272					
9788188449231					
9788170358053					
9788175414464					
9780256090154					
9788176225045					
9788172050962					
9788186239124					
9788194186618					
9788121504850					
9788170352037					
9788128811432					
9788121511353					
9788170493372					
9789350025529					
9788170352013					
9788121508186					
9789390425297					
9781442006676					
9789388247375					
9780006548812					
9788171395521					
9788170307853					
9788170946311					
9789388892179					
9788178842479					
9788176220798					
9788172610784					
9788175416840					
9788171641765					
9780199107674					
9789383684182					
9788175414853					
9788183763813					
9780143015314					
9788176464765					
9788187288879					
9780048000446					
9788189473884					
9788186771181					
9780091428808					
9788180565533					
9780099753018					
9788183761086					
9788175418127					
9780140552966					
9788171884179					
9788178271965					
9788185891620					
9788170357834					
9789386283764					
9788170350545					
9788178842448					
9788178846279					
9789385493898					
9789388020404					
9789386200853					
9788171394272					
9789386200877					
9788180313189					
9788175417946					
9788186771525					
9789380772615					
9788175411777					
9789390095025					
9788171010127					
9788186737569					
9788121507158					
9788175417557					
9788170194569					
9788185273952					
9789350027257					
9788185787541					
9788176212601					
9788170302483					
9788186771068					
9788183763653					
9788189011956					
9788180616983					
9788186771884					
9788179104347					
9788131609835					
9788121109154					
9780441797981					
9788191063608					
9788131313411					
9788177543827					
9788170303022					
9788170359135					
9788183760461					
9789387409668					
9788189473815					
9788170998075					
9788175414389					
9788172150211					
9789350026403					
9788170359081					
9788170305071					
9788170307877					
9780006122326					
9780425103302					
9789386283597					
9788175416819					
9788174761200					
9788170305224					
9788170303268					
9788174364326					
9788121511025					
9789387799165					
9780246137227					
9780904693553					
9788185616186					
9780982538302					
9788173046704					
9780140546224					
9788190245722					
9789381031308					
9788170660736					
9788177540895					
9788126449309					
9788195190829					
9780860685159					
9788173056086					
9789390425846					
9788183760065					
9780985066758					
9788170358381					
9788172247461					
9788175417564					
9788188719273					
9788121510776					
9780439860598					
9780919926677					
9780091368807					
9788174353627					
9789388937573					
9789387472891					
9788122405002					
9789381523964					
9789380772141					
9788176221443					
9788183640640					
9788177697148					
9780451510587					
9780099433835					
9788186771198					
9789380224169					
9789350300411					
9780002616225					
9788172453183					
9788183763950					
9788183763783					
9788183760119					
9788183763738					
9788183763868					
9788131611845					
9788170194309					
9788188934447					
9788175411258					
9781417764587					
9780143778417					
9788176223041					
9788175415362					
9780985628161					
9788176221719					
9788170306610					
9788120806368					
9788170352297					
9788175411647					
9788125050544					
9788185990705					
9788183619318					
9788121510202					
9788120322134					
9788121503358					
9788172339845					
9788189765286					
9780140278590					
9780130143761					
9788175414549					
9788121509718					
9788124314678					
9788170307723					
9788182470071					
9788176222754					
9780891587583					
9788190757805					
9788183764124					
9788170355984					
9780140545388					
9789386410696					
9789351121336					
9788131901076					
9788121507349					
9788178839141					
9788175415515					
9788170306009					
9780860681632					
9788180903007					
9788170581604					
9788175416772					
9780903754361					
9788120329553					
9789387809703					
9789351485278					
9788176465946					
9789351309796					
9788179046999					
9788185616117					
9789351526605					
9780441215676					
9788170221951					
9788125933120					
9788173031021					
9780140303773					
9789350025741					
9788183764148					
9788187498797					
9788176223089					
9788172050672					
9788183760171					
9789351243649					
9788171649181					
9788182473904					
9788186939338					
9788175418172					
9788175418356					
9788189652630					
9788188322633					
9780002117432					
9788170304142					
9780199491476					
9788176222495					
9788176222723					
9788176220958					
9788176932103					
9789351223702					
9788175412101					
9788122415100					
9788183640015					
9788183640749					
9788185211510					
9788171641727					
9789380995731					
9788175415782					
9788170003052					
9788170194668					
9788170353140					
9780121983406					
9789380995939					
9788185616667					
9780143017776					
9788175413894					
9789351246138					
9780094713406					
9789386200617					
9788171399918					
9788185891613					
9788176464413					
9789389165074					
9780984010912					
9788187671084					
9788170358268					
9781292146423					
9788131901922					
9788170173977					
9788170494119					
9788121508582					
9788170334118					
9788170194644					
9788172333331					
9788121918787					
9788126532995					
9788175414808					
9788175414334					
9780977768608					
9788176223447					
9788176222914					
9788185208527					
9788186771426					
9788181820853					
9788190851862					
9788176461320					
9788183760812					
9788183760898					
9788187498896					
9788175417229					
9780001848238					
9788170354376					
9788185616315					
9788185616216					
9788121504454					
9788175414884					
9789351242949					
9789351309758					
9788121508087					
9780902308442					
9788195539239					
9780099154716					
9780451517463					
9788185861142					
9788182748859					
9788186469750					
9788171880928					
9788175410121					
9788175411067					
9781409132554					
9788121511179					
9788185616384					
9780907069317					
9788170350460					
9788183764018					
9788170355359					
9788189471149					
9788189011529					
9788173056666					
9788124609989					
9788170359166					
9788179925942					
9788129112569					
9780399232343					
9789386618801					
9781338758146					
9789350172599					
9788184950021					
9788177690590					
9780006716525					
9788184353853					
9789386200334					
9788174350688					
9788174363084					
9788194081913					
9788170601265					
9780981073507					
9788171307227					
9780140502725					
9788171641147					
9788124108642					
9788171881550					
9780060083502					
9788183640978					
9788190390064					
9780141196473					
9788189233860					
9788170493457					
9780001711150					
9788174365828					
9788174362407					
9788173042591					
9788170356738					
9788189233082					
9788122204797					
9788176259583					
9788126524518					
9789350500194					
9788187967040					
9788171164004					
9780007262939					
9788129107039					
9789380188027					
9788170491408					
9780094796904					
9788170600183					
9788170001676					
9788179929766					
9788186265987					
9788189430184					
9789383243136					
9780143061878					
9788171671595					
9788177144680					
9788170303428					
9788170358374					
9788121511674					
9780141194646					
9788183763943					
9788177543025					
9788173293191					
9788175413122					
9788184353082					
9788175415133					
9788131608807					
9788170357995					
9788187967149					
9788175411708					
9788187498841					
9788182902381					
9788175415942					
9788170196136					
9788178063638					
9788129107305					
9788183640060					
9788122440980					
9780121925703					
9788121506243					
9788173051777					
9780002005340					
9781259619007					
9788183870634					
9780425065402					
9789350305430					
9780973311501					
9788183761741					
9780141045382					
9788131608968					
9788192269405					
9788170493150					
9789332518827					
9788194829720					
9788175417212					
9788175416765					
9788123729787					
9788188575107					
9788173055386					
9780441318483					
9781409149408					
9788124108482					
9788121508902					
9788121500555					
9788170308089					
9788177697865					
9788175414051					
9788128824548					
9788175102552					
9781444919882					
9788189473082					
9788121925914					
9788177543070					
9788171427024					
9789350177303					
9788177541977					
9788177546668					
9788170356936					
9788172455095					
9788175415263					
9788170110798					
9788186791400					
9788174731043					
9780471831891					
9780001712010					
9788175101883					
9788170195214					
9780152227104					
9788126449705					
9780971937086					
9780007262434					
9788185047676					
9788182040809					
9788177697315					
9788185002248					
9788170116226					
9780094535206					
9780140600049					
9788174363336					
9788170306658					
9788170357599					
9789350022863					
9780143028499					
9788176222686					
9788121501200					
9788121506526					
9788175412378					
9788176211802					
9788170308706					
9780001848115					
9788192763927					
9788190402972					
9788175411821					
9788170218999					
9788171102556					
9780140548914					
9780001956681					
9789352210770					
9788175410930					
9788184950090					
9788183640077					
9788170352433					
9788189233129					
9788186880074					
9789385986215					
9788175413092					
9788124601440					
9780091798727					
9788172053833					
9788170306351					
9780006278856					
9780901149237					
9780006151838					
9788170493969					
9788193182314					
9788120336919					
9788171424344					
9788187566373					
9780143052623					
9788121614740					
9789332703636					
9789386478702					
9788175410411					
9780985036904					
9788171395514					
9788183763745					
9788186030875					
9780140230352					
9788120322219					
9789351791966					
9788170285014					