9780113316182
9780451523471
9789352501229
9780130518224
9788187496434
9789351288145
9780199185900
9788179924921
9781118479407
9789350909898
9788190340373
9788178082493
9780448487410
9780199153442
9788175341753
9780130896957
9780451516145
9780002711401
9789385059117
9780141375762
9780984757909
9780022810863
9780040690027
9788178080468
9788183612302
9781405197564
9781259748646
9781292254036
9780975736104
9780130525826
9788131256817
9780153003301
9788185830247
9789382423768
9789382423775
9781439547618
9788175967120
9789382423270
9780005999547
9780470431191
9788180611704
9788126538348
9780901988515
9789382423379
9789384229177
9788120605497
9780441865703
9788187107347
9780975525005
9780122214226
9780155008212
9788184481624
9789384229542
9789384229320
9789384229504
9789384229481
9789382423096
9789384229450
9789384229580
9789384229276
9789384229559
9789382423225
9789382423997
9789382423928
9789384229214
9789382423904
9789384229566
9789382423881
9789382423089
9789382423003
9789384229597
9789384229719
9789384229900
9788131702185
9781137486684
9788125016953
9788120348172
9780439787024
9788190236997
9789385077876
9780046582326
9781435207288
9789384229207
9789384229474
9789382423065
9780099411284
9781292438108
9788192012612
9788172334055
9780970757258
9788190210409
9788126557509
9780900284519
9788185990200
9789380704227
9788126535620
9780976642602
9788172612443
9788171569984
9780155011625
9780900983894
9788180304651
9789352500444
9781292406633
9788123009070
9788181891860
9788170354420
9780900409349
9780001711358
9788189630058
9780130989857
9788184200126
9780131246867
9780003126419
9788179070574
9780140544169
9789386056856
9788172612641
9780451137289
9788183606011
9788187107798
9788193909492
9788120307094
9788174350763
9788123721996
9788120335691
9780049430433
9780460014816
9788184483253
9788128807169
9789352533183
9788171921522
9780439638227
9780904002980
9789350257975
9788175971448
9788120613867
9780130271761
9788121505826
9788131219775
9788126516537
9788120339637
9780153394270
9780153036026
9780131104112
9789350258040
9780023562907
9788174353597
9788126525126
9788186230152
9788121801225
9788131600337
9788185878010
9789386618535
9789382711711
9780006711186
9788176295369
9788131503089
9788170219910
9788121108393
9788120722187
9788185523736
9780860683490
9780174446026
9789387894921
9789352861897
9781405121040
9788120340237
9780130138231
9788120340503
9788131500583
9780906549155
9788193056950
9788131805954
9788131805015
9788187067955
9781444931457
9788174530448
9789386245229
9788120343665
9789381421239
9788183763141
9788171921317
9788187644873
9780141193496
9780449300046
9788184551686
9789380704050
9789385724428
9788189866075
9780460001021
9788123916460
9788170086413
9789387376793
9789380179810
9788185931784
9788176500470
9788170998785
9788171921584
9788186939185
9788131602621
9788172336714
9788180568053
9780044401513
9788172933913
9788192173818
9788121703277
9788176485784
9780439243940
9789386652010
9780002007399
9789383316083
9788131774397
9788123748764
9781260566512
9788120345003
9788120346482
9780174231011
9789388409025
9788170194798
9780141319537
9788121904933
9789388691376
9788184481891
9780141330082
9789327297942
9788189588014
9788122436563
9788129117762
9788174351807
9788173191022
9788184113402
9780439012669
9789387284562
9780974625300
9789352533251
9788175360082
9788131532188
9780028740812
9780974478555
9789386262271
9788123919485
9788184483536
9788182522428
9789352703845
9789385540059
9788175415706
9780140376821
9788120341883
9780099415824
9788188222438
9788171393916
9789390435326
9780141323473
9789381421338
9789381421352
9789381421284
9789381421307
9789386110282
9780099580713
9780006139874
9789352533770
9789386611048
9780007255337
9780425039106
9789389628845
9789386262868
9789381593004
9789386858139
9789350252024
9789386611208
9789388812276
9788177588149
9780113216673
9780002194242
9789332525078
9780152635084
9780448417332
9788174364678
9788172334024
9788121903400
9788176372282
9780006145172
9780028445908
9789352754175
9788189526122
9789385161483
9788188224050
9789383746927
9789350256374
9788183871518
9788185771687
9788121000727
9789382460909
9788123762524
9788186568101
9788126700233
9788175416031
9789386611154
9788187359654
9789386611659
9788186787199
9788170588924
9788131604731
9788188965595
9788126149964
9788187169154
9788175412910
9788126562831
9789386262318
9788189640354
9788131805602
9788183767637
9788173806339
9788185229515
9789387651388
9788184487039
9780143335030
9788131518243
9788186791165
9789386611178
9788124106099
9788177691832
9788184541595
9788171676385
9788181331267
9788190995009
9788184541601
9789350252406
9780460022774
9780983517474
9788184573039
9781400335480
9780141045078
9788176256315
9788182748941
9788175414150
9788173044335
9788187644682
9788182747548
9788185094526
9788183390972
9780904693706
9788121917803
9789381421277
9788176466127
9781107666900
9788170585428
9788120307209
9789332539341
9780981354507
9788131756317
9789386611307
9780905712185
9788174354594
9788180560392
9788175510883
9788172450472
9789352021710
9789350904121
9788183875912
9789386262295
9789384319090
9788185218618
9788131703915
9789386611611
9788170492238
9780439649643
9789388982498
9788170358077
9788184541724
9780901571908
9788120348950
9788176258142
9788172054274
9788120336087
9788121512046
9789352700776
9780125859653
9788170187479
9788189640859
9788120342958
9788184541908
9788129111494
9781408515594
9789387295070
9788172337407
9788181580511
9788120351097
9788190618373
9789386611710
9789386611352
9789386611246
9788193838235
9788176259187
9780906500064
9788170121084
9789387214026
9789351118107
9789386611345
9788190100885
9788180613340
9789386262721
9788124114780
9789380772059
9780976738015
9788181581174
9789350300077
9788177695069
9789389347487
9788183872515
9789350023211
9789386283672
9788176465861
9788178510750
9789386611284
9789382716013
9788120603301
9789382059202
9788187812210
9789352220205
9789388008129
9789388008198
9789388008235
9788125031420
9788172234669
9789339221188
9788185002613
9789391504083
9789388691253
9789391844394
9788193319093
9788122007213
9788120352407
9788174875730
9788120309784
9788170593218
9780460018944
9788171020850
9789386611161
9789386611253
9789388008341
9789388859912
9789391678012
9789380704036
9788189110475
9789388332613
9788170804833
9788194556305
9789350259894
9788187780441
9789386611369
9788170304395
9788171883905
9788121901314
9788121927024
9788184541830
9788171106622
9788172336028
9789350300282
9789350257692
9789386611437
9788183871129
9789386722324
9789389110463
9788179103463
9788189738419
9789354420733
9788184485103
9789383784165
9788178245393
9789353270001
9789386611666
9789388859615
9789386611703
9789388008358
9789389110074
9789388332682
9789352766796
9789391844400
9789389110647
9789327284058
9789386611376
9788186256084
9789388008853
9789386102744
9789354657382
9788183764070
9780425034163
9788177551075
9789391678067
9788189640316
9780006173731
9780451625762
9789350258873
9789391844134
9789380473024
9789388859509
9788170492061
9780460017916
9788193859131
9788184541977
9789386548498
9789386611734
9780006903260
9780984083626
9789389615234
9789387281264
9788183242004
9780007235483
9789385302961
9788122418415
9789386611697
9788121942805
9789386611192
9789391678005
9789388332897
9788176761659
9788170354789
9788192304625
9789386611864
9788188934522
9788184030419
9789381269299
9789352947607
9789350255544
9789386611222
9789380615486
9788186782439
9788131611401
9788170355670
9789352531257
9789389381016
9788170248088
9789387651883
9789351521235
9788186732328
9788175543836
9780091596118
9788170173823
9789388008297
9789351711360
9780002259705
9780099516033
9788175416864
9789388497671
9788184541915
9788192173849
9788170355533
9788181580061
9788185119830
9789385302978
9788176465601
9789391844325
9788126533695
9788126546725
9789386611215
9789351112082
9780451520425
9788193906590
9789352701131
9789389110456
9789388332781
9789389110449
9789386611901
9788173051630
9788179758366
9788120345126
9788175250673
9780143032342
9789353886684
9789384007621
9788178848723
9789388043632
9788185040264
9788170301172
9788184541861
9789389605303
9789388812818
9788172612177
9781399711890
9789390588879
9788187498940
9789390588985
9788120342477
9788121513036
9788190283762
9789388332538
9789389110999
9789389110395
9789385302992
9788182744981
9788179631126
9789386603913
9789386611758
9788121507943
9788188867769
9788121103046
9789350904152
9788120348332
9788120347793
9788182743601
9789387214859
9788125030690
9788180616525
9788131600948
9788121500463
9788121003919
9789380852362
9789380852898
9789386611727
9789386611116
9789387651272
9789390588596
9789389184211
9789390588077
9789388859240
9789386722584
9789386556493
9789386611741
9788175411197
9789386611550
9788182749078
9789386611574
9789386611413
9789388859448
9788131731567
9780471030218
9788189640934
9788189640606
9788184501261
9788126524488
9788132105695
9789380704098
9788126159345
9788121502733
9789385302237
9788188452934
9789389110135
9780440455974
9789386611239
9788187067894
9789386262417
9789388008846
9789350300299
9788121927475
9788184480986
9788177542882
9780143000181
9788174364296
9788120341784
9789386652126
9788183304771
9788125030706
9788131605721
9789382711360
9788185054377
9789389381061
9789389110746
9788188934225
9788174367655
9789390588398
9789388173315
9789388332569
9788122007992
9788190351430
9788125055693
9788170492931
9780007192670
9789386611932
9788184482089
9789388859097
9788121906289
9788185040219
9788185040332
9788175416574
9789387155596
9788185040424
9789386611505
9789388173384
9788170492498
9788124112687
9788194925859
9789388859110
9788183877480
9789386191762
9789389719987
9789388859929
9780174444800
9789386611031
9789387472976
9788182744455
9789388008112
9788188452842
9788122007985
9789386722317
9780130314734
9789385302596
9788188827701
9789384857363
9789386611291
9788121500418
9788183767200
9789385302985
9789385302541
9789385302435
9788120327757
9789383158799
9788171883912
9789380326535
9789385302572
9780973425307
9788187812944
9788126552955
9788183763547
9789351711445
9789388859011
9780198770527
9788184489071
9789387833517
9789388859837
9788170307501
9788131600573
9788173715884
9788170352907
9789352292479
9789386200754
9788180612800
9788185418216
9789351502692
9788182904767
9788170357063
9788174766489
9789385161049
9789386611765
9780448466774
9788189640910
9789388332064
9789391844165
9789388859059
9789388859134
9789388859899
9789388859882
9789388332583
9789388332972
9789387651975
9788172336356
9789382059080
9789388008020
9788181521088
9788188452774
9789385302442
9788181437303
9788175415409
9780471914006
9788170188285
9789383243235
9789388812856
9788177694222
9788128823640
9780046582142
9788186470626
9788171695560
9788129503077
9780099749318
9789388859196
9789389110807
9780902308633
9788176463508
9789383692590
9789388725859
9789383182459
9789388008860
9789386262950
9789388008242
9789387651920
9789388317016
9788175413917
9788170301868
9788172932367
9788178837871
9788173814044
9789382471110
9789332520950
9789391844004
9789385302534
9788192055749
9789350535691
9788178221694
9788176221887
9788171824434
9789352700752
9788187067627
9788183244749
9788186700419
9788170358688
9789389110258
9789389110814
9789388859868
9788191055047
9789387651715
9789388859035
9789388332491
9789388332934
9789388332026
9789388859226
9789386262899
9789389191875
9788174356390
9788170800712
9788122438802
9789386611468
9789350532997
9788174367303
9788195317813
9789389184044
9788120344952
9788185375076
9789382471950
9789389110210
9789387651647
9789388982375
9789388982405
9788189640569
9788170215370
9788185040431
9789387651517
9788189005269
9788179922385
9789387331747
9789350531709
9788186265895
9788192686059
9789386262219
9788183763554
9788184483239
9789386611802
9789350681060
9788194300984
9780241314296
9789383575916
9788170174271
9789388454049
9789388454094
9788176485036
9788177543995
9780131755390
9789351711421
9788176673594
9789388454155
9788178510316
9788176502016
9780048200211
9788123773865
9780143192732
9788187644323
9788189605919
9780089290073
9789382186861
9789380227429
9788173052347
9789388043755
9780006167228
9788131253250
9788182903029
9788181292698
9789388789301
9789388789400
9788171675005
9789386611949
9788131244487
9789350909805
9789350251621
9788187680314
9788183245975
9789353286774
9788192956794
9788122418606
9788178246451
9789350585030
9788183740678
9788183742771
9788175413740
9788189233488
9788128812521
9788175415423
9788170307747
9789386223562
9788182749344
9788188934836
9788189233693
9789383692514
9788170491095
9789388172547
9788177551044
9788183822268
9789388859042
9788171090921
9788187114956
9788170194194
9788173055485
9788183874168
9788122433524
9789352220625
9788188934553
9780900000782
9788189643362
9789388020657
9788188934911
9789388691574
9789388691277
9789385161063
9789393986689
9789350531402
9780140273007
9788194272113
9789350303979
9789350501764
9780471024569
9780099133605
9788121932448
9788178624280
9788172332297
9788177868517
9788175418059
9788185753546
9788123770826
9789382186014
9780425071588
9789386708823
9788121914383
9789350909454
9788173629990
9788121920728
9789386652003
9789386722607
9788185375519
9788194749721
9788120351721
9788183245449
9788170357711
9788170172840
9789385160844
9780147517074
9788182747395
9789388859431
9789386262813
9789351250326
9788172152024
9788121509442
9788178844091
9789383285549
9788128829468
9788128837579
9789394023253
9788123722603
9788170355304
9788130927527
9788187943938
9788185040035
9788185375878
9789386223173
9789383692613
9788176259934
9780865310834
9788126515240
9789380772431
9788128815508
9788171099825
9789386262769
9789381827888
9788175417861
9788122435726
9789389109009
9789352022861
9789387651746
9788131604601
9788125025238
9788183823210
9788185402826
9789386200969
9788182748736
9788184113204
9789387266001
9788170194170
9788170307976
9789380772202
9788122436945
9789389605266
9788189995041
9788185484631
9789388332514
9789387587731
9788121922036
9788120343986
9789389110708
9788192055725
9788178846255
9788188425693
9788121511773
9780460009638
9788120713635
9789388020619
9788123722818
9789350303412
9789383284122
9788188827428
9789386223579
9788128812590
9788176371537
9788183242790
9788170003243
9788171393695
9788177540390
9788170194651
9789350246542
9789389587166
9788176480338
9789389204087
9788131208632
9789385161094
9788120351769
9788170582397
9788174731708
9788131801253
9788176212557
9789388892131
9788174355942
9788170492306
9788126509041
9788175415997
9780091464905
9788194300908
9788123771779
9789326350600
9789387307094
9789386223678
9780006481461
9788173291562
9788171092574
9788188934485
9789380852515
9789386200396
9789351508915
9789350300985
9789350300237
9781435272705
9788170186212
9789380502335
9780030072789
9788121104937
9788121100830
9789353577063
9789385161285
9788120808133
9788186732960
9780099387015
9788121502764
9789390588503
9788125025184
9788126402205
9781292010762
9789387281806
9788190317870
9788170194811
9789382711940
9780900834202
9789387160095
9788131600108
9788121505642
9789387587649
9789351246466
9788173200434
9789350534410
9780887760921
9788176483957
9788170197102
9789387214002
9789350537091
9789350537077
9788189233198
9788185616681
9788189233167
9788176222624
9780141184111
9788170194552
9788176257343
9789388332361
9788121105989
9789350502655
9780451239211
9788186782750
9789351247012
9788121104715
9788184193930
9789385995323
9789350301968
9789350301975
9789350302088
9788184570915
9789388789325
9788183390897
9780449209660
9788170195351
9789391314187
9788178845968
9788178833729
9789380642741
9788185211909
9789384649753
9789351248316
9788176225052
9789380227870
9788182747623
9788172337902
9788128836336
9788174365385
9788178243702
9788173421723
9789380642208
9789388789035
9789350300732
9789385995040
9789387214057
9788178847443
9788171094295
9788170195771
9788178847719
9788171691210
9789325992245
9788170353874
9788184653113
9789385998485
9788175415317
9788190743129
9789351522034
9789332704732
9788194876380
9788172335359
9789350902615
9788122430776
9788121511308
9780901824608
9789383243228
9788185616865
9788170820277
9789350300244
9789383101009
9789351243663
9788187317432
