9788170285014					
9789352705665					
9788176461382					
9789389152050					
9789350251775					
9788189233563					
9788174361462					
9788183073011					
9788187943334					
9780460000765					
9788126402441					
9788170307099					
9789389577327					
9788121509145					
9788171676309					
9788131723142					
9780140316001					
9788190638890					
9780047910340					
9788172454845					
9788175417922					
9780460003278					
9788183857215					
9789381607985					
9788125045106					
9788130202679					
9788176484459					
9788177545395					
9789350175125					
9788182748927					
9789386206824					
9788170263777					
9780006134701					
9789385998034					
9788126422630					
9789350905135					
9788170308836					
9788125017455					
9788189574604					
9788177691672					
9788124310977					
9788185616377					
9780006132394					
9789380853239					
9788171641376					
9788175412149					
9788184664522					
9788183640909					
9780448418674					
9788170306962					
9789350024157					
9788172053260					
9780027055900					
9788174760579					
9788187075585					
9788131790540					
9789385998911					
9788186771211					
9789352763313					
9788178060927					
9788183763882					
9788183763912					
9788171096596					
9780451517333					
9788185211619					
9788187496915					
9780170112185					
9789378314193					
9780199158812					
9780141037448					
9789385609756					
9780449204498					
9780425065891					
9780044450245					
9788128823473					
9788190363464					
9788170262831					
9788170263784					
9780091761479					
9788126718160					
9788124106389					
9788189059712					
9788176610483					
9780099193616					
9780006132271					
9788128808487					
9788187498872					
9788175050532					
9780143431817					
9789385998393					
9788172054311					
9788171699223					
9788170350903					
9780451627414					
9780002005456					
9788170307839					
9788174365309					
9780451131300					
9780904978186					
9788171016433					
9788120336704					
9780140471380					
9788185132174					
9788186030516					
9789385829802					
9781439579749					
9788170359173					
9788170350835					
9788187498704					
9780143538141					
9788120724624					
9780023118807					
9788187498391					
9780130571007					
9788170592457					
9788181581525					
9788131525920					
9788184200805					
9788174350312					
9780451124586					
9788121511605					
9788179922217					
9788121613316					
9788183740814					
9788179070154					
9788124200834					
9789384007331					
9788190116282					
9789383437177					
9788120334311					
9780006279716					
9788170493853					
9780002720670					
9780153274565					
9788126464319					
9788170001409					
9780199158775					
9788186030691					
9788192328010					
9780049420953					
9788177907544					
9789350301500					
9780399533891					
9780047490026					
9780091545918					
9780099490555					
9788124311561					
9788173030543					
9788120723009					
9780091891022					
9780006752479					
9788170307464					
9788120328495					
9780199327218					
9788182474734					
9788186230169					
9780091956462					
9780080112237					
9788172152154					
9789390815036					
9780099504719					
9789381283813					
9788176462433					
9788131903186					
9788126517022					
9780007165803					
9780001821088					
9780978385705					
9789350465905					
9780460005241					
9788120804609					
9780001982437					
9789332550094					
9780440227939					
9780080347349					
9789385609039					
9780006327448					
9788120811683					
9780902743601					
9789381714737					
9789386800282					
9788170218821					
9788184820447					
9788186098172					
9788131529409					
9788174349064					
9789384007409					
9788184152999					
9788187498056					
9789381841808					
9788175363038					
9780131274112					
9788194377672					
9780143191582					
9780002157490					
9788124101940					
9788172450069					
9788131503744					
9780905947006					
9780980193824					
9788173031847					
9788185322261					
9788187967095					
9788195237258					
9780153002953					
9788124801567					
9788170307457					
9788171677467					
9788181336941					
9780205775330					
9789384273279					
9780006920588					
9780917890062					
9788170813859					
9780451520180					
9789387578722					
9789388241359					
9789380210766					
9788189497163					
9780865313972					
9788131900079					
9780091553814					
9788184805031					
9788178837826					
9788120603547					
9780006643197					
9788171207336					
9788186019153					
9780130175717					
9788189011567					
9781443453479					
9788129108944					
9788170866299					
9789390815777					
9780049210097					
9788126508976					
9780091346102					
9788175083264					
9788172051495					
9781443403962					
9788178084886					
9780860682462					
9788171309016					
9780256139723					
9780001604179					
9780141037691					
9788177542479					
9788172080624					
9788120310414					
9781292233451					
9789390815456					
9789381714287					
9781443410472					
9780007258185					
9788170359180					
9789384007515					
9788183990714					
9788185002675					
9780091592509					
9788187572268					
9788182900424					
9788171826087					
9788170173762					
9780973005714					
9780143106425					
9788170306696					
9780471658726					
9788176462242					
9780025718708					
9780131422339					
9780030863714					
9788180311154					
9780451132826					
9789350023297					
9788183742900					
9788172050924					
9789350403440					
9780471535720					
9780156685085					
9780970702074					
9780399591198					
9780130185174					
9788175157460					
9788120814912					
9788170174172					
9789332584037					
9781443175999					
9788120829336					
9788187644408					
9788178884394					
9788120310155					
9788177568479					
9788193117590					
9788178837048					
9780143170310					
9788170302032					
9789382579045					
9788173291661					
9780297773283					
9780001204454					
9780091534516					
9788175544659					
9780001851276					
9788131505434					
9788189131562					
9788170305453					
9788184026092					
9780002717076					
9788178236094					
9780131204010					
9788172310097					
9788170100157					
9789385606243					
9788187967583					
9780025705906					
9789383359851					
9788126420643					
9780039102890					
9780903681063					
9789385252952					
9780002113892					
9780029078006					
9789386458421					
9780439014144					
9780099230601					
9780099660613					
9788131901038					
9788174351289					
9788120312418					
9788172151164					
9780973018318					
9788178270791					
9781443426343					
9788120720244					
9788187498650					
9789385998621					
9788121506694					
9780140600131					
9789387944718					
9788171301331					
9789385998324					
9789385998973					
9789393168887					
9788126929498					
9780984440665					
9788173031250					
9789385998430					
9780006918042					
9788126553907					
9788129509840					
9788170117537					
9780143197959					
9780002571845					
9788170367437					
9788174361646					
9780028727905					
9780099448402					
9780002259712					
9780985928407					
9788183743549					
9788131961223					
9788172454319					
9780006236832					
9788170262787					
9780122329326					
9788178234625					
9780006168874					
9789383359844					
9788170117513					
9780919768857					
9788170357117					
9788189818807					
9788186030806					
9788188000180					
9780449244715					
9780050017180					
9788187075684					
9788175971851					
9780143169420					
9780902843547					
9780919586147					
9780099435433					
9788173629198					
9788180370267					
9788193657294					
9780241399248					
9789386410405					
9789386906748					
9780141181998					
9780143198635					
9780143335870					
9788124605837					
9780905310107					
9780205263424					
9788173055942					
9789352704323					
9789390815500					
9781416938446					
9789388343572					
9789388343817					
9788194897002					
9780425055243					
9788179480731					
9788182745766					
9789386222602					
9788170813811					
9789388343992					
9788173029707					
9788194015482					
9788189233471					
9788124104965					
9780241003916					
9788181901316					
9788120334687					
9788129115836					
9780860688617					
9780143504863					
9780091141004					
9780130315724					
9780007118267					
9780972869645					
9789393168283					
9789351041078					
9788120724464					
9789387578234					
9788170306757					
9788170306665					
9780141189314					
9780140303551					
9788184673906					
9780471409007					
9788172314248					
9780047800139					
9780448189352					
9789388343374					
9788172237684					
9788120352018					
9780901571045					
9789385252730					
9780160821271					
9780091793418					
9780006614869					
9780130144270					
9788124604939					
9780900860720					
9780470461679					
9789393168368					
9780451625700					
9788170087793					
9788178694955					
9780007124428					
9780006711285					
9780901281401					
9788187560029					
9788170301691					
9789389836004					
9780152005511					
9788178233420					
9780143012429					
9789381283721					
9780977866502					
9780199157693					
9788187075059					
9788170308362					
9780147530370					
9788176483681					
9789352040469					
9788188452378					
9780978799700					
9788174369345					
9780143052128					
9788121505505					
9788126442195					
9789351528180					
9780460047876					
9780425043813					
9788172156015					
9788196544539					
9788120798649					
9780006132769					
9780044450313					
9780039201234					
9788170116875					
9780170112390					
9788188575817					
9780006383246					
9781407186894					
9780399251948					
9788172332990					
9780007133123					
9780440912309					
9789385998843					
9788175811638					
9789385998720					
9789384007454					
9780970886088					
9788170004127					
9780091445515					
9780130399144					
9788170350804					
9788184825046					
9788190276771					
9789382536185					
9780141028330					
9788131949320					
9780002257572					
9780006336068					
9788131313336					
9788177903829					
9781400239320					
9788179912157					
9780099476405					
9789350761861					
9780042940731					
9780143050629					
9780297777366					
9788172863487					
9780976849117					
9788185674964					
9789351790754					
9788170305194					
9788170813378					
9789384225773					
9788178092690					
9780029358504					
9780451512857					
9780002166096					
9788184673845					
9780441028924					
9780902920798					
9780451514776					
9789351791225					
9780877191209					
9788184736595					
9789381506639					
9780007184569					
9780143192633					
9788187649656					
9789380070803					
9780006475323					
9780865318328					
9780003034202					
9780906008201					
9780006170723					
9780153565595					
9789386222657					
9780140434811					
9788181902412					
9780090894208					
9780130390967					
9780904041897					
9780143026198					
9780131636194					
9780099414605					
9789384695002					
9789381269220					
9788190972727					
9788172312190					
9788173290954					
9788124302002					
9788126512614					
9780044970415					
9788120816022					
9780143169055					
9780027760002					
9789386450524					
9780918526885					
9789384007393					
9788170586685					
9780091706906					
9780460000727					
9788171198634					
9788128831393					
9780113409730					
9780201636802					
9789384007102					
9789387629820					
9780099511830					
9788190796453					
9780002230421					
9780143189923					
9780006395652					
9780213165765					
9780174247210					
9780153195112					
9780152162405					
9780002238991					
9780007224531					
9780006131762					
9788177582307					
9788126436095					
9780130474582					
9780099496113					
9788170249306					
9780141191911					
9780981722504					
9780971890787					
9780006547808					
9780155081369					
9780176015039					
9788120328037					
9788124109762					
9780976262503					
9780140590098					
9780006641315					
9788174506535					
9788121922913					
9780170104289					
9788178988610					
9780143199052					
9788170004189					
9780006546108					
9780043303467					
9788121508278					
9781405320290					
9789380658315					
9780006485391					
9788120352032					
9788170350873					
9780241512845					
9780006482888					
9789389393293					
9780451623676					
9780140329803					
9780028461809					
9789385031588					
9780141037295					
9780199158546					
9780972180801					
9781443465038					
9780002318891					
9789350863985					
9780903035088					
9781408252086					
9788173048937					
9789351528531					
9788121511476					
9788171887286					
9789383202829					
9788178080963					
9780004216720					
9788178980539					
9780099264422					
9788187526681					
9789386410375					
9788185944715					
9788177908824					
9780099731313					
9780002310277					
9788178234113					
9780152026738					
9780984644032					
9780982618509					
9780002230247					
9780876687383					
9780451626974					
9780143055365					
9788179922446					
9788186737101					
9780023054006					
9788130904023					
9789386410191					
9788170211075					
9789352761197					
9788174360915					
9780141183084					
9780002711197					
9788128808029					
9789380069586					
9780902122567					
9780026859035					
9780002550833					
9788174362537					
9788172054922					
9780142300886					
9780130969255					
9780131388987					
9780006395744					
9780412738302					
9788120315532					
9788174370488					
9780143180081					
9789380397030					
9788126527366					
9780974325903					
9780043610237					
9780006640851					
9789382607021					
9780439288316					
9780170112338					
9780027771510					
9780152055813					
9780465014750					
9789386667830					
9788190135412					
9780982667590					
9788125914532					
9788184898460					
9780974637990					
9780140302899					
9788170004677					
9788131724095					
9780155551121					
9780439951166					
9780968463505					
9780006114185					
9788172112080					
9780448487595					
9780099387619					
9781442430785					
9780985396954					
9780143028178					
9788189235567					
9788177691627					
9780900963339					
9780916896966					
9780969052814					
9780001911123					
9780440403548					
9788189233686					
9788125037026					
9789385998188					
9780029252307					
9780002556095					
9780025829206					
9780099492689					
9780451121486					
9788177701418					
9780440502166					
9780048240125					
9788187226079					
9788123746555					
9780140351552					
9788190904810					
9780972237413					
9788177691771					
9780006388401					
9789386362407					
9788170218975					
9780297776208					
9780001720046					
9780120578504					
9788175082182					
9780140500318					
9780399611698					
9789388247719					
9780982041314					
9788185822181					
9780044450207					
9788184822960					
9788131521052					
9780448195117					
9780451075284					
9780451512291					
9789351791942					
9780099265917					
9780904002836					
9788184614688					
9780091727345					
9789383095162					
9780001958265					
9788126536047					
9780099395805					
9780470595343					
9780043011706					
9788174370167					
9789386618726					
9788125931645					
9780141045276					
9780471103752					
9788129107152					
9788121508247					
9788129102560					
9780451521910					
9780241447963					
9780007102815					
9788131521038					
9788170249146					
9780453030762					
9780905368122					
9780860688440					
9780451160935					
9788175081932					
9780030122415					
9780099451488					
9780002217422					
9788176494168					
9780977007080					
9788183455473					
9789392834189					
9788188353019					
9780131665552					
9789380077161					
9789380070889					
9780131248434					
9780258969953					
9781101932827					
9780141382166					
9789386410306					
9780451521118					
9788130927633					
9788120714441					
9780448424347					
9780007130641					
9781402792274					
9780981544403					
9780446358460					
9780439996426					
9780451520166					
9780917851544					
9780906026441					
9788124106358					
9788190435567					
9780985283100					
9780977981335					
9780160488030					
9780143031222					
9788126552887					
9780153021138					
9780471429463					
9788120335653					
9780007128365					
9781416900009					
9780043610503					
9780973346961					
9780439469630					
9780130299017					
9780224091138					
9780441535774					
9788178988580					
9780001711273					
9780130800381					
9788188583515					
9780099659211					
9788183520119					
9780451520012					
9780860684299					
9780439438445					
9780906495308					
9788185944159					
9780091956516					
9780451521859					
9780902804067					
9780152022778					
9780143051244					
9780439997522					
9788130931081					
9780130452702					
9780002720250					
9780906330425					
9780451513571					
9780451523808					
9780006167242					
9780030562945					
9780027478617					
9788174360335					
9780916902025					
9780091773427					
9780439460668					
9780124604322					
9780449233146					
9780140351217					
9780030093104					
9780091741181					
9780006540694					
9780917253386					
9781443182812					
9788186627815					
9780001961715					
9788120343399					
9780440237860					
9780865319745					
9788121103855					
9780002213318					
9780140224108					
9788184823196					
9781443413305					
9780451096883					
9788131313602					
9780001983366					
9780030704383					
9780983942559					
9780919964686					
9788170300694					
9780448189017					
9780451515087					
9780976087106					
9788178980812					
9788178983905					
9780006730118					
9788184821512					
9780002000185					
9781410418180					
9780877733430					
9780904526165					
9780143052524					
9789380905075					
9788185053363					
9780002215626					
9780199113491					
9780143015796					
9780099601913					
9788187570585					
9780007224470					
9780048080356					
9780425029770					
9780451123749					
9780917914140					
9788124103999					
9780241961285					
9780153021664					
9780153022241					
9780900948510					
9781443469753					
9789351941491					
9788176483506					
9780451511829					
9780152025489					
9780140349245					
9780919431317					
9780006497073					
9780007207978					
9780006616375					
9788178240527					
9780140228311					
9788188713004					
9780449123508					
9780205142422					
9780905906782					
9789380942599					
9788185832166					
9780043012567					
9780439291262					
9788174361745					
9780006172000					
9780881843408					
9780006473961					
9780140218695					
9781443434843					
9788182520301					
9788181901866					
9780001840713					
9780399533013					
9780140563771					
9780155598553					
9780004594026					
9780174343202					
9780002257923					
9780099077008					
9780446349444					
9780142414484					
9781118431221					
9780140440867					
9780099228523					
9780977459384					
9780906085226					
9780449142745					
9780449238691					
9780143029991					
9788189013165					
9780141334004					
9780140322538					
9780006647317					
9780425081969					
9780048210425					
9780141390789					
9780153335914					
9780425039670					
9780451156266					
9780006375746					
9780007117222					
9780006395706					
9780981520407					
9780091514204					
9780451121608					
9789339221195					
9780002212038					
9780973401356					
9788126518920					
9780131590625					
9788173804670					
9780470822104					
9780140275636					
9780045510535					
9780972614009					
9780030711763					
9780160515521					
9780983954316					
9780006377979					
9780143775850					
9780002261128					
9780080105888					
9780968537015					
9780297785811					
9780091440800					
9780130253798					
9780439649636					
9788175080317					
9780140564945					
9788121501699					
9788120608092					
9780006158295					
9780007243808					
9788176485661					
9788129114815					
9788175441576					
9780140260977					
9780002005173					
9780920197554					
9780984511907					
9780451119834					
9780425054901					
9780140301656					
9780130485977					
9780471355908					
9788185984100					
9780143055853					
9780976218173					
9780425113059					
9788178980447					
9780047100017					
9780460009935					
9780140322927					
9788131702444					
9788177588781					
9780099866206					
9780099439219					
9780439059640					
9780978774059					
9780205275014					
9780972085212					
9780044450108					
9780007157730					
9788184488517					
9780152933838					
9780004339672					
9780006393900					
9780452269361					
9780977781119					
9780985607166					
9780460003056					
9780030761140					
9780439774345					
9788174366900					
9780030086342					
9780907657019					
9780099790808					
9780140383959					
9788129200556					
9780030514890					
9780451510075					
9780044454397					
9780043610305					
9780981727332					
9780425065983					
9788125015710					
9780094716605					
9788120320222					
9780977000517					
9780153769559					
9788185944234					
9780903843041					
9780006127352					
9780002151146					
9780155065369					
9781328900906					
9780471443605					
9780449308134					
9780983179764					
9780140600094					
9780439572354					
9788120607729					
9788187107163					
9788170813484					
9780904357875					
9780425057179					
9788186791127					
9789384229092					
9788190437851					
9780006908906					
9780241351017					
9780002554985					
9780130920461					
9780399555602					
9780439267687					
9780224050258					
9780241971116					
9780006540069					
9780918224453					
9780002118279					
9780877192473					
9780425046845					
9780439497107					
9780904644890					
9780080196541					
9780860686385					
9780143056218					
9780297788690					
9780425095546					
9780140286540					
9780043201220					
9780002233286					
9780983145769					
9780983929864					
9780006530367					
9780151807024					
9780006279334					
9780877193289					
9780001982345					
9781338251838					
9780130282927					
9788189059040					
9780903747059					
9780439108003					
9780143052838					
9780981825144					
9780004708065					
9780130313553					
9780865316508					
9788120720886					
9781443422888					
9788170815136					
9780904727043					
9781416918561					
9788185822877					
9780044406853					
9780170120494					
9780230769007					
9789352081875					
9780152047382					
9780006132677					