9789351481713
9788131601259
9788184503005
9788178849751
9789351981039
9788189859503
9788171566693
9788172701789
9789351483724
9788123709857
9789384502119
9788189866884
9788121212267
9788183700474
9788131603055
9788183700559
9789353240486
9788184354430
9788192352626
9789351484226
9788184354096
9788123912011
9789351981046
9788183760744
9788175975149
9788174876140
9789381234938
9789385496202
9789381843321
9788175415409
9788122434224
9788123908571
9788131603970
9788192490243
9789385494178
9789381843192
9788121211888
9789353240189
9788126915668
9788120805774
9788174876034
9788190007795
9788179758519
9788124604953
9789385995279
9788183302852
9788122418606
9789383285624
9788126902064
9788183302814
9788183302821
9788183302838
9788183302845
9788183873796
9788176466905
9788179860786
9788183303057
9788170521778
9788174091949
9788173156854
9789350742242
9789383296309
9788183302753
9788178803135
9788183301442
9788126931330
9788183301534
9788190696319
9788120342460
9788185427003
9788175255784
9788178847436
9789385144523
9788131604670
9788179860946
9789350727645
9788126901876
9789386200655
9788131608142
9788174877024
9788176467230
9788176467148
9789350742396
9788171417797
9789385144363
9788183304009
9789383392858
9788120350403
9788170357858
9788172932060
9788123773766
9788193639009
9789350980170
9788183304023
9788174456632
9788183304047
9788124603253
9789350980361
9789350980408
9788123773865
9788190722360
9788174871756
9789381212097
9788172932329
9788126913381
9788131604489
9789350742785
9788190717311
9789350762066
9788183303248
9788178803494
9788183874205
9788183303309
9788170357834
9788126917808
9788120335844
9788193657294
9788170245636
9789350906934
9788172932367
9788124603185
9789387409569
9788171417575
9788193622209
9789380031811
9789382171058
9788170336785
9788178801650
9788179922385
9788175246881
9788121244664
9789380031859
9789380031781
9788170222101
9788193936573
9788185733791
9788131606216
9789387331747
9788174874320
9789380031392
9788175246928
9788171163007
9788185749532
9788171880164
9788183244756
9788173040030
9789385160332
9788121921282
9788183850988
9789350560570
9789382171416
9788183244688
9788175246867
9789382171102
9788185753409
9789382171232
9788189301071
9789350563151
9789350563199
9789350563526
9789389231069
9788174456427
9789381209073
9788178846552
9788175248304
9789381458167
9788175247765
9788173807930
9788193815786
9788185495576
9788171417483
9788183300612
9788131604755
9788170222088
9788178847276
9789352837274
9788170356936
9788126901494
9789387409484
9788178847320
9789385144783
9788176483360
9788126900916
9788171417094
9788193842584
9788131608197
9789380031316
9788131604908
9788175247093
9788175247161
9788175247185
9788183870122
9788193867969
9788173150418
9789383252800
9788193859100
9788130706399
9788183870351
9788126920327
9788183870641
9788121512763
9789352704750
9788184112771
9788179759639
9788174456779
9788124804452
9788175411890
9788121211420
9789352903061
9788183763929
9789381218556
9788126707768
9788171690558
9788190790642
9788131602669
9788125035299
9788178805542
9789383514410
9788193560945
9788178848020
9788131608715
9789352878437
9789351243359
9788121211482
9788131602324
9788121268059
9788121511049
9788172736552
9788170300885
9788174875051
9788129524928
9788131608920
9788171699223
9789352664498
9788193513958
9788176461030
9788176461016
9788193513934
9788183390897
9789390696420
9788185054384
9788183391979
9788171105731
9788176460774
9788183390712
9788171419289
9788125028024
9788120807334
9788178845432
9788183392051
9788125015468
9788179759745
9788183877299
9788189471934
9788171690473
9789383649556
9788179759653
9788131608203
9789351130185
9788185002309
9788176462662
9789382120100
9788179759370
9789389484052
9788131601686
9788173815423
9789350980996
9789385995408
9788183304917
9788121264938
9788121510745
9788176463546
9788193397428
9789351247609
9788172931667
9788172736262
9789352702527
9788178804163
9788170495444
9788190738637
9788170245186
9788178804132
9788183874977
9788121512756
9789385995293
9789385161087
9788171014248
9789355941794
9789355183897
9788129113894
9788170358657
9788193448021
9789352593200
9789355188076
9789355185778
9788172736378
9788131606131
9788126920020
9789386071415
9788121296250
9788185057224
9788185002071
9789383684427
9789381604335
9789385995453
9789385995583
9788124604212
9789351246732
9788120607606
9788170293019
9788130908670
9788120349926
9789325992238
9788185141268
9788182748439
9788171511440
9788121511247
9788182746978
9789352701254
9788122203189
9788173047565
9788170121350
9788185040431
9788128815508
9788125036906
9788120344952
9789351525462
9789384695002
9788170302544
9788123779423
9788171566471
9788173049026
9788121922036
9788189605919
9789380227429
9788126913763
9789325992245
9788171883370
9788173043482
9788120806283
9788126918218
9788171106448
9788189983741
9789391139582
9788178844091
9789380873220
9788178847917
9788188322756
9789381574201
9788191038859
9788190317870
9788178845838
9789382420279
9789327220483
9788190638814
9788188353125
9789380873039
9789387671072
9788190717342
9788178848167
9789387671140
9788121213752
9789382398165
9788190366892
9788121214186
9788180696053
9789387671379
9788120810525
9789387671164
9788126706310
9788190717366
9788188458448
9788126450992
9788178356457
9789387671188
9788190157612
9788170303206
9789350000298
9789381406557
9788178844176
9788127212254
9788178358376
9788189983772
9788178844480
9789387671157
9788171192687
9789382420255
9789350000953
9789381604328
9788131611647
9788131611630
9788171104956
9788174507167
9788178356792
9788172737351
9788178844664
9788170227465
9789387671058
9789382420194
9788170302766
9789380873190
9788188018574
9788131611456
9788173046667
9788180697425
9788180697227
9788121211895
9788178846286
9789386835826
9788123708409
9788190004626
9788172701857
9788178844626
9789387671171
9788126706709
9789350001486
9788170006152
9788178846491
9788180695193
9789332578463
9788180697036
9789391490096
9789387671065
9788178849072
9788190575010
9788190135412
9789387671348
9788190717304
9788180696213
9788170228189
9788190565004
9788180695902
9789380920016
9788180697104
9789387671331
9788187973072
9788131611654
9788178846156
9788171107223
9788173046704
9788121211970
9788178843711
9788171106516
9788173040146
9788189983703
9788174456717
9788179860250
9788131608777
9788189471644
9788126708154
9789382237044
9788189471637
9788189471620
9788126708376
9788189011819
9788189471606
9788194400707
9788189471590
9788189013752
9788121212748
9788189471583
9788189983680
9788189471576
9788172932206
9788178803944
9788189471569
9788180313547
9788180313523
9788189471545
9789382206798
9789382206712
9788189471538
9788172937935
9788122415148
9789381209387
9788180313110
9788189471699
9788189471712
9788193607428
9788189471750
9788189471989
9788170820710
9788122414158
9788193475874
9788173043772
9788189471965
9789382281108
9788178797083
9788121213578
9788122420388
9788193513965
9788189005290
9788189005801
9788193539590
9788189471903
9788120807440
9788189471873
9788189471866
9789391139162
9788194426936
9788189471811
9789391139148
9788121212557
9788180316180
9788174456755
9788189471804
9788121209342
9788179776179
9788189471767
9788173042126
9789387212114
9788189471460
9788179916681
9788189471163
9788189471156
9788193836231
9788189471149
9788189471118
9788189471101
9788173030864
9788189471095
9788189471088
9788189471071
9789388247238
9788174884077
9789388247351
9788189471064
9788189471040
9789388247412
9788193875698
9788189471033
9788189471019
9788178801070
9788189471002
9788170229957
9788170229728
9788170229896
9788189301026
9788131610237
9788131220443
9788121213097
9789382186519
9788189471170
9788171242139
9788189471446
9788189471187
9788126712717
9788189471408
9788122415926
9788180310300
9788189471392
9788173041679
9788178803005
9788126708994
9788194117971
9788189471378
9788174456540
9788189471330
9788189471316
9788174351425
9789387281806
9788173041273
9788174456519
9788189471286
9788189471262
9789382206118
9788189471255
9789388211758
9788189471224
9788179942178
9788131609798
9788189471200
9788193815779
9788173040948
9788189471194
9788179759493
9788180319907
9788188965250
9788126703838
9788126703807
9788192453729
9789391490768
9788178510873
9788171094295
9788188683604
9789382332398
9788173045738
9788120802179
9788192490205
9788178841854
9788189833824
9788195243136
9789391139407
9788174733313
9788170801320
9789381234907
9788188808533
9788178541174
9788189765101
9788122433708
9788188808687
9788178541518
9788188808717
9789381234839
9788178541860
9789387890114
9788170300236
9788189750640
9788188643585
9788178842394
9788195080830
9788173046070
9788171103218
9789382396390
9788189983451
9788170797012
9788192053479
9789381827642
9788188569496
9788189899332
9788192102306
9789391139483
9788122406610
9788180693878
9788180693847
9788171101016
9788189886905
9788179100615
9788180693786
9788188569656
9789382396277
9788180693441
9788192295770
9788195549382
9788189886462
9788121210867
9788121208758
9788170228479
9788188583140
9788120320741
9788180692567
9788180690969
9788121212311
9789382281290
9788179755648
9788189630065
9788179756324
9788170002833
9788189612047
9789388022552
9788122412505
9788122412512
9789391139209
9788179757031
9788123721101
9789382281542
9788193317242
9788188934690
9788193339718
9788193340097
9788189487782
9789382281498
9788173044526
9789381234167
9788193391211
9788126929481
9788173044281
9788170820277
9788178806563
9788122413090
9788122413380
9788172765378
9788179759165
9788122422856
9788170229032
9788193245002
9789391504755
9788123736648
9788173911408
9788188808939
9788178542386
9788122432169
9788131611371
9788188808946
9788178836164
9789388372411
9788192722566
9788192728377
9788172612160
9789381067116
9789387472310
9788171199112
9788172332204
9788178835167
9788174879516
9788193019092
9789382281771
9789382281764
9789382281757
9788179753484
9788194876380
9789391642044
9788174879615
9788170813033
9788188836123
9788180600920
9789382281672
9788179751336
9788120803923
9788170227342
9788176460736
9788183306546
9789389484410
9789389484663
9788185133577
9788170339564
9789351046202
9788176461689
9788174876829
9788173200427
9789386054869
9788174876812
9788176460668
9789385995521
9788176460415
9788170172307
9788176460132
9788170220220
9789389563481
9789351243090
9788185002637
9788170173533
9788185002088
9788131608678
9788170339939
9788170495185
9788183306539
9788183306515
9789350981702
9788123773834
9788131607329
9789383447053
9789383447466
9789383447497
9788185163925
9788185163918
9788126919536
9788185163819
9789389484038
9788176463386
9788185163116
9788176463287
9788183306393
9788185141299
9788183306454
9788183306461
9788183306485
9788126903139
9788183306492
9788121512336
9788176462648
9788121512244
9788129114433
9788126903597
9788123773698
9788171425457
9788121509039
9788126906109
9788129136947
9788176224444
9788129136992
9789389583229
9788176224086
9789389587524
9788171424276
9788183562164
9788170174936
9789355180018
9788124801123
9788170493433
9788123780979
9788126906970
9788171696215
9788183563291
9788183563734
9788184576481
9789354794827
9789354792656
9789351281030
9788184576054
9788170493952
9788121264976
9788121509589
9789351250982
9788120834088
9789383684731
9789383684755
9788184957020
9788126904037
9788126904082
9788174876676
9788173200977
9788131607428
9788131607534
9788174876645
9789351250074
9788170207542
9788171697748
9788170174158
9788124609880
9788121509848
9788170174486
9789389563849
9788173290688
9788183560634
9789383793044
9789351250944
9788183303958
9789350972564
9789350531303
9788125059479
9788123769417
9788174871091
9788170556305
9788171886920
9788185771878
9789386231888
9788176673273
9788176673167
9788183243445
9788171885541
9788185753768
9788171416554
9789350681060
9788183246019
9788171883172
9789389253733
9788121244725
9788170336952
9788176491570
9788120351721
9789380031347
9789383252541
9788174871251
9788185636467
9789386261564
9788125906353
9788171887835
9789350532973
9789389136609
9789350531426
9788131600320
9789386262813
9789350531563
9788185952659
9788185952598
9789386262684
9789383166022
9789350531884
9789383166121
9788170558132
9788183151160
9789350532126
9788170222781
9788170557845
9788185891347
9788183152297
9789383202294
9789350532584
9789350532638
9789350532706
9789386262219
9789380027975
9788173153037
9789383441495
9788121801034
9789378313356
9788176466769
9789350740866
9788183302876
9789389381191
9789350007358
9789389381221
9788183302951
9788176466356
9788125040132
9789350742303
9788170220886
9788171417070
9789356638174
9788170338734
9788123773414
9788130701035
9788126902514
9788121513555
9789386150608
9788174871701
9788185218366
9788185218007
9788185215006
9789378313417
9788183302715
9788183302661
9789383285198
9788126900862
9789383284047
9788125046189
9789380026985
9788170221838
9788170221814
9788185495989
9789350684351
9788183300131
9788170221739
9788170337713
9788183301312
9788183301374
9788171880041
9788173155789
9788176467889
9788183301688
9788123771953
9788131610121
9789380005379
9789350728345
9789350729397
9788131907733
9789351281870
9788170194361
9788184575996
9788175413061
9788175413870
9788171691128
9788124114872
9788170188216
9788184007879
9788121102100
9788126920624
9788170188025
9788131609354
9788170359135
9788170185857
9789352501120
9789352903283
9788121296601
9789352533374
9789352535255
9789352535774
9788121296311
9789390620036
9789353167820
9788131602645
9788171690541
9788173719240
9789385005459
9789390575763
9788183762458
9789352293223
9788184030105
9788171692026
9788121267878
9789351941958
9788173714948
9788131603048
9788175415720
9788171691951
9788183760461
9788124605745
9788121298278
9788184050776
9788131609286
9788170416715
9789353240080
9788183760966
9788174873682
9788183761727
9788183762052
9788174875327
9788121297936
9788183762304
9788126920938
9788175414112
9788183763882
9788183763912
9788170194309
9788175247352
9789352837564
9788175248441
9788121100700
9789352837212
9788173807886
9788175248014
9788171641703
9788175246614
9788175247536
9788174874313
9788183870382
9788173814655
9788126916917
9789385160714
9788183870139
9788175247079
9788175246935
9788173809569
9789352773282
9788175246874
9788175246836
9788183823487
9788174355904
9789385160356
9789352861743
9788183872041
9788171641505
9788131609453
9788183763943
9789352876891
9789352666775
9788170356073
9789352667413
9788126920457
9788171690145
9788175410350
9788183876094
9788171690107
9788170187806
9789385059094
9788175246577
9788183765015
9788170186939
9788175362215
9788126912742
9789352703227
9788173803888
9788124603178
9788183874168
9788170356554
9788183772396
9788183760065
9788124108673
9788131603536
9789351455554
9788184572896
9789385721014
9788184572506
9788176126267
9788120347533
9789385719264
9788176123945
9788121266246
9789389915334
9789351367819
9788183610834
9788184555363
9788171692262
9789384168919
9788176115346
9788184552331
9788170351931
9789384344313
9788183614016
9788183614191
9789385509391
9789351481560
9788170352037
9788123905556
9788184572957
9789389811322
9789389811308
9788183601504
9788176221689
9788121265393
9788184575439
9789351282655
9788129301154
9789351282785
9788184574890
9788129301161
9788126907595
9788184574784
9788174872708
9789351284215
9789390678976
9788184573794
9788184573787
9788170350989
9788183569576
9788170182900
9788120834996
9789354390876
9789354390685
9788183601429
9788184573480
9789351482253
9789351482581
9788123910017
9788131611098
9788124606131
9789353246211
9789353246198
9788183704137
9788171692750
9788121102667
9788183705240
9788184190540
9788131610862
9788184114003
9788131809501
9788183740708
9788183741033
9788124103685
9789384721237
9788184113204
9789351711407
9789384721312
9788124105665
9789390252930
9788171568710
9789353242718
9789385161933
9788121505147
9789384649272
9789351483434
9788170188681
9788184451047
9788184451023
9789384502164
9788171693733
9788174873286
9789353496227
9789385436871
9789353495220
9788171693597
9788175962613
9788173431715
9788170184331
9788120836136
9789351486008
9789351502753
9789384502379
9789351524113
9788175511453
9788173431968
9788175511330
9788175511255
9788175510722
9788129507679
9789350531389
9789350741665
9788123763248
9788187498612
9788187393474
9788187393726
9788187418986
9788177868517
9788187420200
9788170308317
9789350140567
9788186732564
9789386410245
9789350140468
9788177701418
9789350400517
9789380336374
9788186700235
9788171412655
9788186581315
9789388937375
9788177903058
9789386463012
9788171411153
9789380534497
9789388691208
9788171398959
9788174878403
9789380534244
9789386628602
9788170224310
9788171399819
9789350141601
9788122301205
9788170304838
9788170308102
9788170224204
9788186771662
9788186771587
9789386439017
9788123763552
9789386682284
9788172053871
9788187606949
9789350481189
9788187606963
9788126723621
9788187644057
9788181293237
9788178352602
9789350484470
9788126719921
9788187644323
9788182471870
9789350025468
9788170223924
9788187644446
9788186339404
9789350024799
9788121241465
9788170304258
9789382974154
9788120812772
9788121236669
9788121236966
9788186562994
9788170304746
9788182054462
9789380261485
9789386397720
9789350098295
9788121241212
9788170304517
9788171413737
9789386397324
9788173919015
9789380772158
9788174791450
9789380538600
9788187392798
9788178191102
9789382629283
9789382629153
9789382629160
9788174878328
9789380748757
9788171396436
9788170225195
9789382629245
9788126721917
9788187392682
9788187075424
9789380731216
9788121221740
9789380752167
9788181439901
9788187317937
9789382579632
9788123755663
9789382629122
9788178243450
9789382629085
9788126927999
9788171396443
9788170225423
9788120814882
9788170305477
9788178270500
9788121223799
9789382629009
9789382629016
9788187114956
9788187114949
9788178270555
9789380748733
9789391080860
9789382629047
9788187330257
9789350145425
9788126721191
9788172110918
9788126928521
9788186880692
9789388859431
9788187392002
9788187392200
9788121229203
9788121231183
9788120603547
9788170224563
9788181435378
9789350143155
9788123757308
9788170307426
9788172084264
9789380578033
9788174353696
9788178223483
9789382579229
9788178223506
9788178312149
9788187032854
9788187332633
9789350183540
9789386556301
9788120817630
9788172153069
9788120817654
9789382565796
9789350143803
9788121206013
9788181581600
9788170594376
9788186912034
9788172111595
9789389012736
9788126918461
9788121214902
9788126725137
9788180698774
9788186230831
9788173047527
9788121214834
9788182749917
9788186265635
9788180699030
9788172233860
9788180698699
9788186117262
9788172050283
9788178353678
9788171415298
9788131102466
9789380852263
9788187812722
9788182747845
9789386288066
9788173055454
9789388540537
9788129104168
9788177421613
9788182890367
9789389110708
9789350501405
9789350501276
9789386305923
9789350501542
9788170223139
9788182746527
9789383098736
9789383098408
9789380847016
9789386682536
9789390961580
9788177540215
9788177420982
9788170603382
9788174451484
9788170303794
9788177560961
9788180699962
9788182748569
9788171414543
9788170330806
9788186318515
9789350021934
9789386682307
9788180699634
9788170303640
9788186318850
9789350008249
9788170223849
9788131600191
9788126718139
9788170226857
9788126927166
9788177542295
9788177559811
9788126717965
9788180698637
9788174870162
9789386682901
9788170226444
9789350009703
9788173051470
9788187943143
9789386682895
9789382420637
9788131102367
9788187853688
9789350530061
9789382993889
9788122438048
9788182748613
9788122435726
9789386578006
9788120329553
9788173049385
9788173049972
9788124603055
9789350909683
9788174090737
9788124602898
9788188043347
9788120806184
9789388264532
9788173044977
9788171882632
9788173049811
9788121507691
9788174790910
9788185040035
9788173049125
9788173045820
9788172313821
9788126705047
9788121211543
9788184247534
9788184503074
9788124601372
9788189798512
9788170188896
9788171641666
9788189798888
9788171673667
9788184242010
9788174874245
9788170189343
9788184503050
9788171566716
9788174873033
9789384649319
9788187368786
9788170227434
9789386618627
9788123798929
9788180699733
9788179270004
9788180694684
9788188458240
9789384649432
9788184203233
9789386708823
9788129507969
9788183861977
9788180699627
9789386702906
9788180693823
9788183873352
9788170007135
9788189780593
9788172237028
9788183619059
9788179100233
9789385160707
9788187330158
9788170226987
9789385494062
9788184353600
9788170280323
9788184487008
9788183870665
9788188569199
9788174791740
9788187317739
9789384456221
9789385160776
9788184402094
9789391685324
9788124607350
9789386618184
9788131102572
9789384502096
9789384502072
9788180694424
9788126704422
9788131611425
9788172232399
9788187879336
9788184501605
9789385494420
9788174876096
9788126704965
9788189886882
9789382609698
9789382579182
9788174873088
9788184352733
9788188458714
9788170187059
9788124606636
9788172762384
9788171693412
9788181439147
9788183630702
9788173919794
9788170227502
9788187392293
9789381763384
9789385288432
9788178849270
9788131100684
9788131100547
9788184030556
9788178849348
9789386768919
9789382460077
9788124109281
9788172739652
9789384850357
9788188237401
9789382460046
9788188237463
9788183764025
9789391214869
9788187498742
9788129519320
9788172157586
9788178847979
9788126706624
9789386768742
9788178849614
9789387651746
9788178849669
9788183764063
9788174873651
9788121207676
9788170185567
9789385020483
9788121211369
9788171690398
9788121211383
9788121003803
9789386771612
9788174090362
9788123748610
9788187649441
9788178848792
9788172293994
9788183990745
9788129516886
9788170227779
9788187644347
9789381608272
9788174731104
9789384898038
9789385005169
9788128024382
9788171690664
9788131101964
9789385161391
9789382460312
9788174874979
9788171690442
9788171393213
9788124604380
9788174874955
9788187606079
9788187606017
9788124113578
9788121003766
9788190317726
9789391314187
9788190004671
9789386618795
9788189983628
9788178901534
9788121100151
9788178901558
9788189983611
9788189983581
9788189983574
9788170187509
9788184113938
9789385161025
9788187392613
9788170186007
9788181434999
9788189983178
9789382396499
9788189983147
9788124101100
9788170282280
9789384699291
9788171568222
9788124603192
9788121102223
9788131102381
9788171692613
9788180699948
9788131611609
9788124602935
9788174879103
9788183741507
9788187392866
9788187418504
9788184110159
9788187418405
9788187418023
9788171195428
9789381672013
9788171690176
9788171690152
9788180696657
9788188054039
9788183760249
9788171690114
9788184110128
9788183760171
9788131102305
9789386682673
9788129521156
9788172761240
9788171692101
9788184110388
9788184110432
9788123742625
9788190363402
9788174092502
9788180695155
9788187393450
9788171690039
9788183743006
9788187393412
9788188425464
9789382206354
9788124608401
9788189765125
9788186318140
9788123722801
9788123771779
9788185445496
9788131610619
9789382281016
9789387195332
9789387409583
9788185421681
9788125045106
9788183302074
9789383284894
9788170223917
9788174871510
9789387195042
9788188965311
9788186339312
9788174877154
9788185495934
9789382281559
9788185616285
9788170222019
9788185636320
9788185636245
9788185616971
9788183281461
9788186230657
9788172338015
9788189471132
9788189005214
9789383252909
9788174870544
9788182745650
9788120831445
9788186265895
9788182691766
9788185495972
9788185341057
9788120819788
9788189471439
9788182054639
9788188934829
9788183303781
9788123764092
9788183303804
9788183303996
9788185182179
9788171418633
9789386071958
9788182474994
9788123733937
9789386397577
9788186562307
9788185163901
9788182054424
9789386397744
9788183305273
9788182055193
9789386397270
9789387155619
9788171418329
9788180385568
9788182473812
9788182472327
9788180400377
9788125040354
9788172053772
9788182209022
9788185300191
9789383318612
9789382281405
9788120809758
9788123773513
9788183303415
9788171418190
9788172338558
9788130711942
9788182747067
9788121204736
9789386262073
9788131608821
9788126010912
9788179941881
9788171242474
9788182749481
9788121204057
9788189059644
9788185853130
9789386235640
9788182749016
9788179941010
9789386250902
9788179940792
9788120824973
9788172337926
9788170119067
9788171415281
9789382206125
9788189110017
9788183072724
9788182904392
9788120808102
9788180311086
9788186025000
9788185990538
9788180311208
9788125916512
9788171415472
9788171244010
9788170020264
9788186030073
9789383111411
9788183070317
9788185952543
9788125938477
9788170222477
9788183224734
9788185693675
9788120827714
9788170229827
9788171884865
9788189297862
9788130712529
9788186208168
9788186208335
9788185749600
9788185749082
9789386235046
9788125051336
9788182747999
9788183248990
9788130711959
9788123722818
9788185708713
9788120829480
9788123730394
9788183245340
9788183245289
9788183244589
9788182748675
9788171416240
9788172335908
9789387195738
9788174871114
9788179940426
9788126517022
9788125061588
9788185771441
9788123724447
9788189235680
9788130714882
9788171414376
9789382186021
9788171416516
9788126553372
9788189471743
9788171396504
9788185990781
9789382332190
9788131611364
9788188795055
9788120834736
9789383864157
9788184576108
9788171695492
9788126435630
9788173913242
9788172150372
9788121107709
9788171396757
9788187067740
9788180691898
9788184575743
9788170228738
9788183564007
9788171695959
9789382968535
9788183562614
9788172490140
9789383838004
9788183562058
9788186937532
9788174792204
9788188808540
9789386556110
9788188808304
9788183563772
9788183563147
9788174872326
9788187032779
9789381991251
9788172611057
9788179754030
9788131607763
9788179753118
9788171199808
9788189729134
9788184572445
9788179652473
9789382396086
9788187114208
9789384052027
9788131611395
9788187114901
9789381887110
9788184572278
9788188683833
9788184572162
9788170113768
9788180693397
9788179505823
9788187138990
9788183610865
9788180693564
9788180693007
9788188583188
9788123788258
9789382363330
9788187067757
9789391524258
9789382629368
9788188643806
9788189729301
9788172612023
9788123787060
9788172330187
9788123787091
9788129500977
9788174792051
9788180692475
9788188643431
9788171198993
9789383992607
9788171696703
9789383811571
9788179756416
9788131607176
9789386453228
9789383649662
9788171419647
9788120320475
9788185015361
9788185002989
9789386001849
9788185002200
9788172361204
9789385999079
9788185002125
9788123760209
9789382281795
9788171399154
9788186782521
9788188827138
9788188836161
9788171419432
9788185059013
9788125026969
9788123735191
9788128814310
9788186732281
9788120832473
9788123762715
9788186732618
9788189471880
9789383625222
9788189471897
9788172056384
9788123776477
9788120832572
9788171780938
9788123777221
9788186732786
9789383684700
9789382281917
9789385915499
9788124609552
9788129119988
9789383784127
9788188817245
9788170196204
9788170195382
9788181715579
9788179756959
9789382300700
9788129116345
9788179756942
9789383811281
9788171696796
9788121210157
9788131606667
9788183560887
9788179756522
9788183424653
9788189497019
9788170207535
9789383723959
9789385995309
9789385995286
9788186791257
9788179758410
9788172331627
9789382885221
9788124611555
9789385995200
9788189485504
9788171697878
9788186791448
9788172331238
9788123757315
9788174872173
9788186830741
9788186565247
9789385160349
9788195401994
9788121501224
9788121503129
9788121503105
9788192645131
9788176221146
9788170490944
9789387890091
9788178359250
9788177022513
9788192624471
9788121502863
9789350980835
9788177022759
9788126719419
9788170495437
9788170301943
9788173045981
9789350533314
9788194030058
9788176463485
9789387889439
9789389184068
9789380752686
9788121220194
9788194063865
9788170352884
9788170463078
9788192564159
9789380752655
9788170353140
9788178840901
9789350980804
9788178359205
9788126907601
9788170352488
9788122430776
9788170304227
9788170495567
9788170352341
9788176464543
9788176635028
9788170304234
9788176212786
9788121923125
9788175510463
9788122431254
9788170795278
9789381234693
9788170350996
9788175510210
9789380772912
9788121265928
9788175510005
9788126902774
9789351285953
9789350980552
9789380772349
9788121213905
9789350026922
9788170495505
9789380752945
9788174454973
9789351620006
9789390923748
9789350141489
9788121500470
9789322008321
9788121941945
9789351281559
9789350531341
9788173041723
9788176461511
9788121511575
9789351281177
9788170461722
9788175415997
9789353240585
9788131600283
9788126928002
9788177421118
9788131245842
9789380752327
9788120340763
9789351130222
9788170585053
9788177421248
9788178293707
9788175415461
9788131602898
9788175415348
9789350530924
9789389563245
9788192061528
9788192055725
9788170392040
9789380076959
9788170800101
9788173293429
9788121212090
9789350532447
9789390366620
9788170495369
9788122406948
9789351775621
9788173293825
9788176462860
9788170798156
9788170300083
9788131609873
9788170595281
9788170304890
9788170304951
9789350531785
9789350981429
9788126903146
9788192354552
9788173047985
9789389137743
9788178842509
9788178312743
9789350143629
9789351862765
9788177213768
9788178359892
9788192301259
9788195370764
9788170846406
9789350531440
9788195370757
9788178312538
9788122430653
9789380829586
9788192998701
9789380873237
9788126717446
9788121248150
9789388434447
9788126707331
9789350722909
9789381226797
9789381234075
9789388540452
9788120723542
9789350722053
9788174352705
9788176120333
9789380026756
9788131604779
9788121266604
9788120723382
9788193815755
9789380027197
9788178830605
9788176120852
9788121214872
9788176122047
9789388434300
9789351483700
9788176124140
9788170338796
9788122425765
9789380852706
9788170303053
9789380873244
9789380026121
9789388028615
9789380026091
9788120727021
9789378313219
9788126909414
9789350740637
9789350001349
9789351481584
9789389381238
9789381212127
9788172932213
9788178804606
9788193589397
9788126921591
9789378313066
9788170003762
9789378313011
9788176019736
9789332704756
9788170301578
9789380873169
9788178357430
9789350003411
9788170337959
9789380873176
9788193462102
9789350004302
9789380873183
9788173421822
9789350005194
9789380016528
9788173047091
9789380027531
9788175511934
9788178353838
9788175242463
9788131609057
9789350571354
9788131606117
9788126921638
9789354390104
9789350024164
9788170495802
9788175741744
9788121267007
9789354390180
9788175680692
9788122430189
9789389211856
9788120350168
9788170949664
9788193052761
9788170552628
9788176501613
9789327263152
9788131609019
9788176502122
9788120801608
9788178353609
9788173046223
9788176465021
9788121219884
9789387980587
9788170553625
9788176127431
9788176494991
9788121513210
9789351302858
9789380852645
9788126917754
9789351483830
9788170992066
9789381234334
9788170964766
9788126908028
9789380027654
9788170790921
9789350021736
9788173031175
9788170302964
9789388022293
9788131604496
9788131609576
9789380028064
9788120351707
9788131604458
9788170304098
9789355945150
9788121214056
9788170492658
9788121219433
9788193243862
9788178353937
9788121513166
9789327274455
9788121245203
9789350023310
9788176461054
9789350000328
9789350244944
9788173051906
9788121241021
9789380677644
9788121268257
9789392757662
9788170592525
9788170308843
9788177551310
9788171104246
9788176224031
9789352660704
9789351246138
9788170001102
9789388982931
9788174355942
9789352705337
9788170306986
9788178223131
9789380677231
9788121240949
9788121213509
9788170592402
9788122309584
9788176253604
9789350200483
9788177697117
9788173042492
9788131610138
9788126722624
9788190746267
9788170306597
9788122309843
9788131605370
9788120353008
9788170356646
9789380261201
9788131609477
9789352590421
9788174366726
9788176251587
9788121240864
9788173051760
9789388818292
9788174452801
9789350500415
9788177564167
9788121226431
9788177569322
9788131602331
9788177568783
9789352879281
9789350249512
9789390620517
9788121268691
9788121510950
9788121242967
9789350183953
9788177567922
9788173719523
9789352876280
9789351246756
9788178844688
9788170309468
9789351251675
9788173043352
9789388337007
9789380183886
9789352703104
9788176224369
9788126927203
9788126903740
9788176373029
9788177560879
9789352701810
9788175363427
9788126905737
9788177561227
9788176224499
9789381067574
9788170309390
9789389012132
9789350484586
9788194928669
9789355183248
9789380328003
9788170308461
9789389563818
9788170305491
9789390514892
9788175247215
9789351280477
9788120406209
9788170305439
9789350530276
9788170842842
9788194201823
9789350170663
9788121213387
9788176222730
9788178843469
9789350355886
9788126713936
9788170593645
9789352762927
9788178800059
9788176255264
9788173718113
9788126921904
9788126904532
9788131601938
9789380361222
9788173201738
9788192054254
9789380752273
9788173044779
9789380336589
9788175247109
9788126907403
9788178510903
9789351250128
9788175246782
9788192006437
9788177541229
9789388937214
9788194849063
9788176254793
9788178245379
9789380534114
9788190676007
9788170003007
9789355010926
9788178540580
9789380534121
9788190696371
9788176460125
9788194849087
9789350403402
9789355181268
9789390588503
9789350404324
9789380534275
9788176223355
9789380534350
9788176253819
9788194556336
9788178244716
9788177421446
9788121511391
9789355010674
9788177700152
9788194267546
9789352832224
9788175247420
9788176222969
9789380472430
9788178846309
9788190691949
9789380336190
9789350502693
9788173049514
9788173041198
9788187967569
9788183823210
9788188071258
9789350026120
9788120344389
9788186030950
9788171883486
9789386618115
9788126918546
9788179254370
9789380828640
9788186921531
9789381523025
9788173048487
9788173041112
9788122434507
9789386618603
9788178693989
9788121203906
9789351480549
9789350251584
9788185094601
9788192304618
9788120351769
9788179931851
9789350025482
9788120336032
9788184541700
9788120614857
9789388414944
9788123735467
9788170799771
9789350904855
9788185220208
9788180693151
9788180691652
9788125039914
9789355181848
9789386870339
9788185141435
9788123774107
9789382396000
9789380873213
9789350000045
9789389563450
9789382332336
9788120810044
9789383649884
9788188204755
9788188204854
9789388415002
9788122408744
9789389563474
9788176258449
9789355211606
9788178357829
9788126902415
9788195279791
9789383721917
9788188836475
9788126902408
9788171797783
9788170798453
9788174455673
9789351242949
9788122407181
9788121702294
9788170800156
9788188775675
9788123773322
9788126714964
9788180692086
9789333110907
9788171307906
9788170221258
9788188683079
9788125020189
9788170303541
9788184893861
9788170495031
9788170221104
9788180696701
9788188054008
9788176466523
9788178510699
9788121261487
9788188643646
9788125023289
9788194764892
9788185054339
9789332883864
9788174876980
9788125016083
9788171699193
9788183423632
9789387023123
9789383649747
9788124610541
9788172333737
9789355212474
9789383625574
9788178510057
9788126918102
9788172249953
9788180696411
9788170172130
9788176466202
9789355181497
9789351160373
9788124610442
9788121801560
9788178357942
9788123779249
9788176463324
9789383441846
9788170811909
9788180690419
9788173200694
9788122411140
9789382300229
9789389563733
9788183303798
9788170801900
9788122410129
9788183303767
9788128831393
9789351247562
9789383684946
9789382396420
9789380918259
9788121200387
9788180694462
9789383458622
9788188836055
9789326350600
9788188458141
9788126929160
9788194893721
9788173914461
9788178358802
9789382396451
9788184985580
9789389449433
9789350980491
9788194906247
9788180695032
9788123773872
9789383684557
9788188425693
9788178359014
9788184986242
9788123774015
9789381084137
9788174876881
9789383684694
9788178543765
9788180694677
9788126904020
9789386906380
9789355189165
9789383413935
9788194867814
9789332540248
9788194867678
9788121109758
9788188808809
9788180694042
9789350981153
9789386150349
9788174876775
9789355208736
9788173200946
9788121511056
9788121513531
9788170174011
9788121510288
9788131604281
9788183420808
9789382281658
9788121512893
9789389563511
9789386906724
9789355202802
9789389412802
9788131304488
9788194867883
9789351243649
9789382396383
9788174876935
9788185163796
9788180690785
9788180695339
9788185002347
9788185002460
9788170002406
9788173045622
9788171788859
9788126902576
9789383684984
9789355182487
9788131103067
9788170228240
9788170339625
9788183247542
9788172245672
9788182747760
9788170305835
9788182747821
9788187108177
9789380731957
9788187111566
9788178243870
9789380748023
9788120816053
9788178245126
9788178245256
9788126722358
9788121224482
9789391080020
9789350502730
9788182748767
9789350502839
9788171414413
9788121243704
9788122102987
9789382629443
9788177544114
9788174452450
9789382629429
9789382629412
9788174878267
9789350501245
9789350177563
9788182746626
9788187067993
9789380710228
9789388753975
9789382629337
9788186230534
9788181500601
9788126722587
9788170306412
9788186208922
9788182747616
9788173049132
9788182748828
9788121222792
9788178246383
9788173913891
9788173048562
9788187330318
9789382579564
9788178312095
9788177421156
9788125928577
9789382563549
9788123768045
9789350531334
9788181437518
9788181437426
9788174791658
9788174450166
9789386262967
9789389137118
9789389137293
9789350152379
9788186098219
9788170586524
9788171415199
9788123755076
9789380748658
9788186190944
9788123754468
9789386618146
9788174870643
9788187317227
9788170590064
9788186098387
9788182749474
9788181461117
9788187317340
9789386288004
9789383098361
9789389136357
9789383098446
9788172053246
9788171397099
9788185952918
9788186627815
9788170593829
9788123759791
9789380534602
9788186569962
9789386473509
9788121233286
9788186569511
9789380565040
9788186569450
9789380565194
9788186791370
9789380565217
9789380565286
9789380326900
9788186791660
9788123757957
9788186562840
9788174452979
9788126723348
9788186265758
9788123761558
9789380403014
9788186737163
9788174453037
9788186771099
9788186732694
9788131610657
9789380411125
9788186771440
9789388937191
9788186732373
9789386463210
9789380467481
9788120411791
9789350334300
9789388937016
9788123761817
9789380467962
9789386397737
9788122310207
9788170224488
9788121231244
9788174452795
9789388789295
9788121206679
9788186339268
9789350500446
9788174452597
9788123756332
9788187032311
9788120817135
9789380660202
9788123765242
9788126920204
9789382629450
9788186308721
9788174452580
9788181521477
9788130929910
9788182474451
9788172053659
9789350485958
9788170309215
9788121231060
9788182054530
9789382848110
9788170307389
9789380227139
9788181715456
9789389000474
9788122311181
9788182471955
9789380188058
9788181582461
9788120818873
9788120818583
9788123764382
9788120352636
9788121226875
9788177213812
9788181435613
9788121261432
9788170303725
9788126900848
9788180699139
9788170660736
9789382420590
9788170661085
9788185604909
9788126900923
9788170661207
9788176482950
9789386682956
9789350020326
9788170227021
9788180698729
9788187879756
9788176482455
9788185503066
9788171325283
9788174353030
9788187879121
9788185733920
9788126919758
9789389341027
9788123770826
9788176489119
9788173143076
9788123771250
9789350643396
9788178354200
9789350643419
9789380031217
9788131611111
9788126900435
9788126717842
9789388668668
9788172210779
9788183283298
9788170119456
9789350021699
9788126901180
9789380026589
9788187943211
9788187943495
9788188000197
9788173911804
9789386768353
9788174871503
9788176467100
9789350001981
9789350729403
9789350729601
9788170227526
9789378313455
9788183302708
9789391968373
9788176466844
9788170303565
9788170221326
9788171820900
9788183302807
9788178356884
9788185381831
9788180697456
9788187966777
9788180698408
9789350723159
9789350007792
9788187943785
9788171880621
9789350007020
9788170551898
9788185425498
9788170338246
9789383284320
9788180697708
9788120351240
9788187981343
9788171828340
9788183302296
9788126717255
9788120829473
9789350023914
9788178312774
9788187393511
9788185861425
9789350141335
9788126928620
9788187418887
9789350533222
9788174369772
9788185843728
9788174791511
9788177080162
9789350140499
9788123749631
9789386667458
9788174791481
9788170556763
9788171394098
9789386667649
9788187566724
9788178350820
9788123751955
9788174877246
9789383166428
9788121940030
9788177212532
9788173047961
9788187392262
9788185952307
9788174454577
9788187392323
9788125913634
9789383166176
9788183150682
9788183150804
9788183150880
9788171889914
9788170557791
9788187393177
9788174870926
9788170222774
9789389184358
9788185832104
9788121935210
9788185832036
9789388684538
9788187644354
9788170226390
9788185771106
9788176503051
9789388684286
9788171885206
9788183244923
9788178353593
9788125057444
9788174877260
9788173912566
9789350024263
9788174877253
9788176500685
9788171416745
9788183247658
9788185771380
9788171339853
9788176673068
9788123749242
9788171416028
9788187606062
9789380772080
9788187606154
9788187606215
9789388684736
9788183240598
9788185790077
9788121929424
9788171393015
9788170555216
9788170555049
9788131605783
9789382460589
9788174871138
9788187606994
9788126904709
9788186732922
9788183424578
9788175510166
9789384646189
9788192829708
9788192805467
9788179750889
9788120841697
9789390095568
9788170249429
9788175510227
9789381887776
9788131608456
9788175418899
9788189741457
9788170188612
9788178836386
9788179651490
9788179650318
9788179552292
9788175418608
9788173629990
9789384588359
9788171693252
9788171693269
9789351485322
9788171567720
9789351485506
9788131611272
9788175244054
9788172611521
9788170352310
9788179753637
9789381084700
9788121505741
9788120801691
9788131608999
9788193019061
9788189729097
9788171693351
9789384502577
9788170491804
9788171692934
9789394902831
9789381887271
9788121500579
9788131806401
9789353242855
9789353242749
9788170184881
9788189833633
9788126703029
9788124106358
9788179105184
9789385254574
9788192512174
9788178841991
9788129510419
9789353242480
9788171692293
9788192446714
9788178842349
9788170353232
9788189798222
9789381868058
9788171692798
9788189765347
9789351710004
9788178836607
9788179507797
9788170249788
9789381234822
9788170352549
9788184192568
9788170352563
9788189765132
9788184155266
9788175417991
9788124100998
9788175417960
9788171568475
9788189765248
9788121501170
9789384721176
9788126915606
9789351485032
9789351484899
9789389915600
9788172862404
9788123904412
9788189471941
9789394902237
9788183618786
9789381218563
9788176017008
9788131608425
9788123722603
9788176016773
9788123906096
9789385494444
9788193418857
9789385494291
9788183619349
9788126700219
9788131606780
9788183616638
9788193555484
9788193391273
9788174766229
9788123797861
9788123798264
9788171010608
9788176113397
9789384344405
9788189471651
9788120835283
9789390678716
9788189471675
9789384363185
9788189471705
9788183615600
9789381212660
9788179776186
9789389915525
9788179775950
9788189471835
9788170004455
9788184500233
9788179755068
9788124607336
9789351484028
9789351484042
9789388022200
9788131901076
9788183700580
9788171693719
9788128812521
9788123917535
9788171693634
9788179755563
9789351484349
9788179755518
9788193183007
9789351484424
9789353495213
9788189630775
9789388020633
9789381234372
9788131601181
9789351482901
9788183690355
9789382059424
9788131608401
9789389958492
9788189485535
9788121209625
9788179757789
9788121209656
9789385494055
9789389967098
9789385493751
9789385493560
9788123911953
9788123912103
9788175972667
9789388070263
9789388028141
9789390035533
9788189866235
9788175416888
9788183744904
9788178844961
9788190867528
9788178845067
9789385161155
9788121101097
9788131609422
9788127243463
9788131602096
9788170288992
9788173804687
9788171105496
9788190820387
9788124602881
9789385144431
9788124602874
9789381406892
9788190242943
9788178845531
9788190867535
9789352872831
9788124600832
9788174874580
9788174874962
9788178844282
9788190059701
9789387698857
9788126920266
9788178844374
9789352903207
9788175246522
9789381608722
9789381608463
9788183876629
9788131611517
9788172730505
9788190887717
9788170358381
9788171690053
9788171690046
9788123704142
9788183872980
9788175411807
9788190679602
9788190672450
9788178847160
9788175246645
9788170357391
9788124602645
9788171162109
9788178847054
9789352806058
9788175246959
9788175246911
9788178846668
9788190598477
9788121211604
9788173810404
9789392443008
9789391139643
9789352770021
9788174874405
9788175247529
9788190749633
9789385145001
9788178845609
9788124601181
9788126706693
9788170356738
9788170187370
9788172761264
9788121290128
9788183821513
9788178845920
9789381574119
9788178847603
9788178845975
9788178846002
9789381574089
9788123704852
9788190717328
9788175246607
9789353020088
9788183877305
9788178842493
9789387587472
9789387587564
9788184050684
9788170006886
9788131608098
9788131800034
9789353240011
9788121210980
9788192050812
9788189981532
9789391759094
9789352210077
9789381709269
9788124110638
9788189983468
9789387648555
9788124114100
9788189983482
9789384721732
9789390378661
9788189983512
9788173715990
9788189886271
9789351862239
9789384721473
9788189886509
9789353241339
9788183746021
9788131603475
9788184110371
9788171569311
9788184110197
9788175416116
9788189886899
9788192186337
9788170354376
9788175415911
9789351951964
9788121003414
9788189983505
9788189983529
9788190044288
9789353220709
9788191025347
9788121296298
9789352584031
9788178843797
9788191025316
9788121101592
9788131602690
9788190006668
9788171193455
9788172701819
9788191008579
9788131610466
9788170006619
9789352662968
9789353023478
9788128800481
9789390620302
9788175412743
9789385161476
9788178902319
9788191025361
9788184030112
9788120344358
9788178843452
9788178843476
9788175414013
9788191083316
9789352294510
9788189983635
9788175246355
9788126705573
9788175246423
9788191052602
9788189983932
9788183762786
9788172701031
9788171690848
9788131608210
9788178804019
9788193052365
9788126909100
9788122417821
9788170010548
9788123786841
9788171694990
9788171242511
9789382206088
9789351282419
9788183564762
9788176221740
9788176221795
9788178800585
9788194117919
9788194163466
9788171243228
9788126907564
9788176222327
9789354792298
9789383864072
9788173292484
9788184576405
9788171695898
9788171244102
9788120808249
9789389600445
9788171244232
9788194186656
9789351280286
9788173292408
9788189131968
9788123726410
9788189233082
9788123787428
9789385719189
9788122417524
9788170003441
9789351302810
9789389832648
9788123788500
9788189293895
9789354390548
9788170351122
9788120835016
9788171694228
9789387324770
9789354420948
9788173040795
9788189235901
9789382186458
9788174872715
9788183568449
9788189233860
9788178801209
9788170948322
9788123786872
9788184574746
9788184574821
9788184574883
9789351282808
9789351252993
9788170493358
9788171696246
9788170820680
9789383811304
9789351251132
9789382281054
9788188965755
9788128824487
9788170195252
9788183560610
9788124609613
9788176252133
9788194483601
9788188965502
9788173290671
9788170494324
9788126713615
9789382281313
9788184808421
9789383784318
9788172335212
9788194657798
9788180430480
9788178795386
9788180430619
9788174872197
9788180430886
9788126508389
9788170815082
9789383811519
9788183560993
9788171696260
9788176224154
9788131607756
9788194377672
9788180314667
9788178797564
9789351252474
9789351252467
9788170194675
9788170493549
9788171246434
9788121508032
9789385909863
9788194418511
9788173043079
9788194428022
9788170003205
9788180315978
9789383828388
9788189011529
9788189011413
9788176224468
9788178797298
9788170820833
9788171696734
9789388322027
9788184620559
9788126905843
9788184572292
9788180311024
9788174456489
9788170492504
9788131612132
9788121506618
9789351480105
9788184571806
9789385719097
9788170998204
9788193772188
9789387392137
9788184571837
9788189471415
9788170189961
9788189469214
9788126933075
9788193815793
9788176120111
9788170996538
9788121209250
9789354350481
9788170190950
9788184571493
9788176120272
9788189471385
9788170998129
9788170492559
9788178803067
9788184570762
9788189471354
9789385719103
9789388211871
9788178802886
9788179919330
9788189471248
9788126710744
9788124603093
9788170228974
9788173045486
9788173031946
9788171511853
9788182747098
9788173044205
9788131600481
9788171821853
9788121914413
9788128829468
9789381141441
9789380070254
9788128809972
9789351524656
9788120608092
9788126918409
9788128837579
9788120334250
9788125021940
9788173045837
9788124604175
9789354420344
9789380403052
9789380227870
9788176501293
9788184487565
9789350023181
9788173200403
9788170492955
9788176373210
9788123779119
9789383684403
9788129114648
9789353023454
9788123778464
9789385496967
9789385998980
9788170494768
9788183877367
9788184577631
9788173291562
9789350501023
9788183763745
9788182748637
9789385496950
9788185425719
9789350500958
9788183302524
9788171690411
9788182743977
9788170186144
9788170188230
9789383838684
9788174873842
9788171413867
9788122004649
9788126906987
9788183764018
9788174874016
9788131610855
9788182749009
9788131608654
9789352879892
9789351251453
9788124801574
9788123765075
9789353870324
9789386296986
9789389012989
9789385995705
9789351481928
9788126724512
9788173155895
9788123792101
9788186318928
9788177562132
9788121243308
9788186318638
9788126920600
9789353024604
9788184030075
9788170355649
9788186318560
9789352295081
9788121296809
9788182745735
9788182748422
9789351252481
9788126727018
9789350833773
9789383074501
9789389347890
9788123765792
9788186208250
9788171417629
9788123766409
9788124605257
9788182748149
9788174873835
9788121003773
9788123772011
9788122007367
9788170494881
9788170337942
9789352296880
9789352296569
9788123791807
9788171690947
9788170359166
9788176016827
9788182748026
9788171414192
9788126024827
9788170492214
9789380138428
9789350501313
9788123792026
9789352294961
9789350501757
9788183302470
9788173052057
9788173292194
9788177550016
9788124117903
9788129516862
9788122006742
9788182748545
9788171690565
9789385161582
9788173817601
9789351251354
9788177542479
9789352652983
9788171582761
9788173052163
9789350501283
9789350502419
9788174871497
9788182746664
9789351251781
9788176224208
9788170191315
9788177544909
9788124801390
9789383684762
9788174874832
9789385606267
9788124601594
9789352837311
9788175248434
9789350404874
9788123763316
9789355181695
9788170494423
9788131607541
9788170118022
9788183871143
9788175247741
9788183871099
9788183870887
9789351250449
9788177697537
9789350409732
9788183876346
9788171413256
9788186565445
9788183821223
9789386191878
9788124611432
9788186565810
9788126909735
9788171413089
9788170205746
9788173290190
9788174874177
9788123900650
9788170174455
9788126914296
9789390660452
9789385144967
9789385995170
9788183822558
9788183850872
9789385160264
9788124609989
9789380336732
9789386446114
9788123779577
9789386450036
9789353883928
9788183822596
9788126904525
9788186732731
9789351480679
9788126904600
9788186732885
9789352767113
9788186732472
9789389915495
9788176255769
9789383723720
9788171561537
9788126904327
9788172055714
9788183823142
9788170000228
9788124610398
9789355181336
9788173280894
9789386200082
9789385152573
9788186706688
9789382901501
9788120834484
9789384346843
9788182054080
9789355181992
9788174874085
9788170494218
9788170358329
9788186413432
9788171413799
9788176250139
9788186469743
9788126919468
9789350729847
9789390696123
9788126903948
9788170494256
9788170357995
9788183874816
9789350480533
9788182471818
9788124604168
9788183301541
9788126922543
9789350485088
9788123779515
9788177569728
9788170351757
9788182473294
9788121004008
9789351247005
9788131607671
9789352873593
9788183876278
9788174874825
9789355181008
9788186339657
9788123903392
9788173804359
9788183872591
9789388958783
9788121240888
9788173805189
9788170357612
9789385144561
9789385160882
9788176252744
9788183560245
9788126051458
9788131609217
9789350465295
9789385144684
9788121109598
9788132110217
9788170494287
9788131601884
9788186535226
9789386191281
9788184673036
9788123902739
9789385509148
9788177691610
9789352705436
9788176251433
9788123763873
9789380222431
9788123773193
9788182054950
9788175332898
9789380222295
9789380222196
9788126052004
9788171419623
9789384502089
9788182749047
9788176673624
9788173197024
9788175510296
9788176221184
9788170350699
9788126923816
9788174877406
9789355942098
9789390678457
9788184203356
9788171694846
9788121201179
9788174875747
9788170551942
9788175418875
9788121923873
9788185163949
9788123774077
9788183568326
9788183244671
9788185218977
9788170193876
9789389471052
9788121920452
9788124606582
9789350683910
9789351283997
9789389203431
9788123786964
9788175511194
9788175510708
9789384406233
9788174871145
9788126919048
9789351282778
9788183244909
9789351710271
9789386235633
9788184500202
9788170188520
9788123791777
9788174877161
9788174875709
9788126924042
9788170119111
9788170181330
9789350981283
9789350981306
9789353243333
9788176462877
9788183223522
9788131600511
9788174871770
9789350721537
9788185822723
9788185163499
9788170491309
9788171416035
9788170556527
9789351282679
9788131601204
9789351282631
9789386235527
9788173200175
9788120827035
9788171418749
9788123791760
9788185141770
9788185141763
9788123910413
9789351521389
9788170556787
9788121513050
9789350971499
9788184572810
9788170119388
9788131604861
9788123914596
9788183700641
9788121200967
9788123913032
9788171567027
9788123914602
9788171567454
9788120835580
9788171693641
9789390678884
9788123771472
9788185616018
9789389341164
9789380027661
9788184402490
9789384463991
9788120835429
9788184409246
9789380027593
9788120346611
9789351484004
9788120831391
9788183700177
9788129504173
9788121266208
9789389915075
9789380027777
9788123790152
9788120829534
9789380031262
9789351284628
9789386081179
9788123911014
9788183246576
9788183246538
9789390095216
9788184573664
9788171693566
9789390095261
9788170336501
9788121266703
9788174873309
9788126923397
9788175541924
9788121243940
9789354421808
9789350563540
9788170182931
9788170351283
9788125051022
9789353572730
9789394852198
9788185218670
9788185569277
9789353491468
9788131604960
9788125039600
9789350570197
9789350571361
9789354390937
9788123773773
9788170119210
9788121506083
9788184353198
9788177023732
9788124608180
9788123778389
9788182902510
9788177421132
9788173157318
9788184576412
9788170189879
9788176471329
9788171419463
9788184110111
9788173917189
9788186030998
9789390900763
9788121298711
9788184571301
9788123778150
9788170118688
9788171692033
9788170336372
9789352101863
9788171880577
9789353241902
9789389136838
9788183301190
9789385494260
9788185990033
9788175416277
9789389136531
9788185054629
9789351280934
9788170185550
9788184110340
9788184110234
9789385909276
9788171415359
9788184110081
9789385496110
9789386200105
9788173292323
9788173918384
9789386296702
9788174876485
9788184030600
9788123771946
9788174875334
9789355010612
9788184576573
9789353228606
9789351280118
9788176223058
9788176467926
9788184030174
9789383660421
9789389136326
9789353240004
9788184050653
9789351242383
9788171691593
9789383843336
9788170188261
9788185054148
9788184501544
9788120345294
9788177450033
9788171427680
9788177540222
9788182882638
9789389563443
9788175414594
9788170588917
9789383098392
9788183745949
9788174870889
9788176221436
9789351282358
9788123768656
9788170557418
9788121201438
9789351033103
9788183564816
9789389166897
9789353870249
9789350533147
9788183152280
9788176461733
9788173917981
9788183619790
9788185220581
9788171419272
9789384721268
9788185141022
9788124106402
9788175417847
9788171416011
9789389347128
9789395328159
9788176221580
9788183221344
9788176221627
9788175991897
9789383968213
9789350533185
9788124102824
9788183741255
9789380076294
9789386262097
9788176462365
9788176461566
9788185891569
9789389137408
9789351862048
9788184111170
9788183744867
9788170194477
9788131600344
9788183391023
9788185229355
9788174354006
9788171695331
9789385494239
9789383145911
9788185952802
9789383864133
9788183745819
9789351865445
9788131609590
9788183076388
9788124106433
9788171568871
9789351282167
9789350531976
9788175417083
9788185484402
9789380026343
9788185891934
9789383864201
9788174871954
9788171419296
9788171415816
9788183150262
9789389143249
9788170559382
9788185952260
9788186565230
9789383723034
9788170304296
9789386835734
9788170229605
9788178837437
9788189757939
9789381887103
9788181435415
9789381234815
9788123727387
9788179551141
9788189750046
9788181434791
9788171021833
9788170249764
9788172153670
9789350142752
9789387472655
9788187374459
9789387890084
9789327236330
9788189765187
9789387889187
9788178312576
9788187368151
9788170002390
9788131610633
9789382544104
9788174790170
9788181436597
9788189765156
9788131606308
9788181436702
9788170300199
9788181436665
9788178312606
9788170595199
9789350142455
9788121214230
9788192693958
9788187393740
9788192917276
9788171395453
9788193019016
9788179753248
9788170595427
9789350141014
9788131611869
9788170228097
9788131230909
9788174790866
9788178800851
9789350140550
9788170302971
9788178800899
9788179752319
9789327274479
9789327270112
9788171021345
9788179750254
9788122431469
9789381904961
9788187393023
9788121210409
9788172337230
9788170225867
9789387968431
9788180695131
9789388434096
9789350141717
9788170595403
9788170793588
9788170866299
9789391139346
9788181437044
9788187358473
9788122404203
9788192075211
9789322008178
9788178270982
9788194247333
9789381325223
9788120810211
9788170281610
9788172700102
9788180693960
9788192190631
9788192219509
9788192219547
9788126721856
9789380752242
9788178842653
9788192070605
9788121222006
9789387587618
9788178245485
9788174791962
9788171245499
9788178843292
9789381325414
9788170305569
9788123710990
9789381325407
9788183860031
9789382622260
9789386863973
9788189934460
9788192061863
9788174454447
9788178843124
9789322008451
9788178842547
9788126704286
9788171088522
9789382579014
9788189833701
9789325981171
9789381864098
9788131705025
9788188458455
9788172612870
9788181438652
9788171395682
9788170305149
9788178359182
9789350144060
9788189798093
9788122404265
9788188458875
9789386618450
9789322008833
9788121212182
9788126916580
9789350152645
9788174791726
9788194186663
9788189886325
9788123753478
9788172764692
9789350144916
9788181439611
9788181439437
9788178842134
9788122405132
9789382206378
9789386618443
9788170227878
9789350140079
9788173049248
9788121214322
9788178356860
9788126707744
9788189301156
9788123746449
9788180699917
9788174791108
9788178801599
9788131610602
9789386682741
9789381212608
9788187879008
9789380852638
9789350020814
9789387409996
9788179919064
9788172158781
9789380852249
9789381218457
9788170226727
9789387324893
9788179758915
9788173046568
9789350023709
9788187812302
9788189473167
9789382420866
9788178801490
9789381226407
9788121212410
9788172339999
9789350002193
9788170304159
9788170300922
9788121214292
9788172232917
9789382460794
9788180698828
9788170998730
9789350007464
9788178802527
9788189471422
9789350007297
9788178803050
9788193815731
9788126917426
9788174878793
9789388211321
9788189471309
9788170002048
9788126709342
9789388540292
9788189471293
9788170003588
9788193815809
9788193759875
9788193608883
9788170301196
9789350020074
9789350020067
9788187879978
9789381212455
9789391125752
9788131102503
9788178356020
9789350009055
9788174456700
9788180697777
9789350008454
9789350008423
9788178802497
9789350001974
9788178353739
9788173046452
9789382420071
9788123725802
9788170004974
9789381144039
9789381144589
9788179755860
9788131611180
9788189233976
9788179756027
9788126702060
9788122427363
9788126701957
9788179756331
9788188071531
9788170665991
9789388022316
9789388434713
9789388022040
9788126711956
9788174791474
9788171394234
9788170304685
9788178833729
9788173040214
9788189233419
9788171324163
9789388020596
9788193245088
9788126452385
9788187606086
9788174352842
9788123744186
9788178801131
9788171393138
9789388022408
9788126701933
9788174791290
9788123747804
9788170227670
9788180696961
9789387324879
9789382460343
9788126928774
9789350001271
9788174353085
9789391685041
9788189293048
9788178830049
9788193346303
9788126920112
9788193397305
9789386682468
9788170112488
9788189491413
9789393768186
9788189235963
9788128837180
9789382036159
9788122424546
9788178801308
9789381234204
9788173047558
9788174791221
9788179757383
9788188043729
9788131104958
9789386682314
9788193955505
9788122423808
9788120812291
9788178245003
9788180312762
9788190867504
9788178845135
9788186882191
9788195279753
9788131606995
9788180460197
9788173044717
9789382281474
9788180430381
9788170116578
9788190840682
9789382281443
9788186895153
9789388789998
9788181582980
9789381084885
9789381084601
9788188808403
9788180460951
9788123734811
9788122408812
9788188808557
9788174453631
9788178793993
9788123707655
9788178845272
9788174879769
9788170307327
9788186880289
9789386534187
9788181770134
9788181820853
9788188885336
9789382788034
9789388789745
9788120815988
9789388789523
9789381608630
9789381608500
9788188965861
9789382281061
9788172702939
9789381136065
9788170225034
9788170224976
9788180691904
9788170594482
9788190887755
9788170224730
9789381043165
9788180318573
9789381608074
9788190161718
9788178796659
9788186937969
9788174878120
9789391985110
9788174454195
9788173919305
9788181580948
9788126929641
9789350252116
9788123757001
9788122413731
9789391985097
9789382281351
9788120818484
9788174879387
9788180690907
9788186800034
9788170813323
9788194867623
9788122301496
9789381084090
9788171106851
9788170006190
9788178063324
9788170224297
9788180600456
9788178846354
9788186771754
9788126477371
9789388937009
9789382281696
9788174453143
9788131254271
9788190402910
9789386463203
9788180690204
9788178846415
9788190642743
9788171303229
9789386463128
9788174509727
9788178846538
9789381506189
9788186771075
9788177905168
9788172762629
9788190612166
9788123705675
9789380534145
9788190691987
9788178845319
9788120416918
9789380578682
9788121211437
9788178845470
9788190790505
9789381084557
9788178845524
9788190245715
9788178845548
9788186791882
9788121211512
9788190287173
9789388881333
9788178845760
9789386473875
9788170813507
9788180591334
9788123758596
9788178845876
9788178845883
9789382300694
9788173049583
9788190742078
9788123736235
9788123736389
9788123737126
9788186791172
9789388933018
9788131611166
9788186791004
9788123737478
9789386556509
9788178356570
9788191033649
9788189011314
9788188583058
9788171195596
9788191025354
9788178843759
9788180315947
9789381325490
9788189011451
9789381325476
9788121211901
9788191019155
9788190006699
9789386556684
9789382246138
9789387648654
9789387648593
9788131000823
9788170820765
9788172145996
9788178797625
9788189005245
9788178843971
9788171193394
9788195370788
9788170594826
9788174879912
9789381406083
9788170306580
9788195549313
9788126705511
9788178843575
9789387648906
9788181500380
9788170225058
9788180315602
9788178843513
9789392757730
9789350176450
9789380731513
9788171246519
9788121213493
9789382629320
9788170305873
9788181500052
9788189986216
9789387195578
9789388766074
9788170305842
9788123741840
9788188629503
9789386556622
9788131611463
9789381325452
9789382281023
9788178797045
9788195331208
9788171193349
9789381325445
9788178510729
9789380748030
9789381325469
9788178844268
9789382337089
9788188965915
9788170821403
9788121511834
9788173043741
9788174365385
9788185182759
9788128811999
9788170350804
9789382711940
9788120808805
9788173041631
9788126918331
9788186569290
9788192611426
9788121510004
9788188043132
9788189093761
9788121920414
9789350975107
9788175100961
9788174792310
9788174366719
9788173049422
9788120827622
9788182747401
9788126926602
9788180901843
9788124601150
9788173045202
9788121208581
9788173044199
9788128836336
9788128812590
9788120800342
9788120613850
9788121003285
9788120807549
9789382206965
9789382171287
9789381162767
9788121209199
9788170494645
9789388317658
9788123730325
9789382206972
9789385721564
9789382171294
9789381084342
9788121507196
9788171302604
9789383684748
9789351280439
9788171511631
9788184573404
9789382206958
9788123737850
9788183563130
9788183563741
9788126917945
9788126903764
9789381209196
9789391125684
9788188827794
9789385721038
9788174879936
9788180591488
9788193906552
9788184572186
9788174879998
9789351309239
9789351280149
9788193826300
9789355010773
9788126930142
9788123781402
9788123791036
9789351248156
9788121212847
9788170173922
9788121213431
9788122414837
9788129116826
9788170998105
9788170998051
9789382206934
9789381084472
9788180617805
9788179923214
9788121106894
9788126709748
9788173420023
9789351302803
9789387330023
9788172337940
9788121106948
9789381084243
9788194876977
9788184571790
9788126906895
9788184572360
9788174872869
9789382206989
9788170194637
9789381084267
9788170302148
9788170182986
9788123781709
9788173201059
9788178801643
9789387023345
9789351281597
9788194820055
9789351282488
9788174876300
9788189131791
9788174876577
9788184575576
9788179941812
9788170195900
9788178800806
9788174872494
9788170003076
9788184653113
9788171240197
9789381084922
9788189110413
9788189233174
9788170003045
9789383811786
9788171243242
9788189233228
9788184574845
9788176254038
9788183566315
9788194646464
9789382186717
9788176221696
9788126713653
9788122415353
9788176225021
9788126907588
9789351282068
9788178800363
9788121213271
9789351281337
9788180310331
9789382206293
9789387195271
9789382206286
9788123731384
9789382281115
9788122414394
9789382206163
9788171242665
9789383811144
9788171696840
9789383963362
9789381136089
9788178800677
9788170302414
9788176251907
9788173293153
9788173290794
9789388317139
9789390696208
9788173293962
9789351283812
9788126711635
9788173420009
9788121508056
9788180521478
9788189239237
9788176223881
9788126905560
9788124610305
9789351280675
9788178800097
9788172333805
9789383838141
9789383723430
9788179929421
9788170351061
9788170494539
9788183610841
9789385909771
9789383992539
9788131903346
9789382171300
9788171246366
9788173045219
9788170494447
9789387324657
9788176257152
9788176220897
9788174876263
9788124609361
9789385909986
9788170229209
9788131607916
9788173232213
9788180311093
9789392017087
9788171243464
9788178801261
9789354472176
9788193975879
9788170493099
9788184573947
9788176224079
9789387242449
9788189110345
9789351284529
9788171243617
9789381084571
9788184573916
9788184573800
9788121507318
9788170001072
9789351454779
9788178843674
9788178843957
9788171690527
9789352662807
9788171194193
9788178843896
9788123709413
9788178849843
9788171103942
9788191025323
9788174875174
9788178849966
9788178843766
9788171571291
9788121296410
9788183990394
9788175412958
9788120343603
9789352296873
9789352296255
9788178844060
9788173914997
9788178844077
9788178844381
9789352667185
9788170006442
9788131731970
9789352878482
9788190105903
9788178844527
9788178844435
9788178844404
9789352664849
9789381620069
9788120343429
9788174874870
9788178849317
9789352664245
9788128605352
9788178844244
9789381406359
9788178844084
9788170359142
9788123710075
9788190887748
9788178843636
9789390435814
9789384721862
9788123711003
9788189948313
9788173716096
9788131609903
9788178843094
9788131602997
9788192072272
9788183760409
9788171691968
9788126920976
9789351941750
9788178842813
9788131603369
9788192186344
9788192186375
9788171692200
9788189886691
9788120803404
9788189973810
9789381325421
9788129513748
9788178843582
9788126705559
9788178886732
9788178843551
9788191076189
9789387648890
9789381325568
9788189983550
9788120803305
9789352203352
9788126706839
9789353229061
9788174873712
9788183761857
9789353229078
9788174875341
9789381325438
9788184030617
9789352667543
9788178848983
9788178842554
9788126913800
9789385160752
9788178846231
9788178846187
9788178846170
9788175247963
9788123704913
9788190368834
9788178846088
9788170187264
9788190366823
9788178845906
9788178845852
9788171190041
9788175253087
9788178845845
9788183821124
9788190789189
9788178848068
9788190821223
9788172762025
9788175247574
9789381523131
9788171161270
9788183860369
9789381458501
9788173809835
9788124602676
9788190575065
9789385160097
9788178846507
9788183870184
9789352827879
9788170357599
9788175247345
9789385160035
9789385160028
9788170187066
9788190521857
9788183822794
9788190492379
9789392443039
9789352872756
9788173804670
9788171104963
9788183874199
9788126912537
9788126912520
9788121101103
9788175363854
9788170186663
9788178845098
9788170358343
9788170186632
9788127251260
9788178845043
9788190867566
9789390620951
9788126706617
9788171105304
9788172734343
9789390620890
9788126912476
9788171105014
9789352873654
9788171105328
9788175052857
9788121100144
9788178845166
9788178845296
9789385144165
9788124603017
9788124603048
9788174356192
9788178845289
9789385144141
9788175333291
9788124603338
9789385144028
9788127243234
9789381406656
9788173802843
9789385144097
9788171678532
9788170358053
9788173802638
9788183875011
9789387587168
9788189886394
9788184570403
9789389915617
9789353577353
9789351483021
9788193341506
9788120347243
9788170007524
9788183631198
9788171565832
9788123909196
9789351482970
9788171014774
9789389915655
9788184500844
9788171204755
9788123722375
9788174876133
9788123722405
9788171565498
9789351482291
9788171565481
9788179757284
9789353573584
9789351483526
9788189612603
9788123915579
9789382281740
9789351484097
9788172521684
9789387471955
9788170004967
9788179756317
9789390035571
9788123720487
9788183640190
9789388022910
9788171020447
9788170492030
9788184406023
9789388070195
9788193319000
9789351483694
9789388108447
9789351482277
9788121212472
9788174733962
9788174350367
9789384344641
9788126933570
9788123799889
9789351481096
9789351480976
9788179860441
9788178804149
9788178804057
9789388173179
9789384343378
9789385606083
9788122418668
9789351480143
9788170189992
9788178803128
9788131612255
9788170183181
9788170003502
9788193790618
9788172338725
9788171011032
9788172930912
9788120796645
9788126573455
9788174456861
9788131601105
9788126707737
9788126909858
9788184503029
9788122420302
9788170301028
9789385496981
9788121266369
9789385500183
9789385509070
9788122419870
9788184504248
9788172930455
9788189471774
9788170003632
9788126909742
9789353495244
9788170189756
9789391818081
9788171199006
9788171568215
9788184193930
9788170184812
9789390101016
9789381887202
9788170184775
9788189750237
9789381887288
9788129508508
9789387472877
9788129508171
9788192667201
9789393285171
9788123715216
9788175418905
9788179750155
9788184204162
9788171021703
9789390095513
9788175418011
9788131609569
9788170463405
9788192490229
9788178842530
9788175416826
9788123713748
9788171094837
9788171093595
9788175416987
9789353242497
9788129510471
9788183742733
9788175417809
9788178841731
9788189833114
9788173712579
9788178841601
9789381868010
9788121501026
9788189766412
9789381868072
9788171693191
9788122430899
9788123918969
9788189729875
9789381991244
9788179754177
9789387472235
9788123923604
9788174457523
9788121210317
9788179754566
9789351485308
9789381234457
9788124606988
9789381991602
9788173431142
9789381991657
9789387472020
9789351484394
9788184353792
9788124607114
9788174873293
9788183700979
9788122427769
9788175243309
9788171693528
9788121104067
9788121505185
9788183702904
9788189729653
9789390095421
9788124606445
9788170189527
9788121103954
9788174873316
9789381234563
9789351486022
9788131608371
9788121505703
9788170189688
9789351505969
9788171020966
9788120836990
9788173862175
9788179753880
9789355182661
9788172763022
9788194885511
9788171414130
9789350020043
9789386582577
9788170119494
9789380677286
9788185604176
9789388766227
9788170592617
9789388540636
9789380852683
9788170223610
9789350021477
9788180699719
9789386600530
9788178354804
9788178354729
9788126901005
9789350020005
9788186256077
9788172146276
9788187943730
9788185484112
9788181521354
9788174452573
9788121225984
9788170223689
9788170303602
9789386702111
9788186265130
9788182744387
9788170303671
9789386582348
9789350721490
9788170223658
9789350022054
9788121217835
9788121908689
9788173047398
9789350571545
9789350023730
9788170226550
9789350570241
9788131102206
9789380138749
9788187775645
9788170223382
9788120827653
9789380138732
9789388753838
9788126025312
9788131604991
9789386682444
9788126927555
9789380138763
9789388766029
9789380031248
9788126900220
9789350022573
9788185636047
9788170306610
9788181501110
9788187075400
9788182746718
9789382425687
9788121208314
9788123771144
9788131939666
9788171880911
9788170223504
9788123770819
9788123771793
9788172053420
9788174871428
9789382420170
9788120350670
9788185362014
9788170221623
9788178356877
9788186339619
9788176467162
9788120831643
9788126450923
9788180697562
9788170119722
9788186339428
9788131605462
9789386556424
9789386556448
9788173156366
9789350000663
9788186957486
9788172249014
9789380873015
9788170220992
9788178357317
9788170224631
9788178357287
9789388449304
9788126043637
9788170338475
9788188043736
9788126722761
9789350741573
9788174455574
9789386392947
9789350000601
9788126429127
9788125041580
9789380856049
9788131605134
9788171413881
9789350723975
9789390900732
9789386556677
9789350005170
9788171880034
9788174877130
9788173912634
9788187966500
9789350723739
9788176471862
9788171324972
9788185445175
9788171880461
9788187967149
9789386347244
9789350728291
9789350500538
9788180697609
9789383284429
9788123772042
9788174878168
9789380661698
9788186030141
9788170337966
9788183301855
9788178235257
9789350725641
9788171413850
9788180697692
9788180697753
9789390900572
9788181291318
9788187765004
9788186921289
9788170222248
9789380117362
9789383098040
9788186103371
9788170558002
9789350531983
9789350142363
9788187317500
9788171396214
9788123768649
9788170558194
9788170304982
9788170559009
9788185952017
9788123752174
9789386288042
9788174877468
9789350141731
9788186117170
9788171414994
9788123767567
9788181431219
9789383206315
9788121207454
9788185857404
9788185861418
9788126918997
9788187393559
9788170557333
9788187393818
9789390924158
9788121221573
9788174870971
9788170222668
9788178350011
9789386262585
9788126720408
9788125918790
9788177421347
9788181439208
9788174791689
9788187330677
9788172050191
9788121203234
9788171395644
9789386283771
9789350144787
9788174454560
9788178312255
9788172050009
9788177420913
9788186030615
9788178312583
9789389137170
9789386262608
9788185952864
9789389137811
9788171396146
9788172050801
9788173048029
9789350153024
9788126720507
9789382543343
9788185984803
9789383098743
9788170225706
9789350152638
9789380076553
9788173918049
9788173048586
9789383206889
9788182749054
9788187498520
9789388753623
9789350173244
9788187644842
9788185753676
9788126919628
9788178353166
9789380740027
9789350025406
9789350024362
9788177543070
9788187644309
9789350025499
9789386300553
9788178352480
9788178352442
9789380138671
9788173918803
9788173053788
9788174877352
9788187680208
9789382460305
9789386224644
9788131610640
9788121204606
9788171884094
9788181480699
9788174791252
9788185749983
9789393768179
9789350562895
9789393863256
9788170552765
9788178353555
9788171381159
9788181293756
9789388753579
9789382460640
9788176781671
9788121220132
9788181296979
9788170304364
9789389188882
9788174791931
9788187226079
9789380772264
9789350027615
9788182748910
9788170226291
9789350515907
9789350530016
9788182748958
9789389195927
9788123769950
9788126718658
9789350026632
9788176673372
9788178244730
9788171414284
9788123749020
9788178244853
9788177542202
9788185787770
9788173047671
9788170555742
9788170556282
9788171396535
9788182748606
9789380748184
9789382622338
9789393768315
9788171417650
9788170225607
9789386473073
9789389484229
9788178542348
9788186562314
9788176462334
9788126118298
9788174790569
9788120737143
9789383582426
9788170801634
9788185132051
9788180690891
9788121512152
9788185107974
9788185094977
9788195602957
9788174876720
9788183306843
9789386870292
9789382396048
9788170495055
9789382381235
9788121511674
9789382363415
9788170224457
9789355620248
9788121236362
9789386439260
9788190626057
9788170308522
9788171783762
9788188643219
9788188827022
9788174352231
9788121263696
9789388937542
9788174351845
9788170308782
9789389563672
9788178220895
9788188827046
9788121231787
9788123742380
9788177907032
9788178359519
9789355188182
9789382396321
9788188569878
9788186732526
9788176463300
9789355211712
9788178359557
9788174452856
9788178359571
9789383468645
9788195734481
9788176462945
9788186771402
9788121200295
9788126715565
9789380578712
9788120353602
9788182040557
9788126416691
9788122408409
9789380536385
9789382968184
9788172055455
9788174877888
9788121205719
9788180691751
9788188775873
9788125000167
9789382332312
9789382968177
9788173200564
9788186702628
9788188789504
9788188789917
9788185047911
9789355211842
9788188791224
9788131605264
9788186702390
9789386439093
9789386473288
9788177698442
9788170220282
9788126927401
9788195190829
9788186685990
9788174790590
9788170308003
9788188808663
9788186791240
9789389563115
9789380326795
9788170307471
9788170495048
9788171412372
9788171419425
9789355620231
9788174452955
9788171419883
9788188808731
9788172319960
9788185057231
9788170173281
9788178541884
9789355590831
9788195317875
9788195090976
9788175100121
9788123741420
9789380565439
9788188672134
9788122408072
9788173200519
9788186791486
9788123763330
9788178540160
9789382332541
9788195082445
9788129524508
9788170220565
9788131610626
9789388937559
9789389471076
9788177690538
9788123743035
9788131610688
9788182055315
9788121214100
9789390767878
9788178358246
9788123773629
9788186732823
9788172054182
9788186732816
9789386463029
9789382898542
9788172311728
9788172110925
9789380222202
9788171418527
9788180695308
9788178358314
9788120832138
9788185208145
9788176465137
9789350975114
9788176465090
9789380409283
9788180690235
9788182055339
9789380222127
9789386835635
9789380633022
9789350760482
9789389012040
9788174790521
9788172332846
9789350761540
9788180696275
9788170667148
9788131709580
9788170303312
9788126902309
9788121235402
9788126922581
9789386799067
9789355183323
9789332701380
9789350256336
9788188827329
9788180695735
9789332700147
9788123762470
9789381084106