9788188827176
9788180695643
9788171413751
9789380222103
9788171321193
9788174877901
9789380336909
9789325964556
9788176464116
9788125039624
9788186505809
9788126903528
9788176371322
9788185170145
9789350980279
9789380920313
9788176464642
9789386071811
9789382848738
9789380227290
9788188452668
9788123757032
9789386835758
9788120321373
9788188458042
9789383441709
9789386863232
9789386397355
9788131610664
9788174879141
9788171786084
9789382848073
9788170308980
9788170307037
9789386906540
9789388337076
9788170820925
9788129115744
9788173046643
9788172763251
9788122205169
9788124602973
9788173049255
9788126916818
9788182749191
9788173048104
9788124603024
9788173047282
9788121932356
9788120804555
9788124602911
9788173047909
9788126918010
9788173031779
9788192570273
9788192570266
9788173049088
9788190666886
9789351526773
9788184487022
9788183823036
9789380403007
9789386150752
9788174367273
9788121211987
9788178350806
9788126902118
9789389136067
9788173047824
9788171102532
9789350253885
9788128826566
9788170223368
9788176760607
9788123753645
9788121210607
9789351867203
9789350170847
9789353242701
9788192227542
9788192219578
9788123753713
9788121221979
9788192535487
9788186190500
9788183860291
9788189906566
9789381484104
9788170460831
9788121210584
9788189886660
9789351868811
9789351952718
9788170223191
9788170305385
9789380359625
9789352802838
9789381511534
9788189886776
9788171569045
9788170335160
9788192186313
9788186771433
9788189886844
9788186103333
9788121204040
9788121942546
9788131000908
9788192208909
9789385160158
9788190587730
9788122434286
9788186732359
9789381458693
9789351868064
9789383098712
9788122001037
9788171102181
9788174450876
9789352807451
9789350146040
9788171568949
9789392757969
9788171101139
9788192434629
9788171411610
9789353242435
9788192381916
9789382579694
9788190867542
9788170305422
9788186880678
9789350180617
9788170355779
9788121211857
9788170306733
9788190049610
9789380222325
9789392661617
9789350500590
9788121205054
9788121295871
9788186514283
9788183874809
9789350500767
9789385144158
9788131602362
9788186880180
9789380156460
9788170332718
9789385005275
9788130909066
9788124320662
9789350501016
9788123757070
9788124600214
9789380677460
9788171396955
9788121239141
9788124115831
9788131610695
9788190084970
9788121298230
9788124120088
9789382711896
9788170187813
9788131602232
9789380186375
9788183876070
9788186937730
9789381608036
9788190867511
9789380186450
9788170594451
9788183876308
9789382788805
9789350486122
9788186339961
9789350182512
9788121241601
9789385077166
9788170306931
9789385020667
9788170309222
9788170224761
9788186339411
9789385005763
9789385128356
9788171104949
9788173919695
9789350183649
9789380222141
9789385144257
9789381709238
9789380138992
9789352761173
9789353224318
9789381325483
9788123763491
9789352290765
9789352290666
9789395737173
9789380138688
9788174360915
9789352220144
9788186791615
9788170367437
9788170591726
9788186569276
9788170368120
9789382629405
9788131104347
9788186569696
9788189981549
9789382885399
9789382622314
9788121204200
9788170282082
9789395737142
9788170224396
9788122005363
9788184050448
9789380336183
9788170418443
9789352292769
9788186469095
9788121211758
9788126919666
9789382993773
9788123755922
9788186230619
9789380677705
9789395737395
9789381582442
9788123702957
9788174355683
9788123710044
9789380262826
9788170224167
9789383052899
9788191063721
9788121101806
9788121237932
9788174870568
9788123763590
9788123757414
9789352295302
9788174452894
9788190773430
9788191063738
9788183873277
9789392510496
9789385144646
9788123757575
9789385144653
9789380138695
9788170555414
9789381867198
9788184574241
9788122415933
9788194116264
9788170350569
9788174368058
9789327286748
9788184575453
9788189233037
9788123786865
9788185220154
9788184574951
9788174790033
9788194030010
9789382396659
9788194004042
9788174352521
9788184574760
9788184574753
9788174872654
9789357941365
9788184574623
9788188139552
9788189131760
9789382206149
9789350980194
9788170302049
9788170302056
9788184576542
9789351280408
9788170302506
9789351280538
9788126919123
9788170194545
9789354892387
9788123728094
9788188473908
9789383441600
9789383864126
9789327219029
9788122403879
9788188452675
9789383864188
9789351281467
9788170302742
9788188446100
9788170495680
9789350760949
9788170521563
9788186030035
9788184574234
9789350728857
9789380864204
9788121213059
9789350002827
9789350728468
9788184572568
9788123772158
9788170949879
9788121209229
9788184572315
9788184572308
9788193909461
9788189430238
9788171417667
9788193903346
9788174872852
9789350727935
9788185418049
9788184572070
9789393603098
9788185420325
9789350729076
9788184572902
9788185381862
9788189239107
9788170521594
9789351284352
9789383313754
9788170303503
9788184573923
9788174455611
9788185320106
9788189235956
9788184573756
9788189239725
9788121260541
9788121901451
9788184573626
9788171511402
9788189261627
9788174871527
9789382171379
9788170551713
9789351289951
9789380864396
9788185163147
9788189093358
9788189093266
9788122406450
9788188827008
9788185002170
9789383684335
9789383723171
9788188867530
9789383684328
9789383723461
9789383684212
9789383723546
9789383684205
9789383684175
9788185019178
9788185019604
9788123740324
9788170815501
9788121511179
9789383762750
9788170816249
9788122408478
9789383684021
9789381084816
9788126917983
9788170494638
9788123736778
9789383684533
9789383684601
9789383684595
9789383684793
9789383684861
9789383684922
9789383684939
9788170494751
9789383684540
9789383684977
9788121510608
9788170302476
9789383684526
9788186732953
9788188836185
9789383684519
9788188836284
9789383684496
9788194867647
9788126917990
9789381084076
9789383784189
9788123778419
9789383649877
9789383515059
9789383838066
9788123780160
9788121512138
9789383838202
9789355941619
9788123780467
9788170495154
9788189020415
9789351252542
9789350981771
9788174351593
9788185141152
9788170821045
9788170495239
9789381030264
9788170228264
9789350981405
9788121200363
9788188569632
9788171418862
9788170493693
9788189011352
9788194515111
9788188757442
9788174872203
9788170220466
9789355212122
9789382281191
9788185047744
9788188775477
9789382281160
9788122408393
9788188775224
9789351133803
9789381043097
9788188683949
9789382281030
9789351132226
9788189000493
9788188643257
9788194426974
9788121509015
9788189011161
9788188643141
9788170998075
9789350004319
9789380864105
9789384502270
9789350140604
9788122430639
9788170189732
9788187418344
9788131100196
9789380076300
9788192998756
9788185861616
9788174733702
9788192856704
9788187393764
9788170222538
9788187393634
9788189729707
9788187393368
9789384588649
9789351526605
9788170189497
9788123751986
9788121103534
9789350141892
9789383206803
9788122430349
9788174791559
9789384502287
9789351484288
9789381991787
9789381991770
9789381234419
9788123749365
9789382460596
9789382460695
9788184353211
9788123718187
9789350027622
9788170226000
9788123923215
9789350027660
9788170304777
9788170226185
9788170491927
9788170222507
9789383234493
9789381234464
9788123717739
9788187393061
9788192757032
9789384649098
9788174341679
9788121202640
9789384699284
9788171415441
9789384699390
9788189765200
9788189765217
9788124101421
9788170249863
9789395328203
9788189765293
9788121501958
9788185990026
9788189765309
9788185990460
9789384721251
9788171568628
9788131004746
9788170305101
9788171415410
9788189798727
9788184190359
9789351710455
9788185891651
9788185952451
9788123752013
9788185891798
9788121102834
9788185891859
9788187392804
9788187392507
9789351527404
9788185952253
9788121220545
9788185952499
9788171198597
9789381887257
9789381887240
9789350531693
9788187392224
9789381887035
9788189757830
9788187374473
9789380076522
9788130717319
9789350026670
9788170556336
9788174871442
9788189630188
9789350020524
9789351481157
9788174456731
9788171563852
9789380027494
9788185616247
9788185616261
9788185616308
9789350021453
9788170221890
9788185616575
9789350021743
9788170301103
9788185616933
9789381212882
9789350022238
9789380031057
9788131102336
9788193513927
9789350022672
9788187812609
9788189471668
9788187879862
9788123799452
9788121214490
9789351365259
9788193797822
9789350005057
9789382420248
9789353914721
9788184570410
9789350007280
9788170227212
9788185484259
9788123771700
9788131102497
9788126919918
9788193657201
9789384343347
9788174871381
9789350722084
9788171562916
9788174352996
9788193615935
9788123798202
9788185693200
9788121212502
9789380031323
9788121921299
9789382460510
9788189498245
9788173917943
9788171416523
9788122425802
9788121915311
9789392186691
9788123720593
9789350024690
9788193287804
9788184481068
9788121921992
9788187644125
9789380829067
9789351484066
9788131101001
9789380823379
9788123770062
9788123749105
9789351484172
9789351483670
9789384456269
9789380852126
9788170552222
9789380031361
9789350022887
9789380031682
9788131102244
9788170231394
9789350576120
9788123907062
9788123908489
9788121209533
9789350564202
9788187649540
9788189485290
9788121212328
9789382460459
9788185749723
9788185749778
9788121209694
9788171566372
9788123770567
9788170352204
9789351247906
9788131601921
9788170007173
9788172734480
9788124605936
9788173049750
9788129510853
9788129105448
9788178352992
9788128021091
9788126921768
9788176256919
9788174876560
9788174875440
9788131611524
9788178353623
9788183760232
9788183560535
9788172702069
9788131610978
9788176466578
9788174875426
9788126904914
9788183152273
9788120823969
9788180690105
9788127240196
9788124605714
9789388982047
9788172760229
9788176252638
9788129511799
9788173910876
9788126904303
9788178352329
9788126705337
9788178352336
9789387587861
9788180371158
9788178352350
9788178352374
9788174877925
9788183560870
9788176259651
9789387648364
9789387648401
9789387146877
9789387648531
9789386262738
9788178900537
9788176466462
9789385223198
9788173201110
9788177697452
9788126705771
9788178882529
9789385485077
9788183072007
9788178352626
9788126411658
9788131906491
9788177695014
9789386906731
9788171696833
9788178353685
9789388982184
9789386906533
9788178355610
9789386871169
9788172318666
9788178846200
9788176224284
9788176467414
9788178846163
9789386228413
9788178846132
9788178846125
9788180692918
9788177564648
9788183245425
9788174878014
9788129516817
9788183153225
9789385494147
9789387693562
9788176223850
9788178845791
9788178845777
9788178845746
9788177562040
9788178845494
9788183702775
9788183420747
9788180693632
9788178845487
9788183619585
9788176467308
9788176467254
9789389377644
9788178846408
9788180690273
9788172761059
9788171691609
9789389563863
9788177691597
9788178847573
9789388984065
9788129512635
9789386473325
9788180691089
9789386906236
9789386473387
9788177690057
9789385493881
9788178846910
9788176224895
9788180691546
9788174876591
9788183762069
9788172763299
9788124608012
9788178846613
9788183762182
9788175101135
9789386473561
9789389381054
9788178846439
9788175412347
9789386439338
9789386863836
9788176462464
9788183703314
9788176464659
9788124606605
9788128812538
9788182470880
9788179756188
9788179921630
9788176464697
9788179755242
9788182745810
9788182745834
9788178271392
9789390514373
9788172611361
9788176463317
9789388789981
9789387324695
9788173048685
9788170184461
9789389563122
9788179940082
9789386397126
9788179751343
9788120349520
9788179750803
9788182055322
9788170007494
9788182748804
9788175511637
9789387409002
9788170000389
9788179860120
9788174877857
9788126902910
9789387436305
9788179759660
9788170001805
9788124608753
9788172361105
9788126920860
9788176463867
9789390742974
9788120820364
9788176463515
9788178242422
9788173914478
9788182474437
9788131611173
9788175543560
9789391067618
9788172053277
9788179860526
9789387445284
9788172338633
9788126700684
9788172338169
9788170001720
9788178243641
9788178243795
9788178244754
9788174875716
9788179940280
9789387324466
9788131611104
9788180311017
9788179105054
9788178351223
9788178351254
9789389563597
9788124605981
9788178133485
9788182053380
9789386397966
9788178351438
9788173718915
9789390595426
9788182902688
9789386397973
9788178311890
9788174875945
9788180314131
9788172025847
9788124609330
9788172335762
9789385285165
9788175511491
9788172335519
9788126920969
9789390900329
9788126922468
9788170000426
9788180318672
9788172054724
9788178351032
9788173158810
9788175412989
9788178312163
9788178221571
9788176460750
9788131705322
9788172612719
9788182749238
9788174876393
9788179941669
9788120806467
9788178350059
9788120601567
9789390491728
9788173047916
9788182054660
9788120808041
9788183705882
9788178350400
9788176755436
9788171696376
9789386397546
9788126912421
9788171695461
9789388892117
9788179253175
9788171693627
9788179251478
9789390477388
9788126926916
9788181581563
9788176467773
9788178803371
9788181293855
9788176496759
9788183610988
9788126708413
9788125038429
9788176497145
9789391139100
9788126708833
9788126708840
9789391123642
9788174874511
9788126708857
9788183610971
9788126715541
9788176495950
9788181294371
9788183305808
9788171784820
9789389915990
9788126708895
9788176498326
9789390678853
9788173420078
9788125036814
9788171783151
9788175247659
9788172155773
9789388241342
9788171787876
9788126715978
9788171789092
9788183820103
9788181291813
9788176495523
9788175417571
9788181580931
9789389137798
9788120812413
9789386118080
9789385606199
9788175416543
9788124602867
9788178359595
9788174876942
9788124602836
9788178359656
9788181293244
9788178805665
9788183422055
9788175416567
9788178359786
9788174876904
9788178359793
9788126934317
9789389152296
9788120798649
9788173714054
9788183303989
9788176495899
9788178540030
9788178802510
9789386618580
9788178802473
9789386652140
9788178800257
9788178792231
9788178800219
9789386618719
9788178800004
9788181436801
9788174876225
9789388317610
9788181431134
9788126712915
9789391123697
9788173420634
9789391123710
9788175110557
9788173030314
9788126930128
9788125017318
9788126714452
9789389915501
9788173042874
9788176752282
9789386050113
9789390678761
9788126930104
9788170182993
9788174876805
9788131608722
9789385719042
9788178800431
9788181351258
9788178791272
9788178800486
9789385719370
9788178625256
9789389211870
9788178802282
9788183306706
9789389915242
9788124802670
9788177145335
9788181437006
9788178801919
9789388247672
9788173420122
9788177144697
9788181334398
9788181334510
9788178692739
9789388333528
9788178694771
9788173420252
9788178800912
9789388333481
9788178800905
9788181334565
9788126929184
9788178800837
9788178800790
9788178800684
9788178359281
9788131919231
9788174876966
9788174877178
9788180696091
9788178843407
9788176222792
9788172300203
9788177542653
9789389136241
9788183284660
9788181501097
9788178842981
9788183284998
9788174875037
9788174876621
9789386768407
9788171880898
9788175100398
9789386768322
9788183301183
9788183763936
9788171880560
9788126901012
9788178842660
9788171880188
9788171880058
9788171860012
9788181291783
9788131903612
9788120810778
9788125041597
9788178843490
9788180696084
9788126907175
9788124610015
9788175101272
9788178844954
9788178844848
9788174877222
9788176223331
9788178844473
9788178844237
9789385854026
9788178844015
9788178843964
9788131728499
9789386556004
9788180694868
9788175410886
9788178843841
9788177543926
9789390378043
9788175410756
9789385496264
9789391139490
9789387788305
9788178843681
9789386556660
9788180695636
9788174875167
9788183283120
9789386797520
9788178842523
9788180697548
9788173046315
9788174878779
9788178358048
9788173803369
9788177540062
9788126900749
9788183302760
9788173150999
9788176221603
9788170111634
9789386682666
9788126900039
9789386618108
9788174878366
9789389982749
9789386618283
9788176495110
9789389137262
9788126913848
9789386618344
9788173294075
9788181291776
9789386191083
9789388020299
9788124602959
9788171789887
9788183612432
9788178838953
9788178235516
9788171822133
9788178841816
9788120811454
9789388434645
9788181500366
9789389136319
9788176221658
9788124611081
9788183614351
9788126900787
9788126912582
9788126914739
9788178841830
9788181500205
9789388434720
9788171821372
9788178841793
9788178841670
9788178841656
9789391139322
9789390678440
9788174791719
9788173051494
9788122436525
9788173716058
9789385606113
9789385719028
9788121922142
9788124602928
9788170493327
9788126917358
9788174362728
9788174790088
9788173047107
9788182748309
9788178353258
9788121512206
9788124608272
9789350253540
9788126927708
9788174365057
9788124600894
9789380829371
9788180617928
9788120834156
9789386867049
9788122438062
9789350023778
9788125051725
9789350026557
9789385719172
9788173049194
9788170173915
9788182749214
9788185402932
9788173153501
9788181480200
9789351281924
9789350682739
9788126919277
9789351281726
9789386200778
9789380026961
9788171831296
9788185425238
9788176222334
9788125044611
9788185484310
9789351280620
9788173293658
9788187109006
9788174877000
9788170221883
9788187226451
9789383296002
9788187153252
9788123755236
9789351282563
9788185320038
9788170221302
9789350643501
9788187138631
9788123755243
9788120351608
9788120816138
9789386608819
9788173293818
9788183302722
9788123755342
9788171821105
9789382629399
9788185616162
9789393863560
9789386554628
9788170224952
9788126901586
9788121206129
9788185636412
9789390907014
9788121248167
9788170493402
9789350723920
9788170119272
9789382609995
9788125048732
9788121201032
9788170224570
9788170493440
9788176223621
9788121205900
9788176223706
9788170493525
9788131910153
9788170119340
9788186954812
9788176223119
9788187067726
9789386592491
9788126901258
9789354912382
9789350721605
9788176222839
9788176222884
9789386215567
9788185616735
9788123771427
9788185616872
9788126432196
9789351265313
9788185616988
9788123756233
9789350722213
9789350722725
9788187285045
9788171413836
9789382609735
9788123776408
9788129524652
9788171780822
9788123776545
9788123776507
9789394902183
9789383625338
9788121206969
9788185113197
9788173919824
9788176221214
9788172153304
9789354226458
9788185133522
9789351343011
9788174871800
9788121910774
9788187332558
9788170351306
9789351480631
9789351480693
9788176503266
9788176503440
9788126921423
9789394902206
9789383649945
9788171395507
9789386050212
9788187392873
9788173420658
9788171395552
9788181434128
9788176673105
9788174872043
9788187392156
9788187392149
9789386054807
9789382543138
9788176506083
9788170553984
9788170121169
9788185163765
9788125038412
9788171396061
9788130201788
9788185211824
9788176220491
9789354470387
9788170113096
9788126907670
9788187317708
9789354470622
9788185218779
9788176220828
9789383331123
9788171417995
9788174876973
9788171799398
9788170220732
9788123754376
9788183247078
9788123753690
9788123753621
9789351289678
9788126907717
9788173917820
9788174878373
9788185170527
9788170351160
9789389742121
9789351287933
9788183303811
9788170225553
9788183303774
9788181438690
9788174876928
9788174876959
9788121244671
9788187330462
9789389719352
9789386618382
9789350590980
9788170220831
9788174871190
9789382788003
9788131905265
9788121203968
9788126013470
9788186562468
9788182054295
9788176460040
9789355203359
9788170494942
9788130900162
9789386286017
9788186318188
9788182054646
9788123763767
9789386288202
9789351242741
9788176460309
9789355212320
9788121511476
9789351211723
9788173200618
9789350909645
9788186030806
9789355945518
9789389412000
9788123768359
9789351246893
9788186685402
9789386268297
9788171412709
9788186569634
9788171415427
9788125920601
9788186004739
9788176371728
9788186026151
9788172055226
9789390696413
9788172055141
9788126922598
9788172050122
9788170223313
9788171413720
9788186142875
9788170495314
9788121512435
9788170339489
9789389484076
9788186265284
9788170495529
9788174877864
9788176464277
9788170495338
9788126029228
9788126028467
9788121204903
9788182560109
9788186265550
9788186265598
9788186265789
9788126922826
9788170223887
9788172053048
9789386322159
9788182054783
9788170495253
9788186190173
9788120350342
9788126105762
9788182055209
9788126018086
9788170224129
9788182748293
9789389445244
9788121204415
9788182747852
9788126025541
9788170118350
9788123765693
9788182747081
9788170495123
9788176462563
9788182470057
9788172013448
9788120822139
9789382901518
9788185771885
9788125063858
9788123758664
9788171416172
9789351251644
9789389577518
9788170493907
9789386473417
9788123769844
9788170494027
9788185832395
9788170494140
9789351251224
9788182040045
9789378313509
9789386245540
9788182040281
9789389563900
9788123769974
9788174877383
9788120350724
9788130906119
9788186880746
9788185749631
9789386535153
9788170222361
9788123770680
9788173919244
9789386228390
9788123770512
9789350726334
9789350727263
9788171416462
9788125061397
9789350727416
9788185771519
9789386493606
9788172082581
9788176467346
9788126905546
9789386473226
9788170118770
9789386463081
9788171411146
9789386262660
9789350742587
9788185952550
9788171415663
9788125915409
9788171415533
9788123762487
9788176259767
9789394200180
9788121202565
9788130902722
9789382901464
9788182051577
9788123763149
9788130902579
9788121202572
9788186771082
9789355181435
9788173919046
9788170521648
9788173156762
9788125909361
9789351250890
9788182040533
9788176253024
9788176253611
9788182040632
9789386473127
9788176254694
9788176256452
9788183150613
9788123768632
9788121510059
9789386262462
9788121205634
9788170222958
9788126902194
9788176752572
9788183860048
9788187393535
9788178846057
9788190719049
9788178846118
9788178846149
9789350020517
9789350020616
9788178846262
9789392510052
9788178846330
9788190676052
9788190675680
9788171162239
9789350021170
9788178846590
9788178846637
9789381467855
9788178846699
9788172762674
9788172762452
9788190486347
9788178354439
9789380852355
9788170006213
9788190400152
9788190392211
9788170001935
9788170006411
9789381574263
9788171190836
9789350024010
9788190719070
9788178846019
9788171191918
9788178845937
9788178843568
9788178843605
9789381384787
9788172764487
9788191038804
9788121214339
9788178843650
9788178843698
9788178843742
9789387741737
9788178843780
9788191019599
9788178843865
9788178843933
9788178844039
9788123019796
9788178844732
9788178844800
9788178845128
9788178845159
9788178845340
9788178845425
9788178845449
9788178845456
9789388540476
9788121211789
9789350009567
9788171106257
9788178355719
9788172760380
9788172737252
9788174878434
9788170600770
9788189886912
9788121220170
9788121210898
9788179100882
9788174732859
9788189886714
9789350027721
9788189886226
9788171197248
9788174454607
9788123712284
9788126928750
9788189884437
9789350140123
9788170281184
9788123713830
9788170304791
9789350140963
9788172680794
9788189833350
9788178350622
9789381867280
9788171198214
9788171198276
9788179253984
9788178350516
9789350142660
9788170595137
9788189765163
9788189886943
9789350026694
9788190205443
9788189945060
9788190193672
9788178848266
9788127249311
9788190164214
9788178353630
9788178353494
9788123707747
9789350024379
9789350024737
9788131608913
9789380829807
9788178849652
9788171193912
9789388684408
9789391314897
9788121219945
9788171194551
9789380829432
9789388684484
9788172701482
9788172701406
9788178886169
9789380829258
9789380829227
9789350025789
9789350026045
9789350026151
9788171196333
9788178352176
9788178843438
9788178843384
9788178843377
9788178802350
9788131262191
9788193790663
9788126931125
9788126931293
9788178802909
9788193772195
9788193772164
9788193772157
9788126933303
9788122410174
9788122409918
9788174350671
9788172933630
9788178804088
9788178804095
9789381043196
9788178804439
9788174456144
9788195291397
9788171011339
9789381212943
9788122420029
9788193542149
9788126707676
9788171012015
9788172765620
9788170002475
9788171012787
9788120800120
9788193817315
9788170811046
9789350002469
9788173031007
9788194498650
9788122414059
9788194510918
9788122414332
9788122413366
9788194413790
9788173042959
9788173042898
9788126714353
9788194340119
9788170302209
9788173042317
9788122414677
9788194732426
9788173044908
9788173041976
9788122415476
9788194186601
9788173041426
9788194085058
9788122416701
9788178801483
9788178801568
9788194893738
9788121213035
9788122411355
9788126710690
9788193859124
9789388337236
9788193431115
9788121212366
9788178806785
9788126707317
9789381274255
9789388434478
9789388434546
9788178842158
9788192446776
9788192446707
9788170005681
9788178842431
9788192353913
9788192352619
9788192304755
9789381315637
9789333158992
9788192256788
9788192237985
9788178357232
9788171099856
9788192229003
9788178842677
9789350000908
9788178842738
9788192199429
9788171100811
9788178842882
9788170663164
9788178842912
9789350001509
9788192072234
9789392757945
9788192570235
9788192594804
9789381234853
9789380920214
9788193381991
9788122423549
9788122406221
9789322008840
9788122423884
9788178359304
9789325978607
9788120800960
9788193289341
9788122426908
9789325986701
9789327216318
9788122403381
9788192998985
9789381234846
9789381234532
9789388434133
9788178358628
9788178358611
9789327278873
9788178835969
9789327288445
9788178836348
9788178836409
9788122433562
9788178836676
9789380873558
9788178838021
9788179503973
9788189765057
9788189757427
9788180694653
9788174790705
9788174879080
9789382396468
9788121208611
9788170592365
9789386827883
9788171321506
9788170228066
9788126926237
9788180696107
9788174790903
9789350502372
9788170227717
9788180696671
9788188040018
9788174791030
9788188000043
9788123744612
9788177541410
9788170590378
9789382420309
9788174878878
9788180698309
9788123745152
9789380118048
9789386702005
9789386689320
9788187879657
9789350530702
9789389110715
9789382396437
9788170228790
9788188459896
9788180691423
9788180691621
9788188683734
9788188683260
9788126723966
9789380186085
9789380183947
9788177569575
9788180692390
9788170228684
9789389012316
9789389012583
9788188643271
9788121242370
9789350500033
9789382363118
9789350500439
9789389012651
9789389012774
9789350500637
9788128836633
9788121208659
9788188569717
9789350501191
9789386863690
9788180694066
9788177545395
9788122200713
9788188479603
9788180699115
9788187879220
9788177421385
9788131102411
9788181293954
9788181294258
9788187606376
9788177146561
9788177146172
9788177146165
9788171393633
9788170557470
9788177145472
9788187572671
9788177144710
9788187570738
9788187526216
9788177143188
9788177143072
9788177143058
9788177143034
9788187498797
9789382460848
9789386655592
9789382460961
9788187458128
9788181431417
9788126924011
9788187418542
9788174791573
9788171395415
9788170556244
9788123751559
9788181293886
9788181293817
9788181293060
9788187760139
9788131102350
9788174878717
9788174791122
9788170583745
9788181290564
9788177420975
9788177420289
9789380076683
9788177420265
9789389136685
9788121942485
9788187780083
9789386682451
9788187671268
9788187644255
9788187661900
9788187649885
9789393768568
9788170336457
9789389137880
9788187649014
9788170558262
9788181292858
9788181292872
9788181292889
9788181292896
9788120352094
9788181292919
9789382332022
9789386906311
9788189757311
9788174353443
9788170305996
9788170306009
9789380731612
9788174144317
9788189485368
9788189485344
9788170306351
9788178242026
9789382110385
9789350178478
9788128814037
9788178235820
9788179776018
9788179860014
9788179860069
9788179860106
9788170594635
9789380655055
9788126544080
9788170594574
9788170001713
9789387409361
9789387409293
9788179918760
9789350247488
9788170594475
9788120611399
9788121227728
9788189301897
9789391685034
9788170305705
9789380222158
9788170305576
9789381887066
9789387472952
9788178312408
9788126720569
9788179508688
9789350145227
9788122311730
9788131606384
9789381907917
9788178280868
9789350152355
9788174733696
9788179752258
9788123717128
9788189729257
9788179753088
9788189692018
9788123718095
9789350152980
9788178271187
9788179754948
9788178270913
9788123719863
9788189630485
9788123720111
9788121210232
9788126927869
9788121223737
9788189605742
9789388822558
9789350287231
9789382186434
9788189235475
9788180318528
9788177868227
9789382281214
9788180371073
9788170229339
9789380336558
9789382281283
9788120353374
9788177699883
9788177698008
9788188934508
9789387080119
9788188934003
9788188867905
9788188867738
9789380318455
9788180590375
9788123737508
9788188836208
9788126918829
9788170308553
9788180690013
9788172332990
9788177692518
9789386906489
9789382281894
9788171304004
9788170308973
9788180690877
9788188965953
9788180317279
9788170229483
9788170229582
9789380625874
9789380618500
9788120604186
9788178221946
9788179940679
9789380578798
9788178220581
9788171242047
9788180141683
9789380578279
9789380578200
9788123727349
9788170307693
9788170001225
9788170001171
9789350301913
9788123728070
9788170020707
9788173862847
9788180312458
9789380536934
9789382206576
9789382206606
9789380534404
9789382206811
9788180316265
9788174790316
9788180316951
9789351481812
9789380070391
9788121506427
9788184572476
9789383811496
9788175415270
9789353240622
9789385485183
9788124115343
9788123781730
9788131608692
9788124602980
9788131608517
9788170491866
9789390035328
9788131609262
9788184450675
9788124601518
9788171566662
9788170359197
9788123781884
9788183705929
9788174876355
9789351482642
9789390620616
9788123905525
9788173807374
9788123905532
9788131731987
9789384699185
9789385160820
9789390095148
9788183640565
9789385144738
9788184503470
9789383723089
9788185002040
9789390544035
9788129137777
9788176010511
9789352763375
9788170185987
9789353221546
9788183700030
9788184402452
9789385144127
9788174874412
9788124100271
9789352290314
9788174873859
9789353334611
9789352081875
9789385485022
9788174361646
9789383838738
9788129137791
9788131902462
9788126914470
9789385509131
9788170185673
9788183481526
9789352832194
9788175971622
9788183616188
9788121500005
9788124605653
9788184503999
9788170188001
9788121109659
9788183601320
9789352290048
9789385160899
9788124601020
9788171696925
9789383864003
9788170183754
9788174876072
9788170492177
9788129145345
9788170185703
9788183631389
9789390620371
9789383684571
9788120842885
9789351523703
9788126915101
9788184573145
9788121502689
9788121108485
9789390660339
9789385160868
9788174873439
9788129521071
9789352296361
9789390678617
9788129115751
9789352735389
9788124114384
9789385144554
9789384456184
9788124605547
9789352903221
9788183564267
9788183762007
9788131900932
9788171641543
9788124608326
9788123790145
9788170217572
9789352296828
9789351485179
9788174874139
9789383838905
9789351484905
9788184501766
9789385496189
9789352296736
9789384649005
9788175417519
9788124602904
9789385494376
9788124608708
9788174876706
9788174875648
9789384649661
9789352705528
9788170491965
9788184573411
9788123907574
9789390588305
9788121100175
9789383864195
9788175411302
9789390652242
9789352296217
9789351485148
9788170173748
9788183910057
9789385803024
9789353241926
9788123779607
9788170184263
9789385160196
9788170189954
9788175810181
9788174875082
9788126912469
9788121101615
9788123794204
9789385606120
9788124609002
9788175416420
9788183860673
9788184571349
9788124605851
9788131609316
9788120346178
9788123780764
9789383762439
9788124106310
9788184823479
9788171567539
9788124106037
9789385161223
9788123798189
9788121102179
9789383762477
9788170353652
9788124604311
9789383684144
9788183823265
9788174872623
9788183860390
9789385254154
9788184844368
9788129302977
9788184570458
9788126920396
9788124609057
9789351484219
9789352645077
9789383723966
9789352211883
9789352210459
9789383762293
9789385606335
9789353242275
9788120046900
9788175811119
9789385223624
9788170184492
9788171567942
9789384109080
9788171425129
9788171690510
9788184574937
9788184353495
9788123792071
9789351865469
9788184571097
9789385606403
9789352700653
9788175416468
9789383762422
9788184353624
9788184574616
9789385160103
9788175363465
9788175360075
9789383762675
9788184575446
9788171694945
9788184572087
9788126912964
9788174875457
9788174875952
9788175411876
9788171693986
9789385719059
9789390620777
9788184574265
9788183822770
9788183870580
9788123913377
9788171694105
9788184370645
9788124606575
9789351868743
9788175416154
9788183822763
9788170356080
9789383684281
9789385144080
9788183822718
9788184574203
9788131728116
9789351482505
9789385719066
9788183740661
9788123781426
9788174876638
9788121105064
9788171693344
9789385055621
9788174874641
9788170184034
9788183876087
9788124104965
9788123798219
9789383762590
9788175966376
9788184574449
9789385160721
9788171693993
9788170189824
9789383968336
9788124604151
9789351485674
9789352804689
9788183565783
9788129519740
9789352702350
9789352211890
9788183875714
9788123798943
9788183562744
9788171679294
9788120839946
9789384721763
9788175966369
9789383828326
9788123929552
9788170492641
9788189766467
9788126918768
9788124606094
9788124607268
9788183820189
9788170302407
9788130922904
9788128834530
9788188867080
9788126917334
9788131607305
9788126918270
9788183821698
9789391125448
9788182747326
9788170495116
9788173047305
9789386618337
9788120351745
9788121929974
9788178062396
9788126916832
9789385719110
9788174361431
9788126917938
9788122420166
9788188452231
9788177690767
9788124600818
9788120836181
9788126514663
9788184481310
9788120833500
9788124604649
9788126902293
9788120350588
9789352535293
9788175052062
9788186732380
9788186732458
9788173047770
9789350027639
9788189886653
9788189886417
9788170223498
9788189886554
9788122311280
9788174348159
9789383838509
9789382127574
9788120805729
9789386455888
9789350742860
9788184305050
9788120820395
9789350140215
9788171694969
9789353226824
9788179913185
9789389484205
9789390095278
9789387409552
9789390514533
9788172052720
9788189884567
9789350760505
9788126026487
9789384535797
9788124102664
9788175412422
9789350099100
9788183741361
9788179916193
9788189471125
9788178351421
9788170306924
9788179918593
9788189729882
9788189297770
9788170601821
9788170282723
9788182749221
9788126902071
9788178352381
9788171415229
9789386296979
9788121900089
9789383098026
9788170223306
9788189235864
9789388684729
9788184578423
9788170223276
9788121511353
9788124107140
9788170185277
9788176460231
9788189235666
9788128804786
9788170551317
9788174872586
9788176466721
9788189986933
9789353228576
9788175510524
9788186190388
9789378313202
9789387587267
9788126902095
9789391950408
9788123781389
9788174453914
9788126923311
9789388812870
9788174732842
9788126703319
9788176461139
9788184574968
9789392186912
9789385909450
9789388684866
9788131605769
9788126902163
9788131907139
9788120803565
9788182748347
9788171694860
9788121511520
9788126023509
9788174872319
9789350259900
9789387324756
9788170304265
9788170006817
9788182747869
9788186265000
9789350140802
9789386397416
9788121210300
9788174875808
9788123763637
9788170248736
9789384649043
9788170491699
9788123720548
9788121210225
9788121505666
9788122311945
9788170305668
9789350143919
9788172612740
9788189765033
9788174454416
9789386392596
9789391818227
9788175413764
9788189498085
9788189765170
9788178243184
9788170223870
9788121107594
9788179480687
9788189765279
9789350144930
9788123718378
9789388753753
9788170495574
9789350152386
9788189729660
9788171199730
9788129148292
9788189729905
9788123717098
9788123724560
9788179752401
9788176464932
9788186471692
9789386397256
9788121513043
9788172612214
9788123926933
9788170495659
9788172611774
9788179753156
9788124608531
9788179753644
9788170495581
9789352296309
9788189741808
9788171428991
9788174875778
9789350145005
9788170305866
9788121210560
9788176465977
9788121225823
9788186265710
9788186265673
9788175052024
9788182051508
9788121205030
9788121701457
9789350141762
9788184577242
9789387436138
9788182051430
9788179775042
9789385285479
9788129200556
9788189833602
9789350141052
9788170001775
9788126703104
9788126720170
9788178235196
9788186470718
9788176462846
9788182051195
9789350140826
9788186732304
9788179860380
9789353224202
9788186265734
9789384588694
9788126921102
9789350980774
9788183705899
9788171198177
9789395737425
9788121205597
9788171413058
9788186569795
9788189485375
9788126920778
9789356290310
9788120350540
9788121606950
9789383838790
9789384588472
9788121225304
9789384588441
9788170306405
9788174765543
9789356630086
9788170495413
9788170495383
9788171695157
9788126902347
9789350141830
9788131606872
9788170007036
9789350725290
9788122310979
9789386618610
9788170553366
9788188140534
9788170591801
9788122007152
9789389136128
9788177543117
9788180695667
9788176501224
9788188242092
9788170552291
9788174790859
9788181437389
9789385496219
9788170225669
9788176501019
9788121208536
9788170336730
9788170592389
9788188071579
9788170591696
9789350502426
9789389136173
9789351869030
9789386768049
9788187392279
9789386768155
9788180697678
9789382536925
9788123744384
9788174872975
9789351771128
9788184517583
9788170590798
9788172242336
9788181435491
9788170227540
9788170227557
9788181436177
9788131609255
9788173053320
9788180695094
9789350500248
9789386618351
9789389061833
9788188575251
9788181439895
9788171512201
9788126725090
9788123908724
9789386867865
9789382579779
9788171396153
9789382396512
9788174873200
9788187317678
9788180693076
9789382396031
9788131000960
9788131603079
9788121243216
9789351951803
9788184572827
9789389109351
9788172315115
9788123907710
9788180694929
9788174873057
9789386618566
9788172312428
9788187332251
9788120352346
9788176495967
9788171512287
9788181438713
9789351941729
9788170336846
9788175415904
9788181439642
9788174872845
9788123753362
9788174873064
9788181439758
9789380118444
9788174876157
9788171513260
9788126916764
9789351866022
9788181430953
9789384319694
9788170226123
9788171394906
9788131919606
9788131102176
9789389184242
9789351866695
9788194498629
9788170225904
9788131102183
9788187680338
9788170582335
9788126925162
9789353242473
9789384343538
9788121207966
9789389184082
9788177212228
9788181292278
9788187644590
9788174370686
9788181297396
9789384109455
9788187606390
9788177146035
9788181294814
9788121939706
9788181334367
9789350531990
9788181293893
9788184570205
9788171391516
9788181293749
9788181335142
9788181430106
9789385609176
9788177143119
9788175416376
9789382460008
9788121208239
9788183614047
9788187392996
9789351868545
9788181433503
9788187902072
9788187392859
9788183614160
9788171395521
9788170554646
9788172153960
9788175417137
9788170589525
9788170227052
9788187392712
9788126925780
9788180698217
9788181434593
9788170554585
9788121207393
9788181433183
9788184571752
9788170335559
9788126442164
9788171395477
9788170555889
9788131603505
9788171513437
9788126728947
9789351868224
9788123746425
9788170226871
9788187393542
9788171513420
9788172210236
9788131102435
9788181432346
9788181432711
9788187393351
9788187393092
9788170592976
9788121242868
9788170229773
9788183700702
9789350335437
9788120818286
9788174876256
9788171249589
9788189011277
9788180316371
9789382788010
9788171246779
9788126901821
9788180314414
9788171245673
9789382848011
9789386535184
9788186880937
9788184574296
9788172110857
9789386535160
9789387195714
9789350724408
9788170337904
9789382264613
9788126723072
9789350722992
9788170183990
9789384502157
9788188965403
9789386556264
9788188965458
9788180319334
9788175418424
9788183700269
9788188965786
9788180318016
9788123756394
9788186937785
9789350723869
9788126901791
9788121260237
9788186937389
9788186880562
9788123914848
9789350500200
9788171241361
9788180310607
9788170307617
9789380578224
9788172336912
9788170224419
9788171242627
9789380578637
9788184353280
9788189182144
9789380534152
9788174792372
9788170229612
9788174790040
9789387297814
9789380615257
9788170307310
9788170307174
9789380625843
9788186791479
9788122307979
9789352201464
9789378314193
9789388933070
9788189059316
9788120808522
9789352200948
9789353240042
9788189093105
9788189093297
9788131908556
9788183567602
9788189093457
9788180313240
9788170060581
9788171245079
9789380536958
9788180312984
9788123728834
9788126916900
9788120817609
9788174790484
9788121206723
9788171566297
9789350482575
9788170593393
9789389000955
9789350481004
9788188789733
9789383992669
9789380188133
9788184573343
9788184483970
9789350722381
9789380206486
9789385493539
9788173911576
9788175418134
9788180691034
9789380222493
9789380226170
9789380027739
9789380031026
9788121299718
9789382332992
9788187138716
9788173049903
9789380031507
9788175418103
9788184488449
9788187317050
9788184573107
9788126900022
9789386870902
9789350643051
9788188643554
9788126900046
9788176487481
9789386887023
9788170337102
9789385721359
9789382337034
9788188683727
9789380027722
9789380027692
9788183640213
9789386608017
9788128828799
9788172149949
9788126477401
9788177696059
9789350721063
9788120816794
9789388937856
9789382281580
9788174879868
9789352080892
9788172334215
9789350722077
9789350403099
9788174792143
9788173153990
9789350722152
9789353246082
9788121237857
9789352060290
9788175418202
9788170308515
9788170228851
9788131962466
9788174873217
9789380027258
9788181500106
9788170308744
9788170308720
9788170308621
9789350683828
9789350684177
9788170228912
9788123738567
9788126901159
9788181500878
9789352047802
9788126477098
9789382281719
9788171195558
9788184570618
9788170221418
9788170661535
9788178844411
9788120339651
9789383233861
9788178802428
9788178358109
9788178844541
9788183822114
9788190906524
9788178844565
9788178844619
9788183822312
9788192648231
9788174871039
9788126717422
9788193850381
9788174874306
9788126710331
9788170303015
9789390620685
9789351309635
9788171880751
9789388337052
9788178845012
9789350008348
9788178845081
9789351309642
9789350007310
9788178844329
9788173803505
9789381406311
9788125902409
9788193797815
9789350004944
9789350004968
9788122410518
9789389825206
9788193797839
9788124604960
9789392757471
9788185141602
9788171880874
9789388211413
9788183224772
9788178837109
9788171104420
9788173294228
9788126919888
9788183871372
9788178833415
9788123019994
9788172764210
9788185832388
9788185141466
9788185141459
9788171082155
9788185141442
9788170218951
9788123779768
9788178836416
9789353450397
9788178845593
9788170186977
9788178846026
9788126707447
9788126711932
9789390620449
9788171889099
9788178846064
9788178846071
9789383625239
9788173292811
9788174875242
9788121214919
9788178359427
9788170350903
9788174875266
9789350020722
9788185891774
9788178836317
9788178846323
9789351250135
9788185267500
9788183301138
9788123705316
9788178846385
9788194867821
9788178845562
9788183870658
9789350009680
9789389982732
9788178845111
9788185861531
9788178836379
9788185484556
9788178845142
9788121214506
9788185002415
9788178845371
9788178845388
9788121101776
9788174875204
9788171888849
9788170949916
9789388337014
9788171419029
9789381209004
9789354350313
9788121211802
9788183822510
9788122411645
9789389563856
9788122411744
9788126711468
9789350008911
9788174352422
9788183285643
9789385000867
9788178355115
9788173421921
9789380864495
9788174456762
9789350001042
9788176223171
9788171011391
9788193555446
9788176220736
9789388414692
9788173292217
9788170222002
9788178842035
9788178842820
9788124604007
9788171418343
9789389598254
9788170303121
9788185604633
9788172930134
9788126715947
9788171787913
9788175967359
9789352700257
9788125046530
9789350001493
9788131610848
9788178540634
9788183280556
9788184871760
9788178838267
9788185218281
9789388434591
9789351483175
9789351280224
9788178357447
9789352702084
9788178357577
9788123773599
9788123773612
9788170303329
9788173915673
9788175362901
9788192304717
9789380870922
9788123771311
9788170800088
9788126918157
9789385144660
9788178842615
9789388434768
9788171097845
9788193534922
9788124609996
9788176220262
9788120347335
9788183281232
9789386209979
9788183424561
9789393159045
9789380864402
9789354390241
9789385995729
9788171417278
9788178843421
9788131609989
9788173815089
9788178843483
9788178803364
9788122410266
9788171789627
9788174455512
9788124603888
9788193772133
9788122613674
9788170186687
9788171785278
9789387889866
9788171785254
9788126905850
9788124116869
9788176224574
9789322008093
9788120307773
9788121201162
9789351280699
9788183450348
9788191038248
9788170493730
9788122419092
9788125038665
9788122409901
9789351252580
9788170186137
9788178843018
9788171102587
9788126707959
9788130005584
9789388172752
9788178843056
9788121507820
9788192071657
9788178843155
9788178843179
9788126912957
9788185565682
9788178804101
9788172765453
9788126906314
9788178540764
9788173292132
9788171641499
9788125058892
9788195706013
9788178843360
9788195082407
9788123770192
9788175411647
9788171880713
9788170355656
9788174871572
9788121203258
9788178797885
9788126919284
9788176298971
9788175100671
9788171820894
9788193022566
9789350024171
9788123707341
9789381588604
9789351481102
9788178848297
9788174875419
9788170223085
9788125004264
9788131611593
9788121213417
9788172736118
9788127250515
9789388022620
9788186017760
9789391125363
9788176221733
9788174874337
9789351481041
9789351282570
9788124609446
9788194276098
9788194216001
9788178359328
9788120335332
9788172761271
9788121211529
9788124603000
9789388070584
9788176221931
9788172760953
9788126716319
9789381574300
9788124609385
9789351481003
9789352705658
9788193019054
9788121510752
9789388028813
9789384721909
9788124609378
9788125915973
9788178358895
9788125015581
9788124610435
9788120349001
9788190117647
9788171415403
9789352800810
9789350025284
9788126713905
9788173043758
9788124600245
9788124602966
9789353165208
9788174876799
9788126003921
9788170223153
9788122413908
9788171194421
9788178796604
9789381234396
9789352800391
9788194465966
9789388020718
9788124803356
9788126713677
9788170302452
9788123778624
9788178849911
9788170005100
9788123778891
9788126909889
9789351243267
9788170602033
9789380829647
9789351282464
9788123780009
9789351246688
9788176221726
9788126713004
9788170174578
9788193052785
9788122430288
9788125931287
9789386283498
9789383652457
9788170220336
9788120336988
9788122414462
9788126714100
9788171020706
9788170820505
9789351481416
9788170221432
9788170820659
9789351282433
9788170494805
9788182902367
9788194438731
9788171193424
9788170004608
9788124610954
9788171164424
9788185952925
9788172762506
9788126913008
9789350021781
9788178835891
9789388134446
9789351249221
9788126908370
9788178835808
9788171417612
9788193342015
9788178354064
9788183072083
9789350021927
9788175053281
9789381084564
9789391759315
9789383811380
9789353900007
9788176220972
9788185952796
9788126908745
9788178354712
9789383811403
9788178359380
9789381084441
9789327287257
9789384850388
9788185002729
9788178836300
9788170492580
9788194102922
9788185002736
9789381467305
9788194108252
9789380852577
9788123779775
9789383166138
9788126717606
9788184030563
9789383723348
9788193378892
9788126919369
9788171417827
9788171880393
9788185002743
9788178836126
9788183870450
9788170892441
9788190600750
9788125041849
9788173041402
9788192446721
9789388317603
9789350022320
9789388434140
9789383111435
9788120832787
9788174348814
9788171021192
9788171021130
9788126917655
9789355182555
9788121510486
9789383811472
9789351480617
9788176258821
9788194206880
9788126904051
9788121211598
9789388434157
9788178354071
9789384850326
9788173042065
9788129110954
9788178352862
9788178352572
9789382277040
9788125050544
9788120340107
9788129300942
9788120337275
9788183821674
9788120802018
9788124601440
9788125052623
9788174366870
9788170821021
9788178350523
9788178353128
9788174790699
9788174363442
9788126918300
9788171568598
9789380829111
9788126917846
9788122436112
9788187879718
9789381620564
9788170225065
9788173045899
9788189487751
9788124604182
9788121202398
9788120417878
9788178061085
9788178063898
9788187943457
9789352766222
9788183820554
9789384363956
9789350025321
9788179919071
9788172454579
9788189766283
9788183821551
9788123779560
9788129112354
9788171101085
9788126917327
9788128801778
9788170223863
9788174791306
9788197680113
9789350480830
9788173049910
9788174879493
9789350487969
9788178359236
9788170004837
9788177566345
9788180691782
9789388150002
9788178359212
9788174876041
9788188683574
9788180690730
9788188583133
9788178359311
9788120835306
9788188643059
9788188789290
9788172765040
9788126707270
9788178359502
9788126917785
9788188683680
9788172318857
9789325956704
9788171012497
9788178831879
9788188643745
9788188826650
9788170309406
9789350484418
9788178359366
9789380186955
9789389012293
9788193341537
9788193372890
9789380188003
9788180691492
9788174350268
9789385160929
9788170593119
9788193418826
9788180692505
9788175415584
9788188683161
9789382332510
9788172765514
9789389012163
9789350480311
9788170796220
9789382337430
9789352718559
9788193451823
9788171304394
9789381709085
9789382395416
9789386682659
9789352805068
9788194186625
9788123746364
9788180860454
9788126712748
9788194186670
9788170842866
9788170842538
9788131247686
9788121207959
9788194206828
9788174791153
9789389136425
9788170226789
9788170583059
9788181290649
9788126729050
9788178798967
9788173814204
9788123746234
9788121243865
9789389136418
9788122416657
9789388333450
9788187890041
9788173045226
9788126925186
9789386689429
9789385509414
9788194113119
9788194116271
9789381084434
9788173814358
9788170226963
9788170226956
9788126728640
9788131102442
9788123745664
9788194829577
9789391759414
9788171694006
9788171012053
9788122413526
9788170302254
9788187644798
9788183611459
9789381084915
9788126713028
9788126929870
9788183611015
9788126713974
9788174872944
9788183823326
9788126713479
9788187606772
9788194458845
9788170557869
9788181294661
9789380076416
9788194472902
9788131600443
9788181292230
9788123748405
9788181292117
9788120744400
9789381084724
9788194739807
9788124602690
9789389137187
9788173044786
9788183823401
9788173044656
9788183823418
9788131919644
9788123748160
9789386682420
9788194306412
9788122414639
9788187671084
9788123797267
9788187661863
9788170002987
9788183822862
9788183822787
9789381084311
9788122409086
9788183821162
9788188458486
9789380138831
9789385496097
9789386850454
9788131501610
9788170301219
9788183821315
9789380138756
9788173040702
9788170999539
9788184501896
9788188446056
9788126463961
9788120781917
9788188322671
9789380138701
9789389136050
9788180694486
9788120810228
9788122408461
9788175054264
9788183820547
9788178359861
9788170228462
9788170228448
9789350500552
9788120797918
9788170002505
9788173046094
9788131603277
9788170003724
9789350501078
9788170356837
9788170356868
9789351941859
9788171641536
9788193589359
9789385494253
9788172311599
9788126932535
9788180695575
9788170462019
9789388247122
9788193867983
9789350514559
9789380138350
9789380138299
9789351869207
9788126711192
9788170227281
9788122417296
9788126711659
9788180698170
9789381084281
9788173040306
9789382420439
9788170227083
9789381084298
9788187943310
9788170590729
9788188043033
9788173808111
9789352828432
9788188237326
9788122007886
9788122410402
9788183616669
9789381063712
9789353240714
9788188140923
9788193804902
9788178543239
9789351941057
9788173045325
9789380138411
9788171641697
9788178543420
9789389136197
9788122006858
9788170591382
9788180696497
9788122433746
9788184480023
9788179652848
9788179508282
9788121102759
9789384649555
9788172762643
9788172612603
9788183761741
9788172762759
9788172762933
9788172763015
9788171198719
9788126721269
9789380852751
9788123716251
9788129508041
9788120720886
9789388630375
9788170007456
9788171569472
9789387693449
9788172763626
9788120841949
9788120722200
9789350144138
9788190603539
9788126917525
9788175413184
9788171163663
9789350142073
9788131606292
9788179253892
9789385285592
9789388677196
9788171163274
9788179255377
9789381506967
9788126720231
9789352297566
9789388677028
9789385285639
9789350021859
9788190558426
9788190560368
9789350142875
9789352296798
9789381506486
9788121210485
9788189757762
9788175413245
9788178355597
9788174353627
9788189485450
9788126700776
9788178845104
9789352294565
9788189487225
9788172764074
9788170359180
9788120806825
9788123701837
9788120806887
9788170303596
9788178356044
9788178846101
9788178242231
9788120807020
9788121209564
9788170005780
9788172361273
9789350176221
9788121211871
9788178844183
9788179758847
9788121225632
9788178243252
9788178243375
9788178244846
9788131606728
9788189729288
9788179753200
9788170184614
9788123717272
9789352879885
9789350009697
9788184003994
9788178845517
9789387472044
9788174873408
9788171569724
9789352296187
9788178270807
9788123719443
9788172610784
9789352296026
9788178270463
9788184301304
9788190820349
9788170355939
9788121210034
9789381511886
9788190437851
9788189798130
9788178352343
9788126919444
9788172702786
9788124106150
9789380823317
9789380823294
9788183746885
9788121220026
9788190100823
9788171192922
9789387587854
9789387587786
9789350141861
9789350024607
9788124105269
9788178353197
9788174732392
9788189934439
9788129511010
9789350026717
9788171192885
9788171192724
9789352662227
9788172702755
9788126706402
9789350025000
9788189981525
9788183743877
9788190002622
9788189983963
9788126718207
9788171195343
9788172700546
9789350025659
9788124107478
9788174731340
9788178902401
9788178960395
9788174873569
9788128802812
9789350025901
9789350025932
9788174732248
9788190006996
9789350025949
9788121211307
9788189981785
9789350026014
9789350027097
9788120804449
9788121220163
9789381574256
9789350140437
9788189850708
9789381843086
9789350023372
9789352663019
9789380852096
9789352663125
9788178353890
9788190372862
9788190396325
9788189833527
9788171198085
9788178350837
9789381867259
9788178350608
9788178350530
9788170304029
9788189798840
9788189798598
9788189798581
9789385285493
9788174875396
9789380847030
9788189886936
9789386682017
9789350027318
9789381839041
9788189886745
9788172700003
9788127240349
9788126704477
9789353026868
9788189886516
9788123711195
9788172760076
9788184050691
9788123711218
9789350097564
9789381574560
9788178353760
9789388691062
9788189886004
9789390600090
9788173047312
9788189884420
9788171568512
9788126916351
9788171104550
9789386906564
9788171085910
9788178357898
9788123731124
9788189011567
9788123731148
9789350332498
9789388933551
9788170001218
9789390971978
9788189005825
9788171088393
9788180317224
9789380359502
9788170005544
9788178358086
9788180317262
9788178836775
9789380386201
9788120835528
9789387195318
9789388434195
9788170302841
9788123731438
9789350330968
9788170084037
9789392040047
9788120808799
9789380534619
9788189093778
9789381283806
9788189093426
9788178086873
9788180313325
9788189065294
9789380534398
9788131609712
9788178357614
9788180313592
9788178081113
9788131608807
9788192484150
9788126918805
9788173802768
9788126705795
9788189013653
9788170790051
9788178357812
9788170082453
9789350337271
9788184400595
9788172339074
9788175415485
9789385485213
9788178358871
9788193019009
9788178358888
9788123735030
9788175415393
9789386906953
9788170005445
9789380317335
9789380283746
9789352872640
9788178358161
9788120801431
9789380925530
9788193052778
9788170308591
9788171020782
9788193095478
9788123738956
9788180690129
9789381234440
9789327210033
9788124602997
9789387973336
9788175415355
9789387023697
9789350338315
9788178836294
9788174875976
9788122316308
9789380336541
9789380336534
9788178836010
9788121214063
9788180404641
9788180406140
9788172334666
9789327275377
9789381234594
9788170593584
9788178358321
9789350402641
9789327274332
9788131601303
9789388937740
9788121298179
9789380920023
9788178357362
9788189110031
9788178842592
9788178356679
9789387409330
9788122311464
9789350004609
9788191063622
9788179919323
9788178843599
9788178224664
9789352874651
9788189430573
9788171640126
9788174790019
9788170021025
9788174454102
9788122500271
9788122311266
9789390620838
9789387799004
9788175365094
9789350257616
9788122500172
9788189297633
9788129506795
9788178843612
9789381398449
9789381406007
9789350004777
9789350005187
9788172339043
9788120807419
9788126920884
9788174875198
9788178844008
9788175414242
9789350005132
9789352290604
9788122911039
9788170001744
9788191019537
9789352875849
9789388789158
9789350004937
9788178234922
9788122311655
9788179860823
9789350004890
9788120717664
9788122311563
9788189297343
9789350002537
9788178843353
9788184353129
9789380601793
9788124118924
9789350001257
9788178842783
9788183701372
9788171241965
9788170020233
9788120807822
9788178357126
9789390625123
9788174875907
9789350000021
9788183701013
9788131602768
9788171690237
9789390625208
9788170307754
9788126722907
9788170391869
9788123729114
9788122314212
9788120725003
9788178842905
9788171102785
9788179940914
9788178843322
9788178843193
9789387324831
9788178356785
9789387324718
9788123724331
9788124117880
9788192061559
9788171102693
9788192084084
9788179940112
9789350290477
9789350001967
9788178223025
9788124117972
9789387324596
9788189233648
9789381325230
9788183701518
9788121230865
9788179940624
9788120833449
9789381120163
9788131900765
9789351522041
9788176223140
9788123753492
9789350726327
9788176461986
9788171416868
9788170495147
9789386223289
9788186806081
9788171511006
9789350727584
9788185616827
9788185616674
9789350578292
9789390696819
9788123779546
9788172081928
9789382998822
9789383723782
9789386215147
9789350981788
9789350577042
9789351485797
9788184572797
9788131901397
9788187330684
9789383723607
9788183284912
9788125046981
9788124610190
9788186830994
9789383052592
9788170221999
9789380031668
9788170493822
9789385721113
9788173918711
9789386548481
9788121508858
9788123770093
9788175418073
9789351484370
9788130912158
9788174877758
9788173913358
9788125053613
9788176461504
9789350641170
9788176461788
9788185749488
9789383762309
9789383762057
9788172110123
9788170463191
9788183602143
9788184572865
9789350640074
9788187317821
9788125049821
9788171512164
9788174365095
9788120829565
9788170495192
9788121512190
9788174871350
9789350729786
9788187368137
9789383838844
9788170225690
9788185322292
9788182569904
9788183566339
9788185322025
9788123759487
9788187368427
9788185320014
9788182560437
9788121207201
9788170221265
9788121299992
9788170221647
9788181436504
9788121917797
9789351283423
9789353572853
9788121920711
9788176220996
9788123773186
9789350729854
9789354654169
9788185267593
9789390095704
9788120834118
9789351483458
9789386473523
9788185381893
9788124607985
9788170552437
9789382993322
9788131610084
9789351280859
9788185495514
9788170350439
9788121504850
9788171880737
9788186265277
9788185484433
9788120834248
9788185484280
9788121909204
9789353242862
9788171413911
9788171417698
9788176500531
9788171417605
9788184572483
9788171858927
9788176222099
9789353333577
9788126916863
9788176463348
9788170350446
9788186265826
9788186265871
9788126921331
9789351281573
9789380031491
9788185771700
9789386300683
9788185891866
9789350683422
9788170225256
9788121108263
9788170494584
9788183150217
9789351250104
9788121203944
9788186098073
9789350682159
9788184578669
9788185891910
9788174878335
9788185891880
9789351243373
9789383158782
9789386556165
9789351250234
9788170225317
9788174876539
9788182881358
9789383098460
9788173710278
9788170494393
9788129134899
9789351242970
9788185891408
9789386554963
9788170340706
9788173919688
9789383158775
9788176460248
9788125925316
9788187036784
9788185988368
9789350721698
9789386600493
9789350721803
9788123756196
9789351247548
9789355183545
9789385755538
9789351247791
9789386262752
9788173710339
9788123755717
9788173200861
9789350683781
9788171415311
9788175418240
9788126901319
9788183071840
9789351485209
9788184573831
9789380026749
9788185952468
9788174792099
9788121503327
9789386262530
9789383992553
9788181500342
9788174366948
9789351485551
9788176460941
9788125902928
9788174877703
9788123769295
9788176225038
9789351251415
9788170113652
9788185829562
9788171414710
9788126900206
9788185828947
9788126923380
9788185826899
9788173291005
9789351484530
9788120814219
9788126018734
9788175241275
9788172051228
9788171511808
9788170225393
9788176224581
9788123767345
9789383838448
9789351484455
9788171416349
9789380031309
9788121205771
9788183241588
9789386231475
9788183222808
9788121205788
9788170222767
9788123780580
9789383098194
9788123767598
9788170490906
9789386288851
9788123780559
9789386262233
9788170494300
9789390696161
9788126900282
9789385945243
9788184573312
9788121266963
9788186117002
9788123768663
9788185832456
9788182749306
9788120815353
9788170494249
9788125903581
9788185853116
9788123780627
9789350724668
9789351251200
9788185843506
9788187138549
9788121201377
9788123768892
9788171414864
9788171413812
9788186265307
9788182040687
9789351309758
9789386050755
9789391950156
9788173170485
9788182055223
9788121200042
9789386473219
9788172055127
9788130900032
9789351480952
9788121927093
9789380070599
9788186771785
9788126902545
9788170351948
9789351289876
9788121505390
9788184571059
9788171399901
9788124804025
9788121926164
9788120813526
9788177083422
9788184993981
9788181430922
9788124803936
9788170338895
9788123776248
9788121266482
9788170226260
9789391950170
9788125033875
9788170557272
9788131607183
9788125034803
9788186732847
9788176673174
9789386446138
9789350941799
9789383684120
9788131605035
9788181433381
9788176017664
9788173914249
9788184575736
9788171785773
9788185141671
9788123761848
9788123763019
9788120832244
9789383649754
9789383649808
9789386397386
9788185150208
9788171785179
9788176673679
9788123776538
9788187393047
9788184575774
9789351481218
9788125037927
9788124608555
9788120305014
9788184575842
9788121612982
9788130902630
9788171786930
9788120813533
9788185141381
9789378313189
9788185141404
9788175510753
9788130902203
9789389832921
9789351302186
9788174876713
9788187393795
9789351863250
9788184959970
9788129115706
9788176465519
9788123751153
9789353242459
9788121107679
9789386618801
9788170554509
9789374735183
9789351483113
9789386463074
9789383625260
9788174872111
9789383684229
9788181431677
9788170351207
9788124608388
9788171418374
9788182053885
9788123778501
9789351482321
9788181296528
9788170556350
9788185094748
9788170556343
9788187418597
9788174878380
9788170554486
9789386062307
9789382898832
9788185218885
9788171788880
9788126907618
9788171393497
9789353887315
9789386397829
9788182474734
9789382536505
9788174362926
9788123763378
9789386397089
9788186469699
9788100002797
9788124608371
9788174876898
9788183610773
9789382460879
9788183304412
9788130007359
9788121935197
9788172053932
9789389467062
9789382536987
9788181431899
9789351863946
9789383625192
9788186562413
9789357942164
9788126908998
9788186732106
9788124801673
9788170119913
9788181431868
9789383684236
9788187586050
9788182472877
9788170495550
9788131903414
9788182746985
9788183455473
9788129116406
9788170943525
9788130920368
9788120352117
9788126916931
9788120352285
9788120800045
9788177694307
9788176932110
9788183822541
9788126917617
9788126916993
9789350023198
9788179253007
9788129114945
9789380005638
9788120805194
9788173047497
9788120801356
9788121202657
9788121929875
9788183822602
9788128817083
9788120805279
9788194201861
9788170820956
9789352535194
9789350906170
9788128817007
9788122433388
9788185218212
9788124603154
9788178354989
9788126918942
9789387648142
9788175953130
9788170305729
9788182749429
9789383838264
9788172454654
9788184302202
9788186732366
9788170495017
9789389563436
9789390834501
9788186719381
9788175412057
9788182053526
9788120329058
9788127267407
9789352585717
9788172733070
9788130902715
9789388684224
9788126903535
9788190199957
9788184095036
9788127243081
9788190178112
9788121204170
9789350180099
9788123707693
9788170006756
9788121211413
9788126718030
9788174876522
9788174873347
9788176465472
9788171415151
9788190161732
9788190205412
9788125930976
9788170189053
9788171691920
9788170194699
9788174872234
9789386279712
9788182051638
9788126903504
9789380677422
9788128803758
9789384721442
9788121211352
9789350025529
9789381626658
9788184578614
9788170602279
9788178352893
9788131611487
9788122312690
9788124608265
9789350905180
9788123722498
9788123767970
9788126922727
9788123709000
9788183745512
9788182051652
9788121268073
9789382076803
9788175412187
9788176460019
9788126404568
9788121209601
9788189491710
9789352644308
9788171196005
9788124609224
9788175811676
9789380829074
9788172702854
9788174870759
9788179776292
9788179776254
9788174873354
9788172702779
9789350025666
9789351485476
9788179772690
9788170305927
9788190082396
9788124107966
9788186569306
9788126706457
9789350025550
9789353222505
9789384588731
9788190064415
9788120807617
9788189750589
9788121224697
9789350141410
9788189833268
9788171191260
9788184576399
9789350141519
9789384649333
9788170359104
9788120842076
9788186265390
9788183563222
9788176465014
9788126027439
9788124608869
9788189798659
9788170495703
9788186265680
9789353249755
9789387472419
9788175413214
9788170224099
9788182053830
9788178350905
9788171548613
9789351486091
9788171568451
9789351486152
9788174353375
9788121210621
9788126720132
9789385285424
9788178351216
9789350140697
9788174870360
9788126915514
9789391622060
9789350141038
9788171197903
9788182744318
9788189729431
9788170495420
9788189798086
9789383838806
9788189766757
9788126928477
9788121210492
9788174870056
9788120834620
9788126902798
9788179505786
9788186339213
9788178350004
9788121210478
9789387485075
9789386392701
9788175541009
9788189757489
9789385285776
9788124608746
9789350142967
9788178312613
9789386392725
9788178350042
9788171692699
9788189766252
9789350142097
9789383838851
9788171568260
9788170495451
9788170495475
9789384699222
9788121220637
9788183563765
9788182560154
9789386392091
9788178350103
9788170495512
9788170007319
9788170595021
9788186321782
9788175541016
9788129507891
9788174733771
9788123712376
9788189886875
9789391080778
9789381991961
9788120803602
9789381991947
9789381991855
9788178270562
9788126902613
9788123780771
9788124608425
9788120803879
9789388689175
9789381795668
9788186208557
9789353339951
9788172052218
9788170305392
9788121296359
9788170491644
9788174734389
9788121210966
9788171568697
9788182053847
9788178245317
9788121210973
9788174877741
9788121210218
9789350909843
9789381763162
9788120350427
9788178270166
9788182748798
9789351134954
9789386397799
9788171196517
9789384649050
9789391080693
9788183741736
9788171201686
9789380752143
9788176465267
9788126025947
9788174877765
9788121264716
9788123763811
9788170304678
9788126921126
9788179753408
9788123717609
9788179101803
9788189886387
9788170223474
9788179753255
9788170223566
9789381842423
9789353249519
9788172052454
9788120805415
9788176462419
9788126702596
9788179754412
9788123718019
9788179754931
9788189886851
9788126719297
9788124104231
9789381991596
9788171201501
9788170281528
9788126922796
9788126903405
9788176461771
9788170180494
9788186530122
9788170180456
9788126719310
9788182747241
9788175413474
9788189886677
9788184620603
9788190844512
9788184050622
9789351286837
9788170173618
9788170301165
9788123773940
9789389742077
9788124802113
9788120832220
9788171788330
9788122419924
9788184981940
9788170002581
9788170002482
9788172931223
9788122420913
9788170350927
9789351284376
9788170300656
9788129519696
9788123773476
9789354472459
9788170797661
9788178359489
9788174871695
9788170187448
9788126715916
9788175247413
9788124601280
9788129529480
9788185141749
9788171641680
9788131612149
9789388351645
9788178542782
9788185163802
9788178542461
9789351301899
9788131903124
9788193728505
9788193613344
9788170801627
9788124601259
9788170002642
9788125039532
9788126933419
9789352761289
9788195191543
9789393473202
9789354390555
9788126708383
9789381020890
9789322008079
9789390652945
9789383723058
9789388020404
9788175240407
9788178359106
9788123772356
9789385161001
9788193095461
9788193095430
9788185381176
9788170794882
9788120801707
9788192998770
9788185244648
9789387980372
9788174877031
9788126716807
9788124610459
9789393473196
9789388434041
9789352872770
9788192924816
9789353497767
9789327270136
9788183302739
9788178359151
9789388020879
9789394902466
9788171014491
9788193359761
9789322008420
9788176221047
9788122423785
9788120800816
9788124600511
9789385144424
9789322008864
9788170493174
9788171020287
9789388028271
9788171020409
9788193289372
9788175300521
9788123773155
9788170004851
9788184955828
9788126919833
9788121266925
9789388022125
9788170802082
9788193817346
9788171021635
9788178798202
9788194295969
9788131247716
9788174872128
9789391125370
9789352803507
9788194284611
9788123778181
9788178798097
9788194279914
9788178798127
9788123777771
9788185047935
9788170821410
9788122414950
9788194739845
9788170813859
9789389915365
9789383684151
9789383649334
9788194215011
9788185057422
9788170220572
9788170821069
9788178797632
9788185141350
9788185040509
9788126929788
9788194483038
9788176018517
9789351481638
9788194465980
9788126909780
9788174362865
9788185016207
9788126917976
9788126713660
9788194438755
9788170820062
9788126713424
9789381084960
9788126930081
9788170220305
9788194622116
9788123779126
9788194407188
9789381084847
9788170187042
9789390678709
9788122415759
9788178800035
9788123777610
9788170220602
9788193968192
9788170301851
9788178801384
9789383625208
9788120769120
9789388333559
9789352824755
9788126711277
9788125033646
9789385144974
9788123774213
9788125027997
9788171783823
9789388337083
9788185141213
9788171641765
9789386071002
9789381084038
9788170996750
9788193838273
9788178802381
9788178543659
9788185122267
9788121213196
9788194877288
9789391125677
9788194160519
9788185091631
9788170492511
9789351480136
9788124602539
9788194820086
9789353901158
9788174874399
9789381141250
9788126908066
9788123776514
9789391125547
9789381084373
9789352820610
9788194081944
9788124802694
9789351376361
9789351369998
9789381141816
9788174351333
9789381141984
9788185425184
9789327287936
9788178353746
9789352664870
9789384898526
9788178845814
9788184005790
9788190738620
9788174875235
9788121211673
9788171691081
9789350020166
9788171889778
9788126904792
9788170195337
9788170188186
9788175411487
9788126910458
9788190696340
9789381458013
9789351250272
9789381458020
9788126904501
9788126920297
9788121214933
9788190656672
9789350020029
9788125911319
9789350005200
9788179860663
9788185832487
9788123768908
9789350007723
9788126706778
9789352666386
9789386262028
9789350008287
9789387698321
9789386262110
9789381406540
9788171888108
9788178355757
9788178355993
9789350008379
9789383203390
9789350008447
9788171690930
9789352665549
9788121101813
9789387693975
9789350009628
9788173046940
9789350020999
9788178355122
9788126904389
9788172761097
9788185972367
9788170006237
9789350022818
9788120803022
9788170223023
9788120335639
9788121202305
9788126903917
9788121202442
9789351247395
9788184050462
9788178846453
9788174876546
9789381574232
9788171190409
9789350023396
9788124109144
9788121202671
9788170494737
9788172760496
9788190242905
9789386268198
9789383110414
9788184664522
9788126717880
9788126904068
9788190638852
9788174875273
9788171415847
9788126904280
9789385926082
9788174366023
9789383158812
9788178354958
9788178354934
9788178354910
9788126717620
9788178354811
9788121201896
9788124609460
9789351249054
9789351248989
9788120336179
9789351248941
9789383125159
9788125915331
9788185952963
9789350007273
9788172764258
9788170491989
9788178357409
9789388434423
9788185616179
9789351280415
9788178357584
9788178842219
9788176222761
9789388434560
9788126910083
9788183283830
9788185616452
9788178842455
9789394547032
9788171690121
9788192304762
9788120831339
9788126907168
9788184889291
9788184876499
9788185616896
9788171097197
9789385992186
9788171690251
9788170303268
9788176222570
9788170222453
9788185495774
9788170300274
9789351281016
9788171880720
9788178358147
9788124603543
9788185484945
9788122315998
9788171880850
9788170303022
9788174352514
9789395737593
9788174877192
9788185495910
9788125045113
9788171678792
9788192611457
9788124603871
9789387889712
9788178357904
9789332700109
9788124603918
9788174871329
9788121507158
9788178357195
9788178842721
9788121201148
9788174506368
9788178843506
9788178843537
9789350004548
9788183424646
9788125061403
9789381384046
9789391759636
9788191038842
9788126910199
9788171886685
9788173801075
9789350004876
9788178843667
9788124116227
9789351484516
9789352876341
9788174365781
9788178356594
9788171104208
9789381406267
9788178356532
9788121508315
9788170002055
9788178356723
9788178843346
9788178357102
9788171422104
9788174357472
9789352700318
9788121507684
9789350001370
9788125049340
9789351252603
9789383762026
9788170663010
9788174871220
9788123770772
9789383762071
9788170002154
9788171416806
9789350002223
9789350002247
9788178356846
9789350002421
9788170493570
9788170493600
9788184304084
9789380186467
9788172335038
9789380138770
9788180318146
9789350571798
9788175418820
9789350723357
9789350729861
9788123745336
9788183602242
9788131600207
9788187902010
9788175414495
9788175417434
9789352210787
9788186939291
9789382281139
9788123726236
9789382579236
9789387324237
9788180319310
9788129504494
9788181438744
9788170587811
9788186782224
9788187916086
9789350571408
9788175418776
9788174790415
9788173710025
9789380118093
9788187943358
9789382420460
9788181434470
9788174791085
9788180698477
9788179941515
9789387195349
9789350501580
9789386835505
9789385385865
9788189182014
9788183618847
9788170117476
9788187928331
9788120405271
9788170462750
9788175417410
9788181438171
9789350501467
9788174452290
9788121206396
9788176500333
9789352210978
9788172160494
9789382579625
9788171309535
9788126427208
9788170334118
9789350722848
9788172159733
9788174875891
9788126917105
9789380336411
9789350501092
9788183619189
9788171565634
9789350291030
9788176466790
9789380076133
9788170000020
9789380138374
9788174361950
9788175415867
9789387146907
9788171395965
9788187393566
9788170555445
9789382579571
9789380026411
9789390095742
9788184550856
9788188469185
9788188469376
9788123745404
9788172210922
9788179940495
9788126425969
9788180694370
9788170307129
9789351775768
9788173052736
9788120812116
9788171513352
9788121205702
9788120401006
9789383992485
9788177545005
9788170555087
9788170226895
9789380138930
9789382396550
9788170554622
9788170332961
9789386535146
9788126726837
9788180696466
9789350728802
9788187392071
9788126451432
9789350725962
9788181435460
9789353240745
9788170551720
9788187392095
9789350728888
9788126926107
9789386473677
9789350725955
9788175418707
9788178062716
9788124607169
9789380138497
9788180310911
9789350725924
9788187392217
9789382237037
9788188071845
9788173714566
9788171565177
9788180697166
9789350727768
9788121504744
9789388892933
9789350502822
9789386768490
9788187374886
9789383992454
9788129500427
9788189110116
9789380138398
9788171511105
9788126451005
9788170554431
9789380138367
9788121917728
9789380565033
9788180312861
9788123729343
9788180696510
9788181840028
9788188018956
9788171510511
9788171565092
9788170554608
9789386473486
9788186921241
9789386473547
9789350530269
9788180142048
9788180317088
9788183615129
9788124607022
9788123742915
9788123787008
9788120808065
9788188267828
9788170552949
9788170227892
9789380138633
9788177543162
9788181581037
9789382711179
9788122309249
9789380578408
9788171242320
9788126418664
9789350724026
9789388933797
9788186921203
9788181914064
9788126726509
9788171242948
9788126902002
9788171242788
9788170307914
9788181435347
9789350725719
9788180315688
9788188230181
9788120818903
9789393863386
9788124607992
9788183615624
9789390095711
9788184353679
9788176673037
9789388892070
9788181902962
9789382759010
9789390477425
9788120416833
9788180317071
9788126927142
9788123758312
9788131804452
9789382332886
9788170192947
9788170491002
9788170228875
9788187138921
9788177115888
9788178232737
9788179917558
9788174876195
9789385492792
9789380031071
9789380031064
9788183601276
9788171307234
9788121939096
9789387409187
9788184571325
9789387409231
9788184480474
9788171513666
9789380186979
9788126439348
9788183640466
9789382898993
9788120814998
9789380262819
9788178230276
9788184488425
9788170228493
9788184487855
9789352211326
9789386906687
9788123797434
9789350464816
9788121207881
9789390678358
9789382337126
9788120814585
9788123788326
9789352220250
9788131918364
9788170115359
9789384502799
9789353240196
9788126477074
9789352220267
9788174878304
9788175415683
9788170226130
9788174369956
9789382460800
9789384456535
9788177666977
9789350182901
9788123791999
9789380188126
9788187108900
9788188789832
9789350467985
9788170183945
9788182050952
9788126900497
9788177211276
9789385902239
9788170593423
9789389166033
9789386667892
9788177211153
9788172330507
9788129100856
9788175415669
9788187111900
9788175416697
9789382300854
9788177690071
9789380222363
9789380027746
9788173157028
9788171411788
9788181292667
9789374734858
9788187644439
9788174790002
9789350682661
9789353242145
9788123749426
9789350481387
9789386906083
9789382332435
9788173153372
9788126723447
9788131604816
9788171304608
9788174878359
9788187644149
9788124607428
9789389165166
9789357942799
9788120812505
9788126723416
9788174872517
9788183631181
9788175511095
9788170229094
9788188934256
9788132110231
9788181460417
9789387324978
9789353245955
9788175416314
9789382395607
9789380637105
9789351711001
9788170583516
9788170594338
9788174090447
9788179925904
9789382460015
9789350500354
9788181431608
9789382460084
9788171410842
9789382425069
9788177561043
9788176466233
9788180693373
9788176466660
9788170584520
9788170555636
9789350500927
9788183600163
9788181439864
9788174873163
9788121804219
9789350281437
9788188934423
9788180460814
9788170594109
9788181431912
9788181290038
9788187812548
9788170583998
9788170555964
9788183613019
9788174792105
9788184489095
9789384343408
9788123736372
9788187680086
9788120807686
9788123754659
9789382363019
9789350254943
9788180692543
9788170352433
9788123741956
9789383968275
9789380318202
9789386463050
9788180692611
9788188629008
9788170189848
9789380026718
9788172155810
9788171567089
9788186737569
9788183630955
9788187680055
9788123908793
9788128829000
9789387328136
9788170594413
9789389184266
9788170556251
9788174353689
9788171513475
9788175416925
9789350500217