9788171640911
9788123701387
9789382898221
9789352776160
9789352776283
9788123700212
9788172081751
9788126418725
9788171641055
9788171104253
9789386473455
9789353333584
9788188322084
9789388933186
9788186895580
9788123729787
9789388933520
9788170287902
9788121206167
9788126423637
9789392834646
9788123705088
9789389203516
9788126424481
9789353242619
9788129101532
9788190656696
9788190627887
9789381467800
9789389577617
9788123726878
9788120808386
9789351779377
9789393111425
9789380349107
9788171641444
9788170490838
9788179941676
9788177214147
9788171641369
9788171641376
9789386478283
9788174506443
9789386478702
9789350469903
9789388933308
9788189107314
9788171641437
9789382711810
9788179941720
9788186921319
9788175101821
9789382711681
9789381448052
9789353245368
9788171641406
9788183640909
9788178832487
9789353494100
9789386850591
9789389830125
9788186098820
9788178223636
9789386797247
9788178223469
9788171301812
9789350334782
9788170117971
9788126403806
9788186117149
9788178223278
9788188965540
9788183616225
9788186142516
9789384850678
9788179916377
9789350334898
9788123739786
9788171012701
9788183616362
9789353576141
9788176128315
9789351482895
9788179914571
9788172338916
9788126452774
9788176121163
9788171302307
9788193792544
9788178224466
9788176122382
9789383098859
9789350464021
9788172339029
9789389143362
9789353763602
9788183745659
9788124607404
9788121208901
9788186098547
9788126452231
9788121204033
9789353763664
9789392510632
9789350176528
9789350335673
9788183616614
9788123739878
9789386473097
9788171640676
9789387330788
9788126450985
9789387328525
9789387944527
9789392574030
9789390971916
9789353496449
9788175101869
9788174506726
9788176212700
9789351484363
9788123764108
9789351860105
9788123763514
9789389647228
9788171102556
9788192009018
9788192005157
9788179929759
9788126416035
9789388874410
9788126451043
9788193296738
9788184005233
9788121003476
9788184002812
9789351483632
9788183618816
9788175101517
9788183990790
9789350464106
9788189004873
9788121204774
9789388874397
9789353497477
9788178832241
9788175102002
9788175101920
9789387383135
9788192998749
9788192982212
9788176212694
9788126414451
9789389577297
9788180314384
9788120811157
9788171198290
9788172765033
9788170282273
9789386871978
9788129508737
9789352762910
9789382460718
9788187570462
9788178830070
9789352534104
9788181460691
9788188569120
9788126724413
9788178834122
9788178834061
9788178830117
9789385273285
9788123722481
9789382460251
9788126441419
9788126918607
9788187780717
9788187498292
9789385285813
9788181463456
9789390900312
9789350466636
9789390834518
9788188575565
9788181465399
9789350464885
9788176464819
9789353224158
9788181465078
9789385288623
9789352827183
9789350466421
9789389136395
9789350460665
9788188575107
9788170308836
9788170283010
9788178833118
9788123709994
9788188569311
9788187458135
9788187780946
9788121239066
9789389577143
9788178833767
9788178833460
9788126467396
9789386680945
9788170356196
9788178833453
9789389243819
9788170357919
9788189605759
9789350465523
9788121290005
9788126725960
9788126726202
9789350465219
9788177543049
9789382419204
9788174369277
9788174369239
9789389231793
9788178831688
9788189485153
9788129517500
9788176494564
9789386680419
9788187966319
9788121210430
9788126725434
9789386906458
9788178833750
9788187812593
9788126926886
9788178830803
9788187877172
9788126441730
9788189750213
9789386906359
9788187943969
9788171205042
9789386667441
9788189738334
9788174370860
9788123717715
9789352666584
9788187943501
9788183741316
9788170356042
9788183742276
9788178833002
9788178832906
9789353225469
9789390971459
9789386560643
9788170000631
9789386560742
9788172237080
9788126435296
9788124601617
9788123725932
9788177868456
9788177868111
9788175101197
9788174365309
9789351941972
9788124602034
9788175101760
9789352822430
9789351980070
9788170003816
9789386582898
9788123725796
9789386589460
9788187108894
9788120811508
9788187107163
9788178833446
9788178832692
9788190620826
9788170287285
9788170001195
9788170286905
9788174364500
9788126449675
9788180313868
9788124600931
9788187075561
9788175101067
9788126723034
9788180314988
9789385252860
9788176240376
9789386867056
9789386867230
9788170308355
9789351868279
9789385385919
9789386702661
9789387980044
9788180403989
9789353225919
9789386870216
9788190205450
9789350466988
9789350466896
9788175101739
9789353225964
9788170113881
9788174367112
9788178832869
9789350464502
9788121238366
9788187392231
9788120815315
9788181467003
9789381607435
9788178832876
9789352826643
9789382536666
9788189261825
9789381607787
9788123707082
9789387103061
9789386867919
9789387164277
9789382607045
9788171671595
9789381523735
9788190390118
9789352823956
9788170354932
9789387980112
9788186030974
9789387980150
9788124602362
9788120815902
9788124606698
9788181469892
9789350467152
9789389203912
9788126729340
9788177693812
9788128826535
9788176461092
9789387146020
9788121203920
9788129116956
9789384753306
9788170584438
9789384456436
9789357940320
9789350297612
9788122310962
9788170601265
9788184951158
9788184402308
9788184952148
9789388304382
9789356630055
9788122310702
9788122312584
9788170600183
9788170214557
9788121230940
9788184955354
9788120829985
9789350025994
9789390366804
9788184306248
9789350025895
9788170585756
9789350025819
9789388304153
9788184950045
9789383723706
9788183602297
9788171422586
9788120831711
9788129140036
9788170119739
9789384419905
9789350170007
9789350293744
9789390378517
9788125041153
9788171422616
9788173046254
9788121220309
9788184835106
9789350297018
9788126716920
9788171831319
9788171831326
9788184482119
9789390378388
9788171422395
9788129109354
9788129146359
9789383723881
9788171421534
9788175411753
9789350981122
9788125051329
9789350025581
9788122312805
9789351243052
9788183228053
9789380839998
9788128809224
9788170119203
9788128809248
9789380592763
9789350023365
9789385721106
9788185047997
9788170119166
9788184304961
9788120829336
9789350023006
9788183602075
9788185063102
9788183224765
9789390366477
9789350022702
9789351246725
9788184303681
9788184303636
9789351246879
9789390366057
9789355211651
9788185047546
9789351242789
9788129107039
9788178355894
9788125051732
9789383684663
9788184959680
9788184959710
9789390366736
9788184959901
9789386228154
9789380604022
9789350024904
9788126908059
9788185002972
9789350024157
9789350024027
9788183601139
9789388630016
9789351135746
9788184305456
9788185047287
9788185047294
9789351242581
9788185047454
9789351242604
9788170551584
9789388424455
9789350170069
9788173043611
9789390477586
9788121224932
9789387696211
9788171429967
9788171429837
9788120834453
9788171429356
9789383944040
9788171429318
9788171429271
9788171429264
9788171429127
9788175052741
9788171429103
9788171429035
9788171429011
9788172763121
9788171428953
9789350179130
9788175412866
9788170002741
9788171428052
9788170306788
9788171427734
9789350173015
9788129114006
9789384225254
9789350173282
9788173044540
9789384119911
9788121225731
9789384119973
9789350176313
9789350577097
9788126715015
9788121225472
9789380034577
9789350177303
9789350177495
9788129115430
9789350174968
9789350177556
9789384225209
9789350174760
9789350174487
9788178691893
9788124802410
9789350174418
9789350173350
9789380049137
9789350173299
9789350680759
9788171427703
9789384419882
9789350291207
9788171788262
9789350171769
9788172761318
9789384401580
9789386108272
9788121928663
9789350171509
9788121228602
9788178359748
9789350171493
9788178359649
9789386148186
9788171427697
9788172764272
9788129110022
9788125039808
9789384419103
9789350171288
9788172760359
9789350170601
9789350291924
9789350170366
9789388423311
9788121260626
9789350171820
9789350171851
9789391258931
9789390441617
9789390620074
9788175412156
9789384343767
9788175052628
9788171427505
9788124609682
9788122311372
9789380027395
9788121226479
9789388337182
9788171427024
9789350683057
9788171426997
9788171426577
9788171783137
9788171425372
9788121224369
9788171424627
9789387698840
9789384401184
9788171787043
9789388343169
9788171423477
9788183222471
9788179911839
9788121217538
9788122305203
9789386338464
9789383202249
9788175100879
9789387889224
9788182880184
9788184301229
9789387464506
9788170820086
9788120801981
9789388766043
9788174790347
9788183611176
9789351284567
9789351284680
9789351302124
9789351283973
9789386338785
9789386316950
9788126002313
9788173806414
9789386348333
9788184301656
9788182650114
9789351364726
9789391950262
9788194415046
9788184192063
9788131900536
9788122307030
9788121200721
9789385609732
9788194475903
9789386338938
9788194475927
9788185870083
9789384649722
9788185243153
9789386316639
9789351301912
9788185843384
9789351287094
9788121200851
9789387893825
9788175100831
9788172052096
9788183610711
9788183221337
9788121213691
9788122306606
9788185749914
9789351289241
9788123770758
9788185693613
9788131724095
9788178837345
9789386316783
9789386316646
9789385609381
9788184301045
9789387464988
9788178836355
9788185843636
9788131723142
9789386316691
9788121200806
9788195800025
9788175973558
9788175973572
9788170592754
9788183610704
9789386316677
9789386316660
9788194992882
9788182650091
9788173031311
9788184303100
9789380496153
9788120823372
9788183602709
9788193969229
9789385555565
9788122002034
9789351280248
9788185972831
9789351280255
9788185972787
9788185208527
9789354895371
9788179505113
9789387457539
9788174731043
9789380854366
9788193968116
9788185972589
9788121202718
9788185102962
9788183602303
9788126718153
9788185132174
9788131902844
9788129527011
9789351249399
9788170301691
9788131521038
9788170007555
9788121202862
9788120806146
9788185988191
9788183602464
9788185141503
9788175100909
9788185972763
9788170118213
9788185972503
9789353905545
9788175994300
9788121241946
9788122304237
9788122314595
9788122308563
9788121234658
9788122415100
9788172014032
9788122314823
9788121506885
9789384625528
9788194250586
9788122315547
9789383331161
9788122302776
9789351281214
9788120320222
9789383413799
9789350002964
9789383110094
9788172054205
9788170118312
9788182200418
9788173808746
9788184302400
9788178231402
9789353902421
9789351281108
9788172053833
9788185211619
9789383202119
9788174363336
9788183223836
9788174890269
9789352766505
9788129135964
9788122309478
9789382579045
9789380829135
9788120816022
9788178063850
9788170219156
9788173046988
9789381620458
9788122309966
9788172455095
9788175157460
9788122307238
9789380070216
9789384225735
9788122308648
9788171673056
9788121206211
9789380210766
9788179919200
9788121204873
9788120802216
9788170305453
9788122200171
9788174766090
9788173045691
9788170020271
9788120308558
9788178832715
9788178830360
9789392147883
9789389203691
9789387693494
9788176385916
9788178832630
9789391165215
9789387164079
9788177695212
9789387693470
9789387693296
9788174365118
9788128824548
9789389958461
9788175102156
9788120723375
9789389598193
9789389136555
9789388933469
9789389958706
9788178355900
9789390625901
9788179070154
9788178832623
9788177214154
9788126704835
9788174354730
9789390298662
9789388933650
9788170101611
9788172311810
9788178834993
9789389577631
9788175100022
9788126453139
9789389858068
9788172764784
9789388933919
9789389143355
9788177868531
9788170001638
9788173860263
9788175101081
9788126718320
9788177903829
9789387585089
9788178835136
9788126464043
9788178223667
9788178691015
9788178832616
9788174505385
9788175053441
9788172763893
9788177213881
9788131902714
9789387164628
9788172313050
9788178832128
9788172764111
9788173291814
9788175100367
9789390971633
9788175090859
9789387164864
9788177697650
9789394046047
9788175411432
9788174873873
9788174370587
9789388183956
9789386906281
9788175257627
9788178833507
9788178359670
9789386906243
9788126724314
9788175100824
9788172764746
9788178832111
9788176498135
9788175973305
9789389243895
9789390971824
9788172765088
9788126725557
9788179940525
9788178831206
9788176467070
9788178220390
9788179940235
9789390696475
9788126725458
9788178358635
9788178358758
9789392756191
9788173155581
9788174452351
9788178830339
9788175100978
9788178833682
9789389109016
9788126702473
9788175050525
9789388211482
9788175101432
9789389600346
9788173046308
9788178834139
9788175976863
9788170002628
9788175100817
9788170006220
9789388070478
9788175100954
9788175101555
9789390900091
9788178833163
9788172761967
9788178236025
9788173030826
9789390085682
9788178222127
9788178839301
9788179941324
9788172762230
9789387698802
9789387968486
9788178358741
9788176462433
9788178833262
9788178833286
9789389243734
9788175100886
9788131907535
9788175053953
9789389237023
9789387944459
9788178831435
9788174369284
9788178839042
9789388183529
9788180562174
9789390441624
9788176212731
9788178834412
9789390971695
9788174506559
9788177692433
9788178831992
9788178236032
9788178242149
9788184306071
9789355212054
9788122315813
9789386410504
9789383202225
9789383202171
9789383202102
9788185891316
9788122315158
9788122307344
9788126402403
9789351280170
9789351280200
9788185972022
9788185972091
9789354895944
9788122308198
9789351280651
9788185972206
9789351280712
9788122316193
9789351280736
9789351280842
9788126409068
9788185972282
9789351281986
9789351283881
9789385998911
9788185972398
9788185891156
9788185843490
9788185972428
9788170520139
9788122309126
9788170520788
9789350021033
9788185211558
9788130202136
9788121614740
9789350020692
9788122313260
9788172054878
9789383359400
9789386397935
9788185301402
9788126401055
9788185843087
9788185301990
9788122308860
9789351130062
9789385031526
9789355212795
9788185378442
9788121200752
9788122308501
9789383247073
9789386410436
9789386410443
9788122314922
9788122306743
9788185972510
9789353493271
9789382898337
9788122301328
9788186265987
9788183861465
9788186470077
9788172082185
9788186510209
9789353765484
9788129119544
9789350468999
9788183451093
9788170301875
9788126421367
9788120819245
9788121506694
9789350467763
9788186775363
9789353761776
9788193773475
9789353576202
9789380496054
9788193642436
9788193642412
9789382792680
9789353496463
9788124603949
9789382788058
9788181901682
9789351302551
9788185972596
9789351287681
9788124600351
9789351285380
9789380186610
9789350482582
9789351285533
9788171641413
9789351286271
9788186098837
9789385998034
9788186107058
9788171641451
9788186117156
9788121204453
9788194653837
9788121213745
9788121213714
9789383064786
9788171641529
9789351289630
9788122304961
9789351302155
9788171641888
9789351302162
9788194820062
9788186230640
9789351302179
9788170592433
9789383562305
9789350021767
9789350172193
9789350172919
9789350681497
9788125040231
9788171820245
9789350681947
9789350172728
9788170586951
9789380114088
9789350172520
9789350172506
9789386228109
9788129107596
9789386228512
9789350680810
9789380009568
9788170589334
9789350171745
9788184301366
9788183226509
9789350171691
9788183226424
9788170119197
9789350171592
9789350171462
9789350170700
9789350170632
9789350173183
9788184409147
9788185102986
9788171427666
9789384119928
9789380034829
9789350571156
9789350576441
9789384007331
9788171511594
9789384225018
9789350641545
9789350178515
9789350177532
9788171428397
9789350642733
9788120830981
9789350173305
9789350177501
9789380077161
9788121225793
9789350177419
9788170119432
9789350643488
9789350176122
9789350175873
9789386215192
9789384225513
9789350174852
9789350680391
9789350170595
9788184820959
9789350170489
9788182650213
9789350025536
9788184983395
9788171421176
9788170591900
9788185002798
9788122310030
9788122312621
9788122309539
9788185047072
9788171640584
9789350023358
9788185047416
9789386338358
9788122311457
9788185047607
9788185047720
9789386348340
9789383649372
9789350022832
9789386348982
9788185057347
9789380852171
9788182568150
9788125017455
9788171640799
9789350022078
9789380829098
9788184959789
9788184007565
9788170591498
9788183215251
9788184821307
9789350170281
9789350170212
9789350170113
9788122311303
9788122311846
9788170594291
9788171422708
9789380637075
9788170307051
9788171422357
9789350296134
9788184951639
9789350298633
9788170601203
9788122310658
9788184955491
9788122310337
9788184956313
9788120821187
9788172050917
9788184956795
9788125032335
9788184957235
9788126425884
9789350467893
9789380076225
9788189059712
9789352210206
9789385252921
9789385269363
9788183630016
9788188043040
9788188043156
9789352294138
9789381620182
9788123729381
9789353221454
9788123722443
9789385609411
9789353221041
9789353221027
9789385609237
9789352660322
9789350463536
9789382244141
9789381506912
9789352664856
9788123726496
9788187967095
9788172238117
9788181439765
9788190702546
9789381620625
9789353229573
9788187780182
9789382460213
9788172239220
9788120842670
9788181464507
9788187812517
9788187812524
9788189430382
9788181463647
9788170113263
9788123722917
9788121208352
9789350401873
9789353229320
9788170113157
9788181461674
9788188575077
9788188575084
9789380349664
9789352821549
9788126441976
9789381607985
9788123739908
9788171301782
9788129100597
9789385285448
9789381588338
9789352761159
9788188951796
9788188951574
9789352761609
9788183616232
9788171303625
9788171303526
9788188951413
9788123735160
9788183619196
9789381607459
9789381607848
9788170284321
9788123707044
9788171300488
9789352820672
9789386667168
9788188575626
9789352666195
9789385273995
9788183741705
9789382348498
9789380349466
9789352666744
9789386667953
9789350463741
9788171165346
9789386680518
9789385288227
9789385285189
9788170356530
9788183619455
9788188779253
9788120835085
9788190097932
9789352826407
9788121002141
9789351981923
9788187075929
9788189833954
9789352766857
9788192535470
9788187130260
9788123712178
9788124604472
9789352767076
9788120810556
9789381283813
9789351654988
9788171202331
9788189914271
9789350466803
9788121239721
9788192263250
9788170116226
9788171202591
9789350461211
9789350460771
9788126451906
9788189766641
9788170308089
9789352766819
9788186921081
9789382711995
9788129137012
9788186937013
9789350461761
9788121206075
9789350467480
9788189750220
9788126452484
9789350461396
9788186953501
9789351484813
9788189738235
9788189750428
9788126433650
9788172145613
9788192982229
9788187075486
9788171070336
9788187330486
9788121206808
9789382536079
9788126450183
9788181467744
9788181467591
9788187496915
9789353241292
9789350462683
9789385492808
9788123710877
9788187498391
9788123710457
9788123702889
9788170288855
9788189999476
9788190716123
9789381620816
9789381620809
9789381448236
9788183610698
9788171206261
9788187649106
9789350465950
9788126443024
9789382536086
9789382536383
9789382536604
9789352767144
9788121234757
9789382536420
9788120816671
9789353242992
9789353242572
9788120816404
9789352767168
9789382536345
9789382025283
9788189934262
9788123711065
9788181469847
9789381394502
9788170282068
9788183602747
9788170247302
9788122204797
9789385609893
9788184950090
9788129109224
9788186921012
9788120827332
9789352763917
9789352763313
9789381620380
9788178982465
9788124604885
9789385360206
9788121207737
9788174360410
9789380853673
9789351790754
9788122308938
9789384225605
9789350179260
9789388070232
9788124605165
9789350179291
9788178834788
9788171641420
9788122306330
9788178832142
9788131715727
9788124600580
9789388070904
9789384225377
9789350335666
9789350333495
9788124605530
9788178834160
9788178831220
9788173862335
9788178830087
9788171676552
9789350179239
9788171675302
9789380496160
9789384119980
9788171679942
9789350179161
9788126707713
9789380496191
9789380496009
9788126713585
9788172862633
9788129505941
9789380494562
9788173862229
9789384225308
9789350333082
9788122304824
9788178834733
9788178832319
9789350460528
9788122306859
9789350336823
9788178833309
9788178834443
9788124604106
9789388241564
9788178833644
9789385285332
9788178834344
9789380349046
9788178833736
9788184003727
9788184005677
9789385288166
9788122311136
9789350401842
9788178834054
9788122300734
9788178834108
9788124606032
9789388211970
9788178833149
9788122311488
9788184303896
9788122310481
9788178832388
9788122307221
9788178832463
9788183743419
9789388304146
9789388183963
9788178832524
9788175363038
9788184300727
9788184303308
9788122311600
9789385231117
9788178832661
9788178834566
9789390625185
9788184301250
9788178832708
9789388241151
9788178061962
9788171513499
9789381448786
9788131949740
9788177691672
9789381406205
9789382536055
9788177690026
9788126907335
9789389598933
9788123704708
9789381448090
9788177562804
9788193935552
9788190702553
9788173291746
9789389577976
9788121208185
9788187812555
9789389577549
9789389577327
9788188018529
9788188018932
9789381384008
9788187392675
9789382536451
9789382536703
9788123758428
9788186880074
9788186895429
9788171011292
9788171016433
9788121206082
9788186939659
9788178060460
9788177869507
9788187138181
9788131903469
9788177865288
9788187313052
9788192328010
9789382607564
9788192219110
9788187326274
9788187326458
9788122501285
9789389577181
9788190620864
9788188322565
9788188965205
9788171300686
9788190054799
9788176464857
9788189059330
9788123726663
9788189261078
9788190017541
9788171207268
9788189999773
9788189988845
9788189497002
9788189973117
9788189535209
9788189574604
9788176467315
9788171201457
9788170280873
9788123716770
9788171198979
9788171301300
9788188951864
9788176240307
9788176463270
9788170286172
9788188575480
9788188575909
9789381523056
9788171308644
9788131905012
9788190216111
9788176460712
9788131905364
9788123740218
9788176461009
9789382300748
9788190205467
9788190193610
9789381588864
9788171303724
9788170283874
9789389143416
9789389152050
9788193934807
9788193968185
9789350178829
9788171421435
9788120345249
9789350171653
9789350171523
9789350170441
9789350170076
9788122312355
9788184823462
9788184824025
9788131529409
9788173046353
9788186771211
9789380816371
9788184955453
9789350026540
9788184957051
9788184957938
9788178355917
9788170219026
9788185002675
9788129523709
9789350171738
9789350172117
9788178359854
9789350172155
9789350178614
9789350178560
9788171510481
9788171429851
9788121225816
9788171427031
9789350176498
9789350175248
9789350175125
9789350174609
9789350173336
9789350173237
9789350173220
9789380739021
9789350172810
9789350172667
9789350172643
9789350172247
9788178359885
9788185002842
9788185044705
9789380834436
9788185990071
9788175972070
9788175972476
9788170797555
9788186098929
9788170798712
9788170798972
9789383052943
9788194954729
9788170001409
9788178221557
9788186265581
9788170842880
9788186470473
9788178220505
9788186569771
9788194113140
9788194110996
9788170942900
9788193969212
9788186098097
9788170793380
9788185047713
9788126910496
9789350022740
9788122313222
9789350021774
9789350021231
9789350021224
9789383331604
9788178280981
9788122313802
9788122314120
9788178835044
9788122314649
9788170740131
9788185883403
9788170740872
9788122315509
9788178234144
9788122315912
9788122316186
9789383110285
9789350462102
9788178830193
9789381904343
9788126433742
9788125037507
9789392820410
9789386589484
9789392820205
9789353245788
9788126436088
9789386560957
9788174506504
9788170116264
9788171814084
9789353332501
9789353490072
9789353490263
9788175083264
9788126429349
9788126439010
9788126429233
9789353490669
9789353492809
9789353495381
9789353497521
9789353576066
9788178980003
9788174507099
9789353763633
9788120819221
9788120807839
9788180064241
9788128818905
9788126419296
9788172761813
9788171783144
9789350576861
9788170592815
9788129118462
9788126477036
9789350469996
9789386906663
9789352231966
9789352210770
9788181464163
9789380188065
9789391019556
9788120814264
9789352201501
9788170113799
9789350500323
9789387022676
9788124802649
9788174505118
9789386001610
9788126477395
9788170461531
9788172763800
9788124802960
9788126477531
9788122200812
9789387103078
9788172762414
9789386054555
9788172762100
9788181469434
9788120816060
9788120809581
9788174508164
9788174349064
9788181432971
9788120820517
9788126403479
9788179501924
9789386410832
9788120806399
9789374956977
9788179506363
9789351280033
9788120822252
9789386410481
9789386410450
9789386410412
9788170118756
9789386410382
9788182880955
9788126702633
9789351283942
9788170520450
9788128812149
9789386316608
9789386316684
9789386316752
9789356638198
9788170118183
9788182650268
9789357940016
9788170118190
9788182650138
9789387462366
9788172454845
9788170521242
9788129105479
9788183220460
9788179929933
9788129109309
9789350643006
9789350643457
9788175053335
9788178983387
9789350643464
9789350680360
9788175052864
9789350680551
9789350680803
9788178984926
9789351287902
9788183280327
9789351287797
9789351287452
9789350683088
9788121804097
9789391968441
9789350689899
9789386228611
9788126704255
9789386228888
9789351285496
9789350725450
9788120825550
9789350727362
9789387383050
9789351284949
9789351284260
9788174825902
9788175051799
9789380188157
9788172761721
9789350831854
9789350467268
9789352769377
9788178839974
9789352761616
9788183619202
9789352769360
9788172313616
9788170111566
9788183619387
9788183619523
9789387809864
9789350465738
9788174369154
9789352769353
9788178835419
9788129502841
9789352760817
9788174369246
9788129300430
9788174361851
9788170112938
9789352760015
9789352769322
9789352769315
9788174361943
9789352761630
9788174369000
9788128838361
9788178838762
9788126466085
9789386867070
9789385609190
9788174363640
9789352763818
9788126465705
9789352820658
9788172238858
9789385609480
9789352825219
9789387889194
9788183610933
9789352825868
9789352772742
9788174362063
9788183613767
9789352826964
9788178836027
9788170111320
9788126442416
9788170110798
9789352666928
9789352763900
9789350467756
9789350467534
9788172249571
9789386680013
9788126452033
9788172764289
9788178835129
9788126453061
9788126476480
9788126464494
9788126475032
9789352663903
9788170110378
9788120835450
9788181431622
9789352665211
9788178835211
9788178690018
9788129109293
9788129109330
9788186230169
9788120351462
9788177582307
9789385606243
9789385609756
9788170020806
9788178691718
9788170285014
9789378313967
9788174362797
9788172238940
9788126412617
9788175970557
9788186004371
9789383441358
9788178223742
9789383413171
9789351287230
9788172452438
9788185559810
9788123709376
9788189235048
9789381041543
9788178223100
9789386867193
9788170799115
9789386473165
9789389203271
9788176610483
9788131910726
9788174356307
9788189144098
9788174902849
9789383098521
9788185102429
9788189235604
9788179923139
9788189235710
9788186098967
9788186098950
9788182520301
9788121603195
9788126417919
9788189297947
9788129103048
9789352766499
9788131503744
9788128814747
9788170661870
9789383202218
9789386410542
9789386410153
9788128814761
9789383202324
9788131900079
9788129504357
9788189535155
9788121508261
9788185843759
9789383222537
9788123717555
9789386410276
9789388753388
9788178236926
9788179825631
9789352769346
9789386410429
9788185378244
9788122314588
9788185626031
9789383260454
9789389373158
9789383202133
9788126464319
9788122313673
9788120807693
9788178230214
9789352766437
9788172054663
9789381841082
9788176496308
9788123710310
9788170520665
9789383331888
9789380854380
9789383110537
9789351280682
9789387409101
9788170244929
9788126405633
9788179916452
9789352766451
9788185944234
9788122315615
9788189975630
9789350005408
9788174361868
9788172055080
9789350930151
9788185891712
9789353040796
9788194969150
9788187496311
9789386667809
9788181467515
9788126477456
9788187570233
9788188643295
9788120815551
9788174504913
9789381523674
9788126724260
9788190972727
9788170102113
9788177588781
9788181467522
9788177691269
9789382348375
9788181468369
9788170114109
9789351791966
9788177214130
9789352866663
9789351791225
9788126440078
9789389563337
9789352866526
9788174505170
9788170462897
9788121503020
9789387169906
9789381448175
9788181334527
9788185102047
9788181462350
9788188273010
9788190551977
9788190551960
9788188118038
9789382419174
9789382419273
9789382419327
9788181436986
9788188043354
9788128830921
9789386667007
9788120310155
9788190627849
9788187879466
9788120815391
9788187879329
9788187838135
9788173290336
9788187812500
9788120814233
9788190627856
9788188575619
9789386667274
9788190690980
9789352202249
9788123706351
9788120815056
9789381520116
9788177695649
9788177695656
9788121506953
9788188273874
9788188951635
9789389890914
9788176125192
9788120352032
9789353576127
9788126422630
9789387276703
9788120819368
9788174507235
9789352763382
9789389471014
9789382909408
9788194154112
9788186685440
9788178063683
9788171300648
9788178220758
9788194407171
9789381087275
9789381087268
9788176932042
9789353901134
9788186264850
9788194818120
9788171300174
9788175975347
9788176932028
9789352763825
9788174506788
9788172230043
9788120810181
9789386560209
9788174505248
9788190193665
9789381316290
9789392820007
9788170100157
9789352761371
9788126723270
9788171096596
9788177867664
9789351529958
9788192512105
9788173294341
9788187138655
9789351528180
9788126427000
9789386560001
9788187075905
9788192570211
9789381592489
9788126466931
9788178061436
9788130930886
9788120817463
9789381607336
9788120808546
9788193182314
9788126428724
9788171012220
9788170302032
9788122314069
9789350022733
9788173041785
9789385609527
9789385609565
9788128805998
9789350335918
9788170585787
9789380078236
9789380078328
9788129512130
9789385609909
9788129501202
9788122311662
9789384419202
9789384439897
9789350333518
9788120830547
9788129500472
9789388304511
9789388304450
9788184372496
9789350466049
9788129141934
9788175100145
9788184303803
9789386191045
9788178830827
9789380658315
9789350467107
9788178830582
9789384225001
9789384119997
9789350335925
9789384119966
9788178833224
9788178983882
9789387629561
9788178832937
9789385252952
9789385252945
9788171429349
9789385252914
9789350641323
9788178981369
9789350178546
9788120336704
9788170306665
9789385252785
9788172937539
9789385252761
9789350178942
9789350336328
9789384119522
9789384119607
9789350335932
9789387889279
9789380076157
9789380076645
9789384119935
9789384119942
9789384119959
9789350180303
9788184302394
9788170119753
9788172762476
9789385986215
9788129119247
9788170592235
9789350330739
9788124602638
9788124602560
9789385031441
9788120795129
9789388211918
9788124802946
9788122304848
9788122201055
9788124201824
9789380188119
9788122203509
9788172866822
9788122307382
9788129115836
9788124601099
9788129115645
9788124307557
9789350485927
9788122306224
9788124310977
9788124311561
9788171641390
9788122305265
9788170006121
9788183520492
9789384625337
9788183857215
9789384625344
9789384625627
9788129519160
9789386108722
9789386108715
9788129137081
9788170119814
9788124013212
9788129137074
9789386105257
9788129135650
9788124017920
9788170119906
9788129110145
9788171678846
9788124603925
9788170591443
9788173861307
9788184152906
9789350467671
9788121231336
9788183821360
9788171676309
9788171675326
9788183520980
9788170307464
9788129110749
9788178984100
9788178839080
9788173805714
9788178834719
9788170521471
9789387944077
9788122311761
9788172051051
9788172051495
9789380828657
9788178835280
9788184959543
9788170206828
9788184821369
9788178835983
9788178834764
9788129105646
9788183220873
9789386316028
9788129503862
9788122300840
9788170521358
9788184735734
9788120823334
9789380823430
9788175052307
9789350174722
9788183631396
9788178834474
9788170118763
9788184954241
9788175050563
9788184953305
9788178834450
9788170600398
9788184950786
9788178835778
9788184950779
9788182991408
9788183006668
9789387944190
9788122312546
9788122312485
9788170118718
9788122312409
9788124606209
9789350171332
9788184955323
9788120334311
9788120805330
9789387464575
9788182650190
9789350683255
9788129504005
9788120839472
9789350464199
9789386348630
9788172053260
9788178989969
9789350461990
9789350462164
9789350336854
9788170601890
9788178833521
9789350686409
9789350680902
9788178987446
9789385609008
9788175414907
9789387464865
9789350022788
9789350173107
9788175052383
9789380349145
9788184665550
9788178835006
9788184489194
9788178060927
9788125037026
9788128823473
9788124606179
9788124606155
9789381620243
9788129114082
9789386869296
9788179920558
9788187075332
9788179926321
9789384119621
9789352766468
9788181464361
9788120302358
9788122301441
9788170287858
9788178835228
9788190605953
9788172764043
9788188575510
9788190627108
9788124607213
9788124603840
9788183870559
9789352766840
9788120813878
9788122300987
9789386906748
9789350403440
9788123720142
9788120810594
9788174361370
9788172311520
9788124801567
9788188280612
9789380496139
9788189833800
9788122304855
9789350463444
9788171202249
9788124606186
9788120835467
9788173861123
9788174360748
9789350464953
9788120842083
9789385273360
9788183740814
9788123709703
9789352765232
9789387894310
9789352762774
9788177211498
9788174368997
9789385609510
9789385609497
9789352825479
9789385609015
9788176465328
9789350464328
9789381607923
9788183630610
9789385252846
9789352824380
9788120811683
9789385252884
9789389203523
9788190116282
9788126448876
9789389463132
9789385609466
9789350336519
9789386867292
9789350336809
9789385269639
9788172314248
9788183745888
9788183746229
9789350356913
9788181336941
9788124604205
9789380496030
9788171308248
9788170245803
9788189982003
9788189485610
9788171203598
9788129141880
9789350463659
9789385285783
9788171204915
9789390815630
9789385829802
9788189999148
9788120812581
9788171304981
9788126449804
9788171304905
9789387944015
9789352760701
9789381620946
9789390815036
9788126467617
9789385721434
9788126464784
9789350333570
9788177214161
9788122310405
9788181464538
9788181930583
9788126418336
9788175053311
9788195306121
9788120830660
9789351287438
9789380743257
9788129109286
9789383098552
9788128808487
9788179922446
9788178223940
9789387578722
9789380927343
9788185990323
9788184805031
9788175052178
9788178230931
9788175053380
9788178222271
9788120823860
9788181930347
9789384119669
9788173420733
9788130902814
9788170306726
9788170306696
9788178220253
9788175053991
9789353763640
9788174507365
9789353767112
9788186470350
9788123705552
9789351481409
9788178691756
9789386222909
9789350642672
9788174141989
9789351284017
9789351280927
9788170583547
9788122314250
9788185336411
9788170495291
9788122313529
9788184958973
9788185301358
9788184959635
9788120723009
9788170520436
9788128812064
9788170521440
9789386316837
9789383437177
9789387464155
9788185137834
9788126718160
9788170521105
9789386348692
9788184956375
9788170493853
9788126408931
9788184955552
9788179918623
9788126405602
9788184822816
9788170530343
9788178234939
9788126401314
9789351280125
9789386410566
9788122312478
9789386410559
9789383744824
9788185843742
9788122314854
9788120724624
9788122314519
9788178270425
9788170007432
9788180304712
9788175053519
9788186895009
9789389690064
9788122310177
9788184050219
9789380592008
9788170115694
9788120722026
9788187352006
9788170594017
9788187332459
9788170307365
9788173044083
9788187332152
9788170119852
9788124013601
9788192304748
9788170590514
9789386108746
9788126435111
9789382536109
9788122310146
9788181468741
9788124802922
9789389074246
9788174351289
9789350485323
9788181467072
9788129521224
9788124201848
9788126477470
9788123750361
9788187460312
9788124802984
9788170592457
9789388241359
9788123701509
9788177690286
9788173030543
9788123750750
9789384625115
9789382579144
9788178060958
9788187075585
9788173043277
9788184481587
9788176212854
9789384273279
9788187100492
9788176212410
9788128801464
9788176212380
9788126427680
9788187075226
9788120808393
9788177869415
9788184409635
9788126426829
9788131754269
9788170584186
9789384419196
9788120321076
9788172053024
9788184822236
9789381620144
9788172051358
9788177545807
9788178222691
9788172053000
9788174363305
9788129135285
9788171102563
9788186336854
9788189265038
9788124607299
9788122504057
9788123710334
9788122307825
9788189886950
9788190719063
9789381438558
9788170308119
9789350465646
9789380557489
9789350643518
9789381523643
9789380283388
9788174507143
9788120310414
9789351288763
9788174362971
9789350850725
9789380188072
9789350723296
9788190035330
9789350465110
9789352702626
9788175441576
9788170307457
9789381269220
9789350027868
9788170592211
9788175050594
9788176464789
9788175050532
9788175050907
9789380049786
9788175051171
9788175082403
9788174505033
9789350465905
9788122200355
9788170790914
9789350336793
9788176212403
9788174355461
9788124603468
9788129100481
9789387169722
9788129113955
9789383098583
9788126477586
9788178223926
9788170103516
9788186098172
9788181465276
9788129124838
9788129135292
9788129139665
9788178231136
9788129145499
9789385609770
9788126706907
9788177214123
9788129100832
9788120813205
9789387944138
9788129504425
9788124606865
9788185378268
9788129506030
9788170112969
9788129508522
9789389152609
9788172156015
9788172761219
9789382419334
9789386186119
9788171398454
9788120819412
9788126415212
9789386458421
9788126411115
9788129103031
9788126407545
9788179916759
9788177699890
9789382607304
9788172054960
9788172450847
9788187392743
9788187498056
9788187671374
9788178084886
9788126420773
9788178220017
9788183280617
9788177566741
9788187570820
9788178980508
9788126429103
9788126430178
9788187671336
9789386222619
9789382460374
9789382277507
9789385609039
9788120724464
9788184959833
9788124200834
9788123720067
9788184955859
9788172233976
9788184152999
9788172243036
9788189652692
9788124601570
9788171671618
9788129517296
9788129517876
9788176490184
9788170110460
9788128837197
9788126465842
9788184821314
9788173031250
9788184958911
9788184820447
9789384699123
9788120737945
9788126450077
9789384346669
9788184306187
9788173031847
9789385273339
9788172938543
9789385273810
9788185053219
9788120352018
9788176484077
9788170588672
9788124600221
9788186336694
9788188000180
9788185301600
9789352704323
9789387383661
9788174361363
9789380592824
9788175300392
9789350643167
9788170585435
9788178984599
9788184671537
9789380069227
9788130904306
9788175052871
9789380027500
9788170594659
9788122310801
9788186921333
9788184621723
9788121512053
9788126557622
9788170520092
9788184670578
9788172450069
9789389836004
9788186852767
9788121804127
9788122306385
9789350729823
9788184671186
9788130904023
9788129107527
9788184672770
9788122200522
9788175080560
9788129109552
9788124605769
9789390378012
9788178837826
9788178233420
9789351286882
9788170790310
9789385492594
9788185674285
9789385252730
9788170602590
9789380864020
9788124606216
9789380359571
9789390815777
9789350020647
9789390815456
9789383458455
9788129524614
9789390366262
9788185137605
9788124605967
9788184829556
9788129502643
9788175544659
9788122304756
9788178221984
9788171826087
9788178222745
9788120783508
9789380349077
9788184673784
9788172763879
9789385998973
9789385998621
9789385998430
9789350466209
9789385998324
9788129117427
9789350321102
9789387698352
9788184821659
9788172862374
9788131901038
9788171677467
9789380227931
9788187100324
9788178690605
9788126443116
9788174361554
9789352760848
9788126425280
9788189818784
9788126442300
9788189818999
9788126464975
9788126442423
9788189975975
9788171306985
9788187570295
9788190372893
9788187560029
9788176499682
9789382419372
9788181462046
9788171306046
9788180460685
9788126449347
9788123728667
9788189973346
9788190241618
9788120312418
9788188643189
9788174142016
9788171304141
9789352201907
9789351288466
9789352765218
9788123722061
9789389225006
9788170249306
9788126418305
9788181930392
9788181466365
9788187916024
9788126426492
9788189818319
9789352668977
9789352760770
9788177211665
9788192304700
9788126439249
9789352760794
9788171303823
9788187572268
9789353902643
9789382607007
9789389203332
9788175961760
9788180617263
9788184302851
9788126929498
9788182940765
9788129107152
9788130927633
9789383359851
9788183742900
9788126466443
9788126443086
9788129510204
9788126443390
9788129510600
9788126415533
9789350336755
9788183741484
9788126474707
9788126473816
9788126467693
9788129508744
9788126467587
9788129509086
9788183740562
9789386871602
9788183741514
9788129510068
9788126442478
9789352829903
9789352828395
9789352827978
9789350337189
9789352827756
9789385273322
9788126466498
9789352824014
9788172862619
9788129511515
9788173025624
9788126464616
9788129521668
9788171571628
9788124020951
9788126450947
9788126463893
9788124020753
9788126451029
9789384668402
9788126463831
9788172312190
9788126451517
9789384668365
9789384668341
9788124019832
9788124019818
9788124019801
9788126453306
9788124008935
9788124000069
9788184303001
9788126452132
9788126714674
9788173028618
9788173023996
9789350334881
9788126464739
9789352823055
9788129511812
9789352822300
9788129517487
9788129517555
9788129517739
9788126448982
9788129519481
9788126449057
9788126449125
9788126441914
9788126449507
9788131720028
9788126449514
9788126449606
9788173808586
9788172865207
9788126465118
9788126464906
9788126464777
9788173021022
9789385114120
9788174361981
9789350404317
9788126475407
9789350460160
9788120824003
9788126418954
9788126419081
9788126420612
9788120824393
9788126420643
9788120824423
9788170119142
9789387578234
9788126420896
9788129107534
9788129109248
9788180311154
9788120334687
9788126422876
9788126423668
9788126424986
9788126434107
9788170585817
9789386222053
9788126434596
9788126434831
9788121505505
9789386560186
9788181901316
9789353900946
9788129507327
9788171510313
9788170117513
9788174141286
9788126410675
9788126410484
9788126409389
9789387398207
9789353906214
9788126406012
9789353903992
9789353903718
9789353903343
9789350930113
9789353903183
9789350909652
9788121600248
9788120806818
9789350902912
9789357940061
9789353901233
9789357940078
9789353901097
9788182521223
9789386316615
9788128026362
9788171820207
9788126435777
9788126436255
9788126477333
9788129148841
9788129501189
9788126441396
9788126476954
9789385609053
9789385609046
9789386618726
9788126476572
9788178837048
9788126441570
9788126418206
9789387944718
9788183640046
9789350463017
9789350462652
9789385488788
9788129504463
9789386680396
9788129505521
9789386680617
9789350460948
9788129506429
9788126477364
9789350466612
9788129142252
9788126439522
9788170589792
9788126438983
9788129111210
9788129111906
9789387169760
9788120833296
9789380154404
9789386025098
9788129113412
9788172151164
9788126439577
9789350466872
9788126440054
9788126477517
9788126440603
9788129119568
9788170113577
9788129137050
9789385909498
9789350467183
9789350467091
9788172152987
9788182880702
9788126452514
9789383053476
9788171304561
9789389143379
9789388597159
9788123707662
9788170602354
9789388550024
9789389225075
9788129524430
9788171303083
9789383717057
9789389225082
9788184951448
9788178220819
9789383727124
9789383756421
9789383756568
9789389225068
9789389225099
9789381751978
9788171304936
9789382934615
9788171306688
9788189535643
9788123729367
9788184820232
9788171309016
9788120730083
9789381140239
9789381140741
9789381140888
9788126728466
9789350023297
9788171302376
9788184673364
9788171301751
9789389445220
9788178232065
9788170792031
9788171300914
9788175970236
9788171207336
9788170795773
9789389463446
9788122314939
9788170796268
9788189004958
9788185674964
9788178223360
9788171301331
9788170664505
9789389225051
9788171302031
9788192301235
9789383053117
9789383052530
9788190146203
9789383413348
9788186230398
9789383413577
9789389225020
9789389225037
9788175975507
9788171302338
9788186250549
9788129524669
9788184673531
9788171300136
9788184671254
9788176128544
9788188446001
9788176123334
9788188370689
9788176125321
9788192597959
9788173291661
9788193698662
9788171202669
9788123701875
9788176127837
9788187075417
9788184670806
9789381187203
9788184670271
9788189818807
9789382757016
9788176129282
9788189818692
9788121205825
9789380708195
9788177563351
9789388343282
9788192825021
9788177566147
9788177868937
9788193117590
9788177868180
9788184671940
9788184672084
9788177865196
9788184672282
9788184672817
9788171203147
9789389671179
9788184672664
9788176046435
9788184672374
9788188000173
9788181462619
9788185984100
9788131904824
9788171423385
9788180614187
9788174361837
9788120807136
9788183281614
9788181472151
9788178223063
9788172310097
9788174369680
9789381592403
9789383359844
9789352040469
9789387477001
9788190372824
9788171089307
9788176211468
9789353900748
9788126422340
9788181901569
9789389463200
9788185986166
9789389463309
9788170111641
9789381406212
9788126442195
9788170117537
9788183280037
9788120832916
9789386222688
9788174505101
9788194118039
9788170119364
9789382909224
9788120825468
9789386222916
9789386222886
9789386222817
9789386222718
9788123706986
9789382300120
9789382300014
9789386062277
9788179480731
9788120816879
9788178884394
9788170521136
9788176126946
9788178220024
9788172454319
9789380108476
9789351115601
9788170116875
9788121205856
9789381140185
9789353902582
9788120800885
9788183743549
9788126465491
9788184821086
9788124302002
9788175264229
9789389393293
9788126463800
9788173806223
9788124108727
9788185102375
9788184026092
9788185301587
9788129509840
9789388747097
9788174361608
9789388343497
9788184673258
9788178839011
9788170306757
9788189818661
9788126449989
9788176473514
9788189973339
9788171200023
9788170308362
9788173629198
9789382146452
9789386850447
9788187159124
9789381607664
9788172317553
9788172317607
9788178980485
9788170305194
9788120814660
9788186318010
9788125015710
9789392834219
9788172242756
9788188569571
9788184673777
9788120733244
9788194015482
9788170101666
9788190572347
9788188583515
9788170004189
9788175052321
9788178092515
9788184822106
9788171172252
9788124603475
9788170004127
9788175732339
9788173029707
9788173029981
9788174762450
9789381283721
9788126715312
9788189757892
9788123791869
9788126415847
9788131949320
9789384344696
9788170008149
9788129102362
9788170008118
9789355211675
9789355211736
9788193359754
9788176210225
9788189818708
9789388369268
9788187671077
9788193607435
9788171200856
9788193607459
9788193607497
9789380741864
9788183881692
9788173862076
9788182745766
9788125931645
9788170007333
9788170087793
9788187782193
9788184673807
9788120612471
9788170006060
9788175080881
9788178236094
9789389471007
9788185636276
9788120604254
9788170111450
9788185301099
9788176502580
9788175963054
9788124605837
9789390366354
9788194739821
9788170006091
9789389225044
9788174369345
9788171817214
9788186230466
9789389982039
9789352666294
9788170006398
9788178234625
9789352664795
9788120720244
9788170004677
9788170795841
9789384225773
9788177690231
9789386410405
9788173620911
9788128808029
9788126541287
9788174365019
9789332550186
9788188452378
9789384007454
9788124013458
9788175811638
9789387194625
9788122200249
9789385998843
9788128839580
9789388343572
9789385998720
9789388343817
9789351041078
9789385998409
9788185301716
9789388343534
9788129129956
9788172361112
9788126405466
9789388343992
9788185832166
9788129521309
9789395406055
9789390815500
9788129513601
9788129508836
9788126475070
9788129519870
9789386222602
9788184821277
9788188575435
9788172863487
9788194398318
9788194356318
9788171677405
9788184673906
9788188575817
9789350336786
9789388343374
9789381607244
9789383660605
9788190276771
9788129517661
9789382536185
9788194897002
9788174781703
9788172235086
9788185321028
9788122309171
9788175053724
9788178231853
9788131503027
9788178694955
9789386768773
9789350493991
9788179912157
9788184825046
9788129102751
9789381506639
9788171206285
9788171209088
9789386458384
9788170116844
9788189999568
9788120322158
9788187075059
9788131755310
9788185288642
9789388292467
9788172866136
9788124200537
9788171201051
9788126518920
9789386857088
9788172054267
9788190250573
9789351483922
9788178980751
9788120335653
9788187526681
9789380070803
9789386458117
9788126412587
9788126416837
9789350466780
9789353901110
9789384007393
9788181902412
9789382607687
9788179929384
9788171202256
9788130931081
9789350469910
9788123740683
9789382909576
9789386222732
9788176500562
9788170461517
9788184959987
9788170586685
9788183280099
9788126450565
9788173290954
9789384007102
9788120823570
9788126436095
9788193733899
9788185250434
9788193733882
9788184671759
9788120328754
9788184671308
9788121922913
9789382809142
9788120328037
9789380936048
9788171012251
9789350930328
9789385998188
9788121508247
9789388343558
9788190796453
9788171198634
9788178092690
9789386450524
9788120712003
9788177695632
9788175052598
9788126403325
9788186737101
9789317040589
9788120819450
9789387629820
9788185944180
9789382348573
9789382300779
9788120829428
9788123762821
9789382300670
9788131714720
9788183520119
9788189491505
9788184673845
9789381620045
9788185102115
9788188018994
9789386222657
9788181901651
9788177908824
9788175082182
9788124109762
9788181902771
9788170593546
9788189906160
9789380069586
9788178983691
9788120820043
9788172241209
9788189574208
9788184822502
9788178988610
9788120351912
9788178980539
9788178982915
9788178984254
9788170116974
9788184620221
9788123776415
9789380708188
9788120720848
9788120315532
9788183221863
9789386667830
9789380905075
9789383202829
9789380739540
9788125914532
9788174362537
9788174506535
9789386362407
9788170530107
9788190627702
9789380905044
9788182540002
9788170211075
9788176210768
9789385031588
9788175300316
9788172234133
9788173620744
9788177691771
9788178983929
9788120307803
9788174370488
9788183220705
9788185063386
9789382607021
9788178690230
9789380069661
9789350468593
9788129103888
9788175735903
9788175976634
9788180060434
9788187671534
9788183535489
9788175154483
9788178240527
9788174360892
9788178080963
9788172054922
9788174361745
9789388247719
9788120333727
9789386410375
9789382607465
9788178730097
9788120329133
9788176810067
9788185053363
9789391258795
9788172080686
9789386410191
9788186004036
9789332540347
9788178234113
9789352761197
9789380397030
9788178690711
9788131207260
9788190904810
9788187671169
9788177691627
9788186336816
9789381087022
9788179914007
9788189999988
9789351791942
9788175736931
9788131521052
9788189235567
9788178983363
9788188353019
9788175082908
9788184614688
9788192012681
9788172149918
9788188713004
9788182560222
9788124307618
9789380070889
9788184822960
9788190435567
9788120343399
9788129116048
9789380743288
9788187107118
9789392834189
9788174370167
9789384119058
9788175081932
9788189491727
9788178984797
9788131702444
9788178988580
9788178983653
9788188661183
9788187570943
9788192635101
9788175081536
9788184825114
9788175080317
9788178060491
9788187155102
9788175080249
9788120714441
9788189497262
9789383095162
9788187288305
9788178984766
9789386410306
9788178834214
9788171426522
9788178833699
9788122203998
9788174366900
9788174361080
9788184823196
9788176494168
9788184081541
9788185944159
9788179923689
9788187111689
9788178983196
9788124307625
9788131705216
9788187570585
9788175081086
9788175082007
9788122204209
9788188146284
9788178980799
9788178980812
9788124307533
9788178980126
9788184821512
9788186230374
9788178983905
9788181901866
9789380942599
9788174362186
9788178980775
9788178980447
9788122308792
9788187570219
9788131767160

9788120201637
9788120302358
9788120305014
9788120305991
9788120307094
9788120307209
9788120307773
9788120307803
9788120309784
9788120310155
9788120310414
9788120310490
9788120312418
9788120314375
9788120315532
9788120320222
9788120320475
9788120321014
9788120321076
9788120321373
9788120322134
9788120322158
9788120322219
9788120324480
9788120324664
9788120327757
9788120328037
9788120328235
9788120328495
9788120328754
9788120329553
9788120331457
9788120333550
9788120334250
9788120334311
9788120334687
9788120335639
9788120336704
9788120336919
9788120339637
9788120340107
9788120340237
9788120340503
9788120341883
9788120342477
9788120342958
9788120343399
9788120343702
9788120343795
9788120343986
9788120344389
9788120344952
9788120345003
9788120346482
9788120347762
9788120348172
9788120348950
9788120349766
9788120349926
9788120350991
9788120351332
9788120351721
9788120351769
9788120351912
9788120352018
9788120352032
9788120352094
9788120352407
9788120353060
9788120353152
9788120400856
9788120405745
9788120406209
9788120408456
9788120602083
9788120602533
9788120603301
9788120603547
9788120607729
9788120608092
9788120712003
9788120713635
9788120714441
9788120716247
9788120716476
9788120717664
9788120718838
9788120720244
9788120720848
9788120721197
9788120722200
9788120723009
9788120723542
9788120723603
9788120724297
9788120724464
9788120724518
9788120724624
9788120727021
9788120727755
9788120728875
9788120732681
9788120737945
9788120744400
9788120758742
9788120768468
9788120777200
9788120798649
9788120800045
9788120804609
9788120806283
9788120806368
9788120808133
9788120811683
9788120814912
9788120816022
9788120816060
9788120819603
9788120829336
9788121000444
9788121000956
9788121002516
9788121002929
9788121003209
9788121003223
9788121003285
9788121003414
9788121003643
9788121003803
9788121003810
9788121003896
9788121003919
9788121004008
9788121004022
9788121100045
9788121100434
9788121100830
9788121101035
9788121101097
9788121101219
9788121101387
9788121101554
9788121101585
9788121101806
9788121101851
9788121102117
9788121102230
9788121102308
9788121102827
9788121102834
9788121103046
9788121103329
9788121103381
9788121103756
9788121103763
9788121103862
9788121104340
9788121104395
9788121104715
9788121104937
9788121105200
9788121105354
9788121105378
9788121105989
9788121106047
9788121106771
9788121106801
9788121106962
9788121107075
9788121107303
9788121107396
9788121108188
9788121108324
9788121108362
9788121108485
9788121108546
9788121108607
9788121108850
9788121108904
9788121108980
9788121109024
9788121109086
9788121109154
9788121109192
9788121109208
9788121109222
9788121109277
9788121109420
9788121109451
9788121109482
9788121109567
9788121109659
9788121109871
9788121109963
9788121110174
9788121500005
9788121500364
9788121500418
9788121500463
9788121500555
9788121500579
9788121501163
9788121501200
9788121501699
9788121501958
9788121502733
9788121502764
9788121502863
9788121503358
9788121504454
9788121504744
9788121504850
9788121505192
9788121505277
9788121505390
9788121505505
9788121505642
9788121505826
9788121506243
9788121506427
9788121506526
9788121506618
9788121506694
9788121507158
9788121507318
9788121507349
9788121507448
9788121507684
9788121507691
9788121507943
9788121508056
9788121508087
9788121508186
9788121508247
9788121508278
9788121508360
9788121508582
9788121508629
9788121508902
9788121508988
9788121509145
9788121509442
9788121509718
9788121510004
9788121510202
9788121510745
9788121510837
9788121510950
9788121511247
9788121511308
9788121511353
9788121511476
9788121511605
9788121511674
9788121511773
9788121511780
9788121511834
9788121511865
9788121512206
9788121512336
9788121512671
9788121512794
9788121513166
9788121513210
9788121600248
9788121606950
9788121613316
9788121614740
9788121703277
9788121801225
9788121801270
9788121801898
9788121803236
9788121901314
9788121903394
9788121906289
9788121906661
9788121907132
9788121918787
9788121921534
9788121922036
9788121922111
9788121922913
9788121925914
9788121926164
9788121927024
9788121933490
9788121942805
9788122004854
9788122006414
9788122007183
9788122007213
9788122007916
9788122007985
9788122007992
9788122102987
9788122127119
9788122200522
9788122203189
9788122203998
9788122204209
9788122204278
9788122204797
9788122308358
9788122308792
9788122310115
9788122404586
9788122405002
9788122407228
9788122407570
9788122407747
9788122408867
9788122410129
9788122411140
9788122412246
9788122413526
9788122414486
9788122414707
9788122415056
9788122415100
9788122415933
9788122418415
9788122418514
9788122418606
9788122420166
9788122425765
9788122427905
9788122433388
9788122433524
9788122433807
9788122434507
9788122435580
9788122436273
9788122436488
9788122436563
9788122436945
9788122438048
9788122438062
9788122438802
9788123000466
9788123009070
9788123011202
9788123012988
9788123019796
9788123704913
9788123706986
9788123708409
9788123718019
9788123719511
9788123721101
9788123722405
9788123722443
9788123722481
9788123722603
9788123722801
9788123722818
9788123727349
9788123728117
9788123728834
9788123729787
9788123733937
9788123735467
9788123736389
9788123742915
9788123743417
9788123744841
9788123746555
9788123748764
9788123749242
9788123749365
9788123751955
9788123754468
9788123755809
9788123757957
9788123758381
9788123760209
9788123761817
9788123762524
9788123764092
9788123764382
9788123765532
9788123766409
9788123766522
9788123768083
9788123769745
9788123770093
9788123770826
9788123771038
9788123771250
9788123771779
9788123771793
9788123773599
9788123773766
9788123773865
9788123773872
9788123776484
9788123778457
9788123779768
9788123779973
9788123781389
9788123781853
9788123781884
9788123787282
9788123792958
9788123906461
9788123913391
9788123916460
9788123917726
9788123919485
9788124100271
9788124100400
9788124100813
9788124100998
9788124101049
9788124101100
9788124101421
9788124101438
9788124101940
9788124102824
9788124103302
9788124103685
9788124103715
9788124103999
9788124104040
9788124105269
9788124105665
9788124106037
9788124106099
9788124106303
9788124106358
9788124106402
9788124107010
9788124107416
9788124107584
9788124107966
9788124108031
9788124108086
9788124108321
9788124108338
9788124108345
9788124108390
9788124108451
9788124108482
9788124108536
9788124108550
9788124108581
9788124108642
9788124108673
9788124109281
9788124109762
9788124112687
9788124114384
9788124114780
9788124200537
9788124200834
9788124202111
9788124301999
9788124302002
9788124304877
9788124307533
9788124307557
9788124307618
9788124307625
9788124310977
9788124311561
9788124314678
9788124601440
9788124604939
9788124609989
9788124801567
9788125010227
9788125015710
9788125016953
9788125017455
9788125020714
9788125025184
9788125025238
9788125030706
9788125031420
9788125032168
9788125035206
9788125037026
9788125042792
9788125042815
9788125045052
9788125045106
9788125046981
9788125049340
9788125050544
9788125051725
9788125055693
9788125062479
9788125914532
9788125916543
9788125931645
9788125933120
9788125952053
9788126008070
9788126018734
9788126021970
9788126025947
9788126026029
9788126048755
9788126052004
9788126149964
9788126401314
9788126402205
9788126402441
9788126411658
9788126420643
9788126422630
9788126425969
9788126427208
9788126436095
9788126442195
9788126449309
9788126449705
9788126464319
9788126465705
9788126467693
9788126508976
9788126509041
9788126512614
9788126514663
9788126515240
9788126515547
9788126516537
9788126517022
9788126518920
9788126524488
9788126524518
9788126525126
9788126527366
9788126528097
9788126532995
9788126533695
9788126535620
9788126536047
9788126536092
9788126538348
9788126544080
9788126546725
9788126548781
9788126552474
9788126552887
9788126552955
9788126553907
9788126557509
9788126562831
9788126700233
9788126717538
9788126718160
9788126929498
9788127240196
9788128021091
9788128400353
9788128801778
9788128804786
9788128808029
9788128808081
9788128808487
9788128809972
9788128811432
9788128811999
9788128812521
9788128812590
9788128815508
9788128818448
9788128823473
9788128823640
9788128824548
9788128826566
9788128829468
9788128831393
9788128834530
9788128836145
9788128836336
9788128837579
9788129101815
9788129102362
9788129102560
9788129103888
9788129105394
9788129105431
9788129105479
9788129107039
9788129107152
9788129107305
9788129108944
9788129110442
9788129113092
9788129113313
9788129113412
9788129114815
9788129114945
9788129115836
9788129117762
9788129117953
9788129136947
9788129300430
9788129302977
9788129303936
9788129500977
9788129503077
9788129509840
9788129521156
9788129524065
9788129524508
9788129702067
9788130200989
9788130201238
9788130201245
9788130201665
9788130201788
9788130202402
9788130202679
9788130202778
9788130904023
9788130905334
9788130908670
9788130912714
9788130922904
9788130927527
9788130927633
9788130929910
9788130930886
9788130931081
9788131100240
9788131100882
9788131101001
9788131101100
9788131200018
9788131200865
9788131207260
9788131208632
9788131211915
9788131214619
9788131219775
9788131234136
9788131244487
9788131256817
9788131300213
9788131304488
9788131304730
9788131305553
9788131313336
9788131313602
9788131500583
9788131501627
9788131503027
9788131503089
9788131503218
9788131503744
9788131503959
9788131505434
9788131517123
9788131518243
9788131521038
9788131521052
9788131523070
9788131525920
9788131529409
9788131532188
9788131600108
9788131600207
9788131600443
9788131600481
9788131600948
9788131601105
9788131601303
9788131601457
9788131602720
9788131602997
9788131603277
9788131603291
9788131603369
9788131603505
9788131603550
9788131604090
9788131604489
9788131604601
9788131604816
9788131604861
9788131605035
9788131605462
9788131605769
9788131606728
9788131606872
9788131607183
9788131607190
9788131608807
9788131608968
9788131609255
9788131609835
9788131611272
9788131611401
9788131611449
9788131611456
9788131611463
9788131611487
9788131611524
9788131611593
9788131611609
9788131611647
9788131611845
9788131611869
9788131612255
9788131702185
9788131702444
9788131703915
9788131705216
9788131714720
9788131716977
9788131720028
9788131720196
9788131723142
9788131724095
9788131727256
9788131731567
9788131755310
9788131756317
9788131763353
9788131767160
9788131774120
9788131774397
9788131790540
9788131801253
9788131805015
9788131805602
9788131805879
9788131805954
9788131900079
9788131901038
9788131901922
9788131903186
9788131912102
9788131940853
9788131940914
9788131944769
9788131949320
9788131961223
9788132105695
9788132107507
9788170001409
9788170001652
9788170001669
9788170001676
9788170002024
9788170003045
9788170003052
9788170003243
9788170003649
9788170003762
9788170004127
9788170004189
9788170004677
9788170020011
9788170020059
9788170020264
9788170020783
9788170020806
9788170060581
9788170086413
9788170087373
9788170087793
9788170089407
9788170101666
9788170110798
9788170116226
9788170116875
9788170117513
9788170117537
9788170118107
9788170119517
9788170121084
9788170121350
9788170171829
9788170172130
9788170172307
9788170172680
9788170172727
9788170172741
9788170172840
9788170172857
9788170172932
9788170173090
9788170173281
9788170173472
9788170173823
9788170173960
9788170174172
9788170182993
9788170184454
9788170184461
9788170184492
9788170184799
9788170184812
9788170185000
9788170185321
9788170186038
9788170187042
9788170187059
9788170187271
9788170187479
9788170187677
9788170188001
9788170188285
9788170189053
9788170190950
9788170194170
9788170194194
9788170194224
9788170194361
9788170194385
9788170194453
9788170194514
9788170194545
9788170194552
9788170194569
9788170194637
9788170194644
9788170194651
9788170194668
9788170194699
9788170194781
9788170194798
9788170194811
9788170194989
9788170195122
9788170195191
9788170195207
9788170195214
9788170195221
9788170195337
9788170195351
9788170195382
9788170195467
9788170195771
9788170195900
9788170196136
9788170197102
9788170207214
9788170211075
9788170211709
9788170211716
9788170214557
9788170217572
9788170217794
9788170218821
9788170218975
9788170218999
9788170219910
9788170220305
9788170220664
9788170221951
9788170223368
9788170223863
9788170224235
9788170225065
9788170228677
9788170228974
9788170233244
9788170236214
9788170236450
9788170238171
9788170241980
9788170242222
9788170242666
9788170243984
9788170244455
9788170244783
9788170244929
9788170245117
9788170245902
9788170246497
9788170246558
9788170248309
9788170248781
9788170249023
9788170249146
9788170249191
9788170249306
9788170249399
9788170249467
9788170249498
9788170249580
9788170249832
9788170249900
9788170262145
9788170262442
9788170262787
9788170262831
9788170263777
9788170263784
9788170285014
9788170300083
9788170300236
9788170300274
9788170300304
9788170300557
9788170300601
9788170300656
9788170300694
9788170300885
9788170300922
9788170301158
9788170301172
9788170301196
9788170301431
9788170301592
9788170301691
9788170301769
9788170301868
9788170301998
9788170302032
9788170302087
9788170302100
9788170302124
9788170302230
9788170302322
9788170302407
9788170302414
9788170302476
9788170302483
9788170302544
9788170302742
9788170302841
9788170302964
9788170303008
9788170303015
9788170303022
9788170303152
9788170303268
9788170303312
9788170303428
9788170303541
9788170303602
9788170303695
9788170303725
9788170303817
9788170304142
9788170304180
9788170304258
9788170304296
9788170304395
9788170304517
9788170304531
9788170304548
9788170304586
9788170304838
9788170304937
9788170304968
9788170305040
9788170305071
9788170305101
9788170305118
9788170305194
9788170305224
9788170305293
9788170305323
9788170305422
9788170305453
9788170305514
9788170305538
9788170305590
9788170305668
9788170305699
9788170305705
9788170305729
9788170305880
9788170305927
9788170306009
9788170306221
9788170306351
9788170306412
9788170306597
9788170306610
9788170306627
9788170306634
9788170306658
9788170306665
9788170306696
9788170306757
9788170306788
9788170306948
9788170306962
9788170307037
9788170307099
9788170307174
9788170307327
9788170307426
9788170307457
9788170307464
9788170307501
9788170307556
9788170307617
9788170307723
9788170307747
9788170307754
9788170307815
9788170307822
9788170307839
9788170307846
9788170307853
9788170307877
9788170307976
9788170308089
9788170308201
9788170308362
9788170308461
9788170308492
9788170308706
9788170308782
9788170308836
9788170309055
9788170309215
9788170309291
9788170309383
9788170309390
9788170332220
9788170334118
9788170334361
9788170334866
9788170335559
9788170335696
9788170337102
9788170337904
9788170338475
9788170338512
9788170338932
9788170339304
9788170339496
9788170340126
9788170340706
9788170350347
9788170350408
9788170350460
9788170350545
9788170350583
9788170350835
9788170350903
9788170350996
9788170351092
9788170351269
9788170351283
9788170351368
9788170351689
9788170351771
9788170351788
9788170351832
9788170351948
9788170352013
9788170352020
9788170352037
9788170352297
9788170352433
9788170352464
9788170352471
9788170352754
9788170352792
9788170352884
9788170352907
9788170352990
9788170353010
9788170353133
9788170353171
9788170353355
9788170353485
9788170353492
9788170353522
9788170354369
9788170354376
9788170354437
9788170354444
9788170354567
9788170354673
9788170354789
9788170354888
9788170355083
9788170355212
9788170355281
9788170355335
9788170355342
9788170355601
9788170355656
9788170355670
9788170355717
9788170355984
9788170356134
9788170356226
9788170356325
9788170356684
9788170356929
9788170357063
9788170357391
9788170357407
9788170357599
9788170357612
9788170357711
9788170357803
9788170357834
9788170357995
9788170358008
9788170358015
9788170358152
9788170358183
9788170358244
9788170358268
9788170358343
9788170358350
9788170358374
9788170358381
9788170358428
9788170358534
9788170358602
9788170358688
9788170358732
9788170359081
9788170359128
9788170359135
9788170359142
9788170359173
9788170359197
9788170359227
9788170359241
9788170367437
9788170369929
9788170391869
9788170392712
9788170432418
9788170460831
9788170461517
9788170462224
9788170490869
9788170491088
9788170491217
9788170491408
9788170492061
9788170492238
9788170492306
9788170492467
9788170492498
9788170492634
9788170492641
9788170492818
9788170492931
9788170492955
9788170493150
9788170493310
9788170493358
9788170493372
9788170493457
9788170493853
9788170493969
9788170494119
9788170494577
9788170494607
9788170495116
9788170495413
9788170521136
9788170521648
9788170530107
9788170552024
9788170580546
9788170581604
9788170581802
9788170581925
9788170582151
9788170582397
9788170582885
9788170583059
9788170583141
9788170583172
9788170583783
9788170583998
9788170584230
9788170584438
9788170584520
9788170585053
9788170585305
9788170586685
9788170586975
9788170588306
9788170588924
9788170591221
9788170592457
9788170593218
9788170593393
9788170594116
9788170600183
9788170600190
9788170601135
9788170601265
9788170602187
9788170620136
9788170621638
9788170621829
9788170623304
9788170660736
9788170662600
9788170740131
9788170740872
9788170772316
9788170790051
9788170790921
9788170795278
9788170797074
9788170798453
9788170799085
9788170800040
9788170800057
9788170800088
9788170800248
9788170801207
9788170801320
9788170801436
9788170801627
9788170801931
9788170804031
9788170804833
9788170804895
9788170810834
9788170811329
9788170811909
9788170812043
9788170812128
9788170812449
9788170812586
9788170812890
9788170813033
9788170813248
9788170813323
9788170813378
9788170813415
9788170813484
9788170813507
9788170813774
9788170813811
9788170813859
9788170814313
9788170815075
9788170815136
9788170815297
9788170815501
9788170815525
9788170816188
9788170816249
9788170820253
9788170820505
9788170820642
9788170820925
9788170821021
9788170821380
9788170821403
9788170841418
9788170841463
9788170841838
9788170842842
9788170842880
9788170866299
9788170941156
9788170942900
9788170943525
9788170943860
9788170998051
9788170998075
9788170998105
9788170998129
9788170998785
9788171010127
9788171010516
9788171010608
9788171011360
9788171011636
9788171012091
9788171012251
9788171012497
9788171012558
9788171012787
9788171012879
9788171015047
9788171020607
9788171020706
9788171020850
9788171021635
9788171082155
9788171085910
9788171088393
9788171090921
9788171093595
9788171094295
9788171094837
9788171096596
9788171096725
9788171097197
9788171099825
9788171099856
9788171102556
9788171103201
9788171104055
9788171104178
9788171104246
9788171104413
9788171105533
9788171105939
9788171106271
9788171106400
9788171106479
9788171106622
9788171160860
9788171161270
9788171162413
9788171162482
9788171162734
9788171163175
9788171163601
9788171164004
9788171165346
9788171192687
9788171196241
9788171198160
9788171198634
9788171198719
9788171199747
9788171201686
9788171203147
9788171203987
9788171204229
9788171204755
9788171206681
9788171207336
9788171208265
9788171208289
9788171208296
9788171209088
9788171230679
9788171301331
9788171303243
9788171307227
9788171307234
9788171309016
9788171320240
9788171321018
9788171322060
9788171322541
9788171323524
9788171327508
9788171327805
9788171328321
9788171339853
9788171393695
9788171393916
9788171394272
9788171395446
9788171395507
9788171395514
9788171395521
9788171396542
9788171396955
9788171397259
9788171397273
9788171397280
9788171397365
9788171397426
9788171397433
9788171397440
9788171397457
9788171397464
9788171397471
9788171397686
9788171397693
9788171397709
9788171397716
9788171397723
9788171397730
9788171397754
9788171397761
9788171397808
9788171397815
9788171397822
9788171397839
9788171397860
9788171398690
9788171398744
9788171398836
9788171398874
9788171398959
9788171399055
9788171399062
9788171399116
9788171399154
9788171399161
9788171399819
9788171399901
9788171399918
9788171420216
9788171421060
9788171421176
9788171421435
9788171422043
9788171422395
9788171422586
9788171423354
9788171424023
9788171424344
9788171424627
9788171425044
9788171425457
9788171425723
9788171426218
9788171426331
9788171426379
9788171427024
9788171427031
9788171427109
9788171427130
9788171427468
9788171427680
9788171427697
9788171427703
9788171427734
9788171428021
9788171428069
9788171428267
9788171428434
9788171428564
9788171429127
9788171429349
9788171429356
9788171429851
9788171510306
9788171511594
9788171512201
9788171547876
9788171566471
9788171567973
9788171569984
9788171640904
9788171641093
9788171641147
9788171641161
9788171641376
9788171641697
9788171641727
9788171641765
9788171641819
9788171649181
9788171671595
9788171671809
9788171673483
9788171675005
9788171676088
9788171676309
9788171676385
9788171676804
9788171677108
9788171677467
9788171680993
9788171691159
9788171691210
9788171691609
9788171692040
9788171692163
9788171692781
9788171693481
9788171695560
9788171696680
9788171771783
9788171780884
9788171795208
9788171798025
9788171814084
9788171817214
9788171820245
9788171820320
9788171820894
9788171820900
9788171820917
9788171821105
9788171821372
9788171821853
9788171824106
9788171824434
9788171825110
9788171826087
9788171828340
9788171831296
9788171880034
9788171880041
9788171880188
9788171880393
9788171880461
9788171880560
9788171880577
9788171880812
9788171880898
9788171880904
9788171880911
9788171880928
9788171881024
9788171881109
9788171881550
9788171881932
9788171882632
9788171883370
9788171883486
9788171883707
9788171883905
9788171883912
9788171884179
9788171884216
9788171884742
9788171886470
9788171887286
9788171888191
9788171921317
9788171921584
9788171970001
9788172015893
9788172050191
9788172050283
9788172050429
9788172050672
9788172050801
9788172050917
9788172050924
9788172050948
9788172050962
9788172051051
9788172051228
9788172051358
9788172051495
9788172052096
9788172052171
9788172052454
9788172052706
9788172052720
9788172053000
9788172053024
9788172053048
9788172053192
9788172053246
9788172053260
9788172053420
9788172053833
9788172053871
9788172053932
9788172054076
9788172054182
9788172054243
9788172054274
9788172054311
9788172054540
9788172054632
9788172054922
9788172055080
9788172055431
9788172055455
9788172056384
9788172080532
9788172080594
9788172080624
9788172081737
9788172081928
9788172082581
9788172084264
9788172110109
9788172110130
9788172110857
9788172110918
9788172110925
9788172111083
9788172111540
9788172111595
9788172112080
9788172112394
9788172113186
9788172113582
9788172140632
9788172141004
9788172142001
9788172144098
9788172145996
9788172146078
9788172146412
9788172149383
9788172149918
9788172149949
9788172150211
9788172151164
9788172152024
9788172152154
9788172156015
9788172230043
9788172232399
9788172234133
9788172237080
9788172237684
9788172240332
9788172241209
9788172242756
9788172244224
9788172245726
9788172245870
9788172247201
9788172247461
9788172249120
9788172249571
9788172310097
9788172310509
9788172311544
9788172311599
9788172312190
9788172312206
9788172312275
9788172312428
9788172312718
9788172312909
9788172312992
9788172313937
9788172314248
9788172315115
9788172316280
9788172317225
9788172317447
9788172317553
9788172317607
9788172318857
9788172319960
9788172330262
9788172330514
9788172331276
9788172331313
9788172331504
9788172332297
9788172332990
9788172333102
9788172333140
9788172333157
9788172333621
9788172333683
9788172334017
9788172334024
9788172334055
9788172335359
9788172336028
9788172336356
9788172336653
9788172336714
9788172337254
9788172337407
9788172337537
9788172337636
9788172337773
9788172337902
9788172338466
9788172338725
9788172338817
9788172344900
9788172450069
9788172450182
9788172450472
9788172452438
9788172453183
9788172453923
9788172454319
9788172454579
9788172454845
9788172455095
9788172521196
9788172541514
9788172610784
9788172611842
9788172612177
9788172612337
9788172612443
9788172612641
9788172612740
9788172613235
9788172700416
9788172730468
9788172731458
9788172731724
9788172736262
9788172738884
9788172760076
9788172760229
9788172761059
9788172761097
9788172761189
9788172761219
9788172761226
9788172761271
9788172761653
9788172762100
9788172762254
9788172762476
9788172762520
9788172762582
9788172762933
9788172763022
9788172763244
9788172764203
9788172764784
9788172862473
9788172863487
9788172930011
9788172932367
9788172933913
9788172936181
9788173029707
9788173029981
9788173030024
9788173030543
9788173030864
9788173031106
9788173031151
9788173031250
9788173031847
9788173031946
9788173042591
9788173043277
9788173044335
9788173044953
9788173046704
9788173047527
9788173051173
9788173051494
9788173051500
9788173051623
9788173051630
9788173051777
9788173052347
9788173052651
9788173053207
9788173053290
9788173053689
9788173053733
9788173055164
9788173055386
9788173055485
9788173055942
9788173056086
9788173056215
9788173056666
9788173070204
9788173142628
9788173191022
9788173191329
9788173193170
9788173194702
9788173199226
9788173200243
9788173200403
9788173200434
9788173200519
9788173200533
9788173290190
9788173290688
9788173290954
9788173291005
9788173291432
9788173291562
9788173291661
9788173292811
9788173292972
9788173293191
9788173293290
9788173294099
9788173294235
9788173420009
9788173420214
9788173420252
9788173420337
9788173420559
9788173420634
9788173420764
9788173420993
9788173421396
9788173421631
9788173421723
9788173421822
9788173421860
9788173421877
9788173421914
9788173421921
9788173431029
9788173431142
9788173431401
9788173431470
9788173431555
9788173431722
9788173431876
9788173431890
9788173620744
9788173620911
9788173625305
9788173629198
9788173629990
9788173667831
9788173713613
9788173715884
9788173716133
9788173719912
9788173800030
9788173801075
9788173802072
9788173802607
9788173802638
9788173802768
9788173803369
9788173803505
9788173804359
9788173804670
9788173804687
9788173804922
9788173805714
9788173806223
9788173806339
9788173806414
9788173807039
9788173807374
9788173807558
9788173807886
9788173807930
9788173807978
9788173808111
9788173808302
9788173808586
9788173808746
9788173809361
9788173809569
9788173809743
9788173809835
9788173814044
9788173815089
9788173816543
9788173863189
9788173870446
9788173913907
9788173914492
9788174210814
9788174341075
9788174341815
9788174349064
9788174350091
9788174350268
9788174350312
9788174350640
9788174350688
9788174351159
9788174351289
9788174351333
9788174351425
9788174351593
9788174351777
9788174351807
9788174351920
9788174352279
9788174352316
9788174352323
9788174352514
9788174352521
9788174352705
9788174352842
9788174352934
9788174352996
9788174353054
9788174353160
9788174353276
9788174353290
9788174353443
9788174353627
9788174353634
9788174353696
9788174353764
9788174353818
9788174353832
9788174353870
9788174354006
9788174354150
9788174354570
9788174354594
9788174354716
9788174354730
9788174355232
9788174355348
9788174355652
9788174355881
9788174355942
9788174356390
9788174357182
9788174357441
9788174357472
9788174360151
9788174360335
9788174360892
9788174360915
9788174361462
9788174361745
9788174361950
9788174362186
9788174362407
9788174362537
9788174362926
9788174363084
9788174363206