9788171698943
9789351251262
9788183421966
9789351246244
9788171698479
9789351250517
9789351250050
9789351249788
9788171698295
9788121510271
9788175413993
9789351951070
9789388540971
9788183303132
9788121299183
9788182747975
9789353249434
9788182813830
9788173420993
9789388332538
9788182900653
9788170352464
9788182902329
9788131603888
9788182904347
9788131603741
9788170352891
9788131603673
9788131603666
9788171922215
9789353242565
9788170353249
9788176114158
9788131604045
9788182746077
9788182208636
9789354656385
9788126907984
9789354655203
9789388248297
9788176125055
9789354421150
9789354390661
9788170351214
9788170351832
9788182471566
9788173420214
9788131604144
9788126908851
9789354228681
9788182741645
9788131604076
9789353242190
9788175970151
9789353240462
9788183301909
9789388434201
9788183300117
9788183300599
9789352702633
9788121296151
9788170358152
9789388540025
9789352607228
9789388409872
9789352296446
9788175417984
9789388540438
9788183302562
9788175417533
9788170002024
9788170412724
9788170357575
9788131602034
9788175967861
9788121268233
9788175963849
9788170354581
9789353240257
9788173431265
9788173431401
9789353168025
9788131602676
9788170355717
9788125052661
9788121268561
9788183245777
9788171884179
9788171884155
9788183245814
9788131602225
9788183246057
9789380156781
9788121213547
9789388162548
9788126713691
9788178800691
9789386682529
9788177221718
9788173055997
9788131607954
9788121107259
9788173040320
9788121107303
9788170194514
9788121108041
9788178801476
9788121108188
9789383838226
9788178802206
9788170195399
9788121108669
9789383784295
9788121109086
9788178802657
9788173041242
9789384402914
9788178800479
9789384649142
9788178796864
9788121102117
9788173055607
9789384721404
9788170188346
9789386682031
9788121102308
9788131608074
9788178797281
9788178800455
9788178797533
9788173042683
9788170189466
9788131608029
9788121103862
9788120812246
9789386682413
9788121105934
9788176633079
9789383692019
9788173012365
9788178843445
9789383202737
9788170223030
9788178836270
9788178842417
9788170223450
9789383045044
9789383045020
9788178843087
9789382993698
9789383221264
9788178844879
9788176467735
9788170224723
9788121206488
9788178846811
9788172762834
9788170082439
9788178846958
9788178805641
9789383252640
9788176503877
9788178804491
9789386768056
9789383684298
9788178803784
9789383684069
9788178803968
9789383649358
9789386768650
9788178804477
9788170220985
9789383284085
9788178804620
9788178804644
9788172930073
9789383285815
9788178804835
9789383285419
9789383284887
9789383284566
9789386655738
9788173043925
9788178847092
9788126713806
9788173049156
9788178245515
9789386173324
9788131608760
9788177544695
9789386071262
9788178271989
9789386556349
9789386556691
9788170172727
9788170173151
9788178312309
9789386044723
9789385998485
9789385995712
9788177543995
9788126720316
9788178330976
9789385995477
9789386200730
9789386206220
9788178243702
9788120819467
9788177559279
9789386463142
9788173051166
9789386439055
9788173050336
9788177562569
9789386439000
9788177568516
9788177557275
9789386554598
9789386283504
9788177699654
9789386262899
9788173049620
9788178083483
9788173049552
9789386548498
9789386554345
9788177543643
9789385995323
9789385926709
9788126715077
9789385161636
9788126715961
9789385161629
9789385161520
9789385161346
9788177541281
9788170186243
9789385161216
9788170186571
9788173046056
9789385161117
9788126728060
9788178795003
9789385144721
9788170187455
9788170187530
9788170113195
9789385000799
9788178510552
9789386611574
9788178352046
9788170182825
9788170175360
9788178353616
9789386611031
9788173047503
9788173047442
9788178353777
9789385909160
9788173047275
9789385593468
9789385254482
9788131608449
9788131608432
9788177543131
9788120835993
9788177543025
9789385302442
9789385302237
9789386611413
9788178847009
9788131607091
9789380156811
9788179755877
9789387696976
9788172337063
9788180141867
9789387698338
9788172336448
9788121219716
9788172336028
9788180315695
9788172335526
9788170304586
9789380752891
9789380752716
9788172333935
9788170305088
9789380752457
9789380752440
9788180616525
9788120801714
9789380731902
9788170303916
9788172337575
9788179940655
9788121213530
9789387590779
9788173200922
9789387671003
9788179757765
9789381162453
9788179757987
9788179758182
9788121213516
9788183561426
9788179923023
9789380935928
9788179759769
9788179860113
9788170303213
9789380873022
9788179860984
9788170303572
9789380852942
9788180691072
9788131609064
9788180691317
9789380261034
9789388162487
9789380336855
9788131605271
9788180698569
9789380298009
9789380261799
9789380261478
9789388162494
9788180699757
9788180697876
9788171412631
9788121241403
9788170309239
9788170309284
9788170309352
9788131605196
9788121242073
9788121243278
9788176222471
9788131605349
9788126466757
9788121226448
9788180693052
9789388020619
9788121225168
9788180694523
9788176224390
9788180694578
9788180694738
9789380663708
9788180695803
9789380565651
9788180695971
9788180696640
9788180696749
9788180696848
9788176223393
9788176223218
9789380578927
9788176223201
9788176297240
9788179755532
9788170225010
9789381226353
9788178848136
9788178848143
9788178848198
9789382420743
9788127242084
9789382420644
9789382420569
9789382420538
9789387436190
9789382420323
9789387472396
9789382420095
9789387472938
9789382420033
9788176463355
9788127269371
9788121208475
9789382396642
9788178849027
9789382420811
9789387409620
9788176464710
9788176465663
9789387195721
9788178847153
9789387214118
9788172762322
9789387214132
9788178847238
9789387266018
9788170225270
9788170225324
9789382460756
9788178847511
9788178847535
9788121206914
9788178847702
9789382563327
9788131607084
9789382536123
9789382471363
9788170228028
9789382396574
9789382396345
9788179503416
9788172681937
9788173200632
9789381484494
9789381484111
9788170288572
9788172613037
9788121211727
9788179254387
9788179507087
9789381843024
9788120803527
9788179508404
9788179652367
9788179750902
9788121212175
9788179751787
9789381234877
9789381234112
9788176373722
9789381843055
9788178849119
9788131606810
9788178849300
9789382332671
9789382281627
9789382264576
9788178849676
9789382186588
9788170233244
9788131606896
9789382059769
9789381843239
9789382007005
9789381991831
9788178886831
9789381887745
9789381887707
9789381868102
9788173200533
9788131606254
9788183561402
9788177557725
9789350024874
9789350023907
9788188965571
9788183761031
9788120351585
9789350002490
9789391139650
9788188827480
9788188826070
9788185141794
9788188808847
9789350021040
9788188808229
9788171691906
9788175246720
9788173811944
9788171416738
9788171104635
9789350024966
9789350025888
9789350026786
9788123741079
9789389204179
9788188683741
9788185211121
9788185211411
9788174456694
9788174456649
9789389188806
9789350026960
9789389347104
9789389347234
9789332703568
9788189005221
9788122411256
9788184984705
9788189131388
9788184994476
9788170803362
9788189110369
9788124604670
9788122408690
9788195280698
9788195285822
9788189110215
9788170800040
9788174673077
9788195602933
9789313195658
9789325968509
9788122404807
9788120351370
9789389347364
9788185054421
9788175246508
9788171691234
9788185061726
9788122402858
9789391125523
9788175246584
9788189005276
9789350027585
9788188569885
9788188569380
9789350481127
9789391642020
9788123747798
9789350500064
9788185495637
9789389110395
9788183703932
9788187644774
9788183703925
9789350501047
9789350501320
9788183703543
9788174455963
9789350501399
9788183703444
9788185586236
9788187644361
9788171693160
9788185604435
9788185616094
9788185616520
9788131101100
9788126919796
9788185616858
9788187644040
9788171416851
9789350501719
9788124606384
9789350483060
9788124606087
9788174456625
9788171325368
9788171692224
9788174456441
9788131934098
9789350142684
9788188287000
9789389110999
9789350146118
9789350173251
9788171322541
9788183741774
9788171417964
9789350183854
9788188266579
9788188237692
9789389110463
9789350257173
9789350259535
9788183705936
9788188082315
9788170593973
9789391490058
9788187981213
9788183705035
9789350401774
9788187902591
9788185381985
9788183704991
9788131256411
9788170810834
9788124604373
9788184570953
9788174876997
9788173913907
9788190006637
9788193035528
9788189988333
9788184572155
9788184572261
9788189973759
9788184572520
9788184030372
9788171020850
9788184572629
9788193312711
9788124115084
9788193319079
9788184572667
9788184572803
9788193459478
9788131900789
9788189886479
9789390495597
9789390544172
9788184573138
9788184573299
9788193610428
9788184573428
9788131609231
9788184571189
9788190007702
9788189866891
9788174873484
9788184486247
9788171104178
9788190974202
9788131104781
9788184484298
9788190789134
9788190757805
9788131609279
9788131104330
9788192054896
9788192093543
9788192093550
9788184542509
9788190638135
9788123916552
9788174875624
9788192484198
9788184552362
9789390113323
9788184115543
9788183561891
9788184553710
9788190475082
9788192624495
9788122431445
9788171192601
9788190131827
9788173912726
9788131105016
9788189131838
9788183870696
9788183870269
9788189564575
9789389719857
9788189485139
9788189473884
9788184577624
9788131247693
9788123781457
9788184577822
9788183772761
9788120349377
9789389605273
9788189469092
9788194421344
9788184577976
9789389563689
9788189449353
9788194556244
9788184578348
9788189233938
9788184578591
9788194726937
9788189233129
9789390678402
9789389563467
9788171690244
9788194873624
9788183870542
9788194085065
9788120346437
9788189729059
9788174791702
9789390625741
9788184575002
9788174791627
9788183875585
9788193766927
9789389915907
9788189833688
9788122418514
9788174791610
9788183874144
9788189833596
9788184575965
9788184575972
9788189833367
9788189798857
9788123714400
9788193845738
9788131105504
9788184576078
9788184576092
9788189729738
9789389832761
9788170990741
9788189729073
9788193998809
9788124601815
9788174455819
9788190995016
9788123755816
9789350533444
9788183700313
9789350533376
9789350533413
9789350532201
9789350533420
9788186190821
9789350532195
9789350533949
9789350533529
9788171414840
9788187317845
9789350533536
9788171414857
9789350533543
9788186771136
9788186771051
9788185822181
9788183701167
9788171414734
9788183701396
9788171693603
9789350533154
9788186208434
9788170556893
9788183701075
9788171395989
9788183564250
9788174451842
9789350536926
9789350533369
9788171693689
9789350530498
9788131600535
9789350534243
9789388937023
9788187057987
9789388937474
9788186937525
9788171396856
9788126919413
9789393768254
9788186782033
9788186782439
9788185952529
9788186937556
9788171399161
9788171694655
9788186030271
9788183566490
9788186050330
9788183569323
9788130717401
9788171415519
9789350531129
9789350534168
9788129503206
9789350531013
9789350530962
9788183563796
9789350533642
9789350534175
9789350533550
9788183614184
9788187317302
9789350534199
9788175411494
9788130717500
9788185822860
9788187317982
9788183702249
9788122006117
9789350562710
9788186562154
9788130717906
9788175364257
9789350532577
9788186562345
9788130906010
9789350562796
9789388892131
9788187498032
9788183702119
9789350532317
9788171413577
9788186791639
9788171414574
9788130908014
9788171414567
9788131609842
9789350515686
9788171693320
9789388937986
9788183701693
9789350532287
9788187392811
9789350530184
9788183562157
9788186700518
9788175411661
9788174455048
9788175248885
9789388859929
9788171416165
9788171414628
9788119014606
9788171413621
9789391950392
9788186700419
9788131100387
9788170557050
9788121505925
9788121507448
9788173049873
9789350257999
9788184541915
9788180612800
9788182746572
9788173048838
9788131253250
9788170334866
9788120347793
9788173052347
9788194925859
9788178246451
9788189766054
9788171884216
9788173045806
9788120327757
9788177694222
9788171569663
9788126917792
9788178847689
9788173200052
9788131608845
9788171398874
9788178848228
9788170225133
9788127267391
9788170227533
9789390620319
9789382420101
9789382420286
9789382420316
9788170127666
9788170226109
9788189765224
9789387330757
9788184573930
9788178847696
9788178245300
9788178271965
9788189738068
9789386200792
9789387472976
9788172731151
9788172731038
9788189729080
9788189630799
9788184576177
9788184573510
9788173048692
9788184574715
9788176465823
9788131609385
9789386102874
9789382420651
9788177544978
9788178848242
9788174791498
9788178847481
9789382420767
9788178848273
9788178270296
9788178848280
9788178847597
9788123714325
9788172761325
9788186791455
9788186791424
9789386186379
9788174791269
9788178246444
9789386200068
9788178847450
9788189630935
9789382420385
9788170225294
9788171398645
9788184574777
9789382420354
9788184576382
9788184576689
9788184576467
9788189729103
9788121101387
9789382396635
9789381839362
9788184552843
9789381604298
9788176373654
9789381698402
9788186732724
9789381763001
9788186771020
9789381763179
9788120804036
9788170281887
9788170281870
9789381774120
9788173916564
9789386418890
9788174357441
9788184554601
9788171560448
9788179100790
9789386283535
9788126705023
9788190115162
9788131104248
9789381991077
9788174871749
9788178886824
9788131606605
9789381574324
9789381506035
9788170228011
9788190717397
9788179753064
9788179752777
9788179752494
9788186701003
9788171105939
9788184503098
9788179750667
9788121212083
9788131104705
9788179652046
9788120045941
9789386439758
9788179506554
9788190617383
9789386439208
9788186732212
9788171564385
9788190658256
9788173051098
9788171411979
9788190638869
9788186732649
9788179104965
9788184552300
9788171413485
9788172681371
9788186470626
9788170248477
9788186771174
9788189886783
9788172702076
9788186318218
9789386223876
9788178847184
9788186265291
9788170228936
9789382281733
9789382281849
9788178849379
9788184572773
9788186771969
9789382337065
9789382337270
9788172700683
9789382396079
9788189886578
9788170228431
9788178849126
9789386223432
9788178849096
9788177550801
9789386554864
9789382396482
9788171197224
9788177545357
9788174867018
9788173200380
9788170229315
9789382281221
9789387537262
9788131606650
9788131103838
9788177701302
9788170247814
9789386235756
9788131606698
9788173200489
9789382059257
9788190004640
9789387578333
9789386235602
9788178881454
9788186413593
9788189983086
9789386235572
9788178849836
9788189973025
9788172701772
9789382186908
9789382206309
9788178849706
9788172701833
9789382206323
9788189934279
9788186318249
9788174090584
9788170224525
9788186208151
9788174456366
9788171415748
9788170185000
9788185218663
9788178801537
9788188569298
9789386611468
9788178801407
9788120812161
9788126917877
9788177213072
9788188452767
9788131607886
9789386611505
9788131102626
9788178801056
9788187317951
9788173040535
9788177541496
9788178801032
9788131103203
9788171395842
9789384172053
9788171395828
9788178540177
9788171323876
9788130717227
9789383838042
9789385254772
9788170194910
9788170194941
9788185176253
9788120815971
9788170207559
9788188683925
9788178802848
9788126709274
9788178802763
9789385494208
9789385494192
9788170183921
9788120835399
9789383784059
9788131103272
9788178802572
9789385450792
9788174454591
9788173030345
9789383793013
9788176761659
9788170113867
9788185952734
9788171418435
9788177000344
9788170194989
9788121000444
9788187358725
9789384402310
9788188769162
9788170113270
9788178797427
9788177421651
9788178792613
9789384649135
9788126925803
9788170188735
9788126728626
9788171416387
9788170113317
9788173044953
9788126714766
9789385160059
9788173044670
9789386682505
9788171328727
9788185616629
9788171394609
9789391759476
9789384898021
9788173043888
9788187498896
9788126713707
9788185689012
9788174455833
9788170187684
9788187606291
9788173043017
9788178797519
9788173045196
9788121100045
9788178800592
9788131102589
9788126715817
9789385161452
9788187966111
9789386611871
9788187886099
9788178800134
9788173041945
9788131102480
9788185425627
9788131611401
9788187879053
9788185771946
9788178798813
9788121103763
9788178692807
9788131100448
9788187671510
9788178797618
9788170189107
9788178797557
9788131610404
9788121103381
9788185495712
9788170183709
9788170217794
9788189564483
9788171242429
9788178844992
9788189211042
9788178844763
9789386906793
9789382974246
9788121205047
9789382993209
9788184661262
9788178843704
9788184823486
9788184825862
9788184830729
9789390971473
9789383182459
9788126917433
9788174330161
9789391047641
9788184959338
9788174452535
9788177543674
9788176482790
9789383098866
9788177543360
9789383110681
9789383166282
9789386871558
9788170224440
9788170103950
9789387080836
9788130910949
9788186208076
9789386556561
9788131608746
9788184577648
9789386050564
9788186208069
9788176466707
9788178846972
9788189471958
9788178846941
9788186791844
9788170224815
9788170173090
9788131609514
9788131610015
9788178846781
9788178846774
9788120833456
9789387195523
9788176467698
9788174766489
9788176467803
9789387195301
9788178846378
9789385005589
9788189110482
9788131103630
9789383684830
9788178804194
9788187036630
9789385909399
9788171397006
9789383316397
9788187036920
9788171419388
9788172930738
9789391139513
9788185094380
9788186019528
9788131608487
9788178353906
9788170220350
9788129523723
9788171396894
9788188934485
9789386611079
9788171419173
9788131607398
9789385724053
9788188893515
9788188836918
9789385721243
9789385719035
9789386768032
9788130931661
9789383285884
9788126718603
9788185054230
9788189011420
9789385995385
9788121201254
9788170222217
9788176485661
9788121201001
9788174452948
9788131609729
9788126719938
9789385995262
9788126933952
9788189110260
9788178805016
9788130717326
9789383284153
9788178804934
9788189059040
9788186142806
9788170174851
9788172865788
9789383285525
9788172867638
9788170221319
9789383285556
9788170175032
9788126707812
9789350562888
9788192624426
9788126903665
9788171884643
9788170354574
9788183705349
9789350305430
9788125063162
9788171692620
9789353240059
9789353229764
9789353222253
9789353220631
9788171885497
9789350402238
9789388409131
9788131602614
9788131602584
9789389110449
9789389110456
9788183153522
9788175966222
9788183150200
9788183744775
9788171692286
9789353243487
9788125916543
9788183743778
9788131603727
9788183150293
9788171888603
9788131603581
9788170353171
9788183151313
9789350180396
9789353242329
9788121267120
9788121268608
9789352876600
9788176221771
9788171692804
9788171693207
9788170357735
9788183301022
9788121295932
9788183301237
9788183702997
9788121296076
9788183301299
9788171880430
9788183301381
9788170358183
9789352701469
9788183301503
9789350502457
9788183301572
9789352707027
9789388478342
9788183703383
9788175961081
9789350500095
9788170593218
9788170356134
9789352872947
9788125054580
9788171692965
9789352870783
9789350501665
9789352861521
9789352837373
9788175511521
9789352833962
9788183249331
9789388415026
9788183745062
9788176014489
9789353244071
9789389136760
9788170003540
9789322008680
9788182050020
9788122405118
9789355945365
9789389347975
9789327234787
9788173816413
9789355944962
9789355941510
9788171691326
9789327282030
9789332700970
9788175246591
9788121265010
9788124605240
9788122407693
9788181891532
9788195171873
9788183763554
9788176221634
9788172112394
9788170802563
9788172111625
9788171690602
9788181582867
9788124605219
9788176221481
9788181582966
9788176221153
9788171690718
9788171690787
9788176220958
9789389347319
9789332701823
9788170742593
9788183760119
9788182746633
9788171692057
9788182746817
9789388327510
9788176113915
9789350026892
9788126909582
9788182744042
9789353503352
9788129510990
9788173421396
9789388332781
9788120352209
9789388332897
9789353887568
9788182743595
9789354655609
9789389211184
9788170350866
9789332704268
9788173814136
9788182054943
9789354420726
9788126051137
9789389211160
9788182743564
9789388292672
9788182470859
9788182470934
9789350021217
9788131609132
9789354390326
9788183301640
9788170591139
9789350502808
9789351253006
9789351250975
9789351250913
9789351250708
9789351250685
9789351248743
9789350533604
9789388789226
9789388789240
9789350533895
9788183423267
9789350533918
9788171696017
9789350533925
9788121511865
9788121511964
9788126920891
9788183421874
9788183421850
9788183564830
9789350532249
9788171695089
9788173716904
9788183391429
9788171695164
9789351252764
9788125007814
9789351251101
9789351252535
9789350532591
9788120417571
9788183564489
9789350532645
9788120602182
9789350534069
9788171696109
9788124611142
9789350568088
9788124609637
9788121906289
9789350562468
9788121907934
9788183560580
9789350585030
9789388859448
9788121905190
9789350565247
9788183561006
9789350563977
9788183561280
9789388859196
9789350563083
9788170553465
9789350537602
9788171697847
9788121512794
9789350981818
9788170495260
9789350981566
9788124608777
9789350534236
9788171697526
9789350534267
9788170554424
9788183424776
9789388859097
9788121513203
9788183560085
9789350902615
9789350839454
9788175362680
9789351281863
9788175418455
9789351284277
9789352022861
9788183701488
9788183701204
9789350530443
9789350530450
9788126912230
9788173714764
9789350530634
9789350530641
9789350530658
9788183303392
9788171693795
9789351711254
9788183303446
9789350530740
9788183303088
9789350530344
9788173713613
9788183702270
9788183702416
9788131601501
9789352535309
9788121296748
9789352500611
9788183302173
9788183302487
9788183701822
9788183302548
9788183302555
9788183702102
9789350530078
9788121298070
9789352201303
9788120353305
9788170463412
9788170490821
9789351429173
9788173716133
9789350531631
9788183304894
9788170492368
9788175415041
9788121939928
9788175333444
9788121506441
9788175333581
9788124608067
9788183565820
9789388937443
9788170492887
9788125028215
9789351481539
9789350531495
9789350530887
9788171694037
9788183615211
9788171788743
9788183303552
9788183613637
9788183303576
9788183303583
9789388691512
9788171694440
9788170491705
9788131600276
9789350531167
9789350531372
9789350531471
9788183304641
9789389381207
9788182200937
9788131259658
9788193589908
9788122421668
9789380752211
9788174878045
9788180619144
9788174878175
9789380752075
9788193607466
9789380752433
9788172332297
9789380748610
9789380748481
9789380748412
9788193622223
9789380731773
9788170305156
9788124117156
9788121230926
9788170304487
9788170005582
9788171020874
9789380823584
9788180318313
9788193299289
9789380772004
9788126509133
9788174877918
9788193392409
9789390095384
9788170304937
9788170304968
9788122422900
9788180522147
9789380731766
9788131105054
9788131609101
9789388022101
9788180695254
9788193845721
9788183873826
9788173292064
9788180695384
9789380651224
9788170307013
9788180692154
9789389915846
9788121228848
9789380625348
9788170994817
9789380618197
9788131605448
9788183874021
9789380663555
9788183874595
9788183874854
9788180694561
9788170998648
9789389987324
9788170306221
9788131105191
9788180693243
9788180693083
9789380731667
9789380731681
9788131105078
9788170305972
9788180692512
9788170999324
9788171569564
9789380829845
9788176257268
9788179758571
9788170301745
9789390366859
9788174875402
9788123913933
9788192473154
9789381138328
9788171092048
9788179759950
9789381136003
9788179759110
9788173200984
9788131605905
9788170302599
9788170302773
9788179757734
9788192072203
9789381212110
9788179757109
9789387648944
9788174874801
9789387648043
9788191085129
9788179756386
9788179756362
9788126903788
9788126903771
9788171103492
9788184484830
9788179755730
9788179755259
9789387590762
9788192664828
9788122433647
9788184030440
9788184050707
9788121214940
9788170303831
9788126529452
9788120346130
9789380852430
9788184110012
9788193054840
9789380873695
9788170304036
9788120802124
9788126904488
9789380852188
9788172336547
9789387863040
9789390095483
9789380852928
9789390095728
9788124108031
9788179918098
9788179918036
9788184112047
9788124106303
9788121214254
9788179860892
9789380873008
9788176258487
9788192769400
9788192757018
9788179860670
9789380873398
9788122431261
9789389915358
9788183876803
9788170308904
9788180698736
9788183764056
9788122415131
9788131605240
9788183823135
9788170332626
9789389665741
9788183763998
9788131253298
9788121236461
9788194201816
9788170308263
9788194849070
9789380428406
9788183763950
9788180698101
9788194116257
9788170812449
9788181500694
9788174879509
9788183764087
9788183773010
9788170004783
9788194849056
9788176222303
9788194688488
9788183764483
9789380206974
9788181290533
9788183764452
9788183764445
9788170814320
9788170820253
9788180901140
9788121231701
9788180699924
9788181431288
9788170308799
9788176222372
9788172155261
9788180699054
9788170813774
9788180698842
9788181500953
9789380386508
9788181290441
9788131605288
9788193945018
9788183763721
9788183763622
9788121231848
9788183871037
9788183872027
9789380534213
9788181522184
9788183763868
9788183871709
9789389389272
9789388028790
9789380578002
9789380070995
9788131219430
9789380076775
9788183763738
9788183763875
9788181520623
9788183763783
9789380028989
9788186318379
9788126918751
9788184541861
9788174367303
9788173044700
9788124603772
9788125030430
9788120345126
9788131600108
9789384857363
9789351480150
9788173047787
9788189640910
9788186318195
9788178693958
9788120341784
9789388497671
9789351480341
9788124608197
9788170173762
9788185040424
9788170492931
9788185040219
9789386618191
9788121921954
9788173047114
9788120348332
9788171883356
9788120336117
9788120342477
9788173043178
9789350251621
9788170492498
9788121927475
9788180903007
9789386845573
9789388859134
9789388937092
9788176480192
9789388937115
9789391139025
9789391125516
9788176488921
9788177557558
9788176258166
9789387067622
9789386530103
9788174450159
9788175230033
9788175246560
9789391123024
9788174871183
9789390384853
9789387587601
9788176460910
9789386556042
9789388173841
9789390678549
9788174873699
9788174875044
9789387671256
9789387671232
9789386771964
9789388859882
9788177557541
9788126914524
9788120611108
9788175411258
9788126919420
9789388789844
9789391123321
9789389381078
9789390213740
9788176486941
9789388859059
9788176481496
9789387671263
9788175414914
9789388789431
9788175410510
9789387587274
9789387671294
9789386910004
9789390104079
9788175411043
9788176460347
9788174876492
9788176485036
9788126912377
9788175414068
9789386835574
9789387651975
9788174364296
9789387671287
9789388859899
9789391123604
9789387587670
9789386556134
9789390425143
9789387297784
9789388937177
9789389742404
9789387436701
9788176465816
9788175247314
9789390035632
9788174791177
9789391818128
9788174792174
9788177540666
9789388332972
9788174455802
9789386682734
9789390620197
9788176252959
9788175418516
9788174455680
9788120321458
9788176483490
9789388008976
9789388332583
9788120344051
9789391950934
9789391982089
9788174791139
9789389176704
9788175510548
9789387281790
9788174456380
9788176464000
9789390652570
9789387324305
9788174879370
9789388409315
9789387297739
9789386682215
9788126917952
9788120812185
9789388022309
9789391685065
9789387409941
9788176465502
9789388020770
9789388020695
9788176222877
9788120352292
9789388409650
9788175511385
9788176224437
9789387436053
9788176464536
9789388982474
9788174456373
9789389184044
9789388540407
9788175102064
9789389211771
9789393674173
9789388691413
9788174454638
9789387889521
9789390434046
9788176256933
9788176461115
9789393674319
9788176466936
9788174456953
9788120400856
9788175415317
9789392130076
9789386768209
9789394023093
9788174874023
9789390425839
9789389211788
9789390425259
9788175415027
9789394023277
9788174453822
9788175332744
9788174790378
9788174454980
9789387894228
9788126914241
9789389211153
9789388008112
9788174879691
9788120346390
9788176255691
9789391214180
9788175248953
9789388937962
9788176673594
9788175416864
9789388332507
9788176463232
9789387496699
9789388332064
9788175246768
9789388575010
9788174877802
9788176461795
9788120805866
9788177541656
9788126909025
9788177542004
9788174456724
9789387894501
9788176461023
9788186660058
9789386478009
9788183760164
9789350024430
9789350022979
9789350020364
9789350008386
9789350004579
9788183760782
9789350002018
9788183760997
9789350001059
9789332703827
9788183761352
9789332701687
9788183762076
9789327271584
9788183762298
9789350025116
9788183760157
9789327241051
9789350026915
9789350502501
9789350501597
9788183703888
9789350500279
9788183704373
9788122310894
9789350251638
9788183742689
9789350142585
9788183743150
9789350131381
9789350096703
9788183746366
9788183760010
9789350027578
9789327256598
9788183762410
9789386473363
9788183822404
9788194186687
9788194186649
9788194116486
9788183870740
9788124601891
9788193889749
9788183872522
9788183872881
9788193859117
9788193845769
9788183875196
9788183875684
9788193707081
9788124119501
9788193630228
9788183823203
9788183772518
9789327217957
9788194293767
9789327216264
9788195635405
9788122407976
9788195290444
9788195076000
9788183763561
9788183763851
9788183763905
9788194867838
9788183763967
9788183764124
9788194784401
9788194688471
9788122413861
9788194300908
9789350530023
9789350530115
9788183701884
9788183304887
9788183306003
9788125024736
9788183421782
9788183421805
9789351251255
9789351251040
9789351247685
9788121510769
9789351246763
9788121510981
9789351246190
9788121511438
9788124610633
9789350981474
9788183424165
9789351481195
9788183304870
9789350530429
9788183304849
9788183302654
9788121298131
9789352081837
9789352075980
9788183303149
9788183303187
9788183303217
9788183303255
9789351869979
9789351711421
9788183303408
9788183303460
9789351710226
9788121505352
9788183304566
9788124610336
9788121512923
9788121513081
9789350728864
9789350531938
9789350531921
9788183565790
9789350531877
9788124608098
9789350531815
9788183566049
9789350531747
9789350531617
9789350531594
9789350531532
9789350531396
9789350531273
9789350530801
9789350530788
9789350532119
9789350532218
9789350532294
9789350534076
9789350565315
9789350563687
9788124609163
9789350561256
9789350534212
9789350534106
9789350533871
9789350532416
9789350533123
9789350533000
9789350532928
9789350532911
9789350532850
9789350532621
9788183876902
9788122419887
9788183877480
9788188315086
9788185305196
9788185402963
9788187879459
9788185445663
9788185445830
9788187649373
9788187644866
9788187644415
9788187644286
9788187606895
9788187606840
9788185733715
9788187606420
9788187603054
9788187586166
9788185244778
9788188432066
9788185094335
9788188458356
9788188836451
9788188827596
9788188827398
9788188827015
9788185170374
9788185179131
9788185211510
9788188643615
9788188629466
9788188629084
9788185218014
9788185218137
9788185218809
9788185218861
9788188458813
9788185753386
9788185753669
9788187498704
9788185771281
9788186190739
9788186882245
9788186208038
9788186880456
9788186880005
9788186208045
9788186863237
9788186208601
9788186771976
9788186771921
9788186318805
9788186535387
9788186732670
9788186732182
9788186702895
9788186177129
9788186921463
9788187036531
9788187317616
9788185771427
9788185771809
9788185771854
9788187498568
9788187392835
9788187317760
9788187288022
9788186117255
9788187134039
9788185972121
9788186019153
9788186019511
9788187036937
9788187036609
9788189005405
9788189005894
9788183877503
9788191085198
9788191008517
9788190724685
9788184541748
9788190551731
9788190475051
9788190208628
9788184570663
9788184570991
9788184571363
9788190002677
9788190002608
9788189986070
9788189915797
9788189914516
9788189886400
9788191014129
9788184450996
9788189011291
9788192170404
9788183877527
9788193451939
9788183877756
9788124115596
9788184110296
9788184110302
9788193031483
9788124108093
9788124108086
9788192702124
9788122432725
9788184202854
9788192251813
9788192208930
9788184404791
9788184573114
9788184573329
9788184573596
9788184574395
9788184577983
9788189233181
9788184578607
9788189233105
9788184620849
9788189131807
9788189131692
9788189131647
9788189131593
9788185002132
9788185002941
9788189110253
9788189013165
9788189011833
9788185046655
9788189471613
9788189471798
9788189473815
9788184574999
9788189866228
9788184574548
9788184574647
9788184574678
9788184574708
9788184574869
9788184575415
9788189605216
9788184575545
9788184575958
9788189765019
9788189630959
9788123781907
9788189630423
9788183302616
9789352292479
9789352294978
9789382974062
9788178845500
9788178845555
9789382885092
9788178846194
9789382885078
9788178846392
9788178846422
9788178846521
9789382885023
9788178846682
9789382711698
9789382630906
9788178846828
9788178846880
9788178847085
9789382885177
9789382974307
9788178803623
9789383098095
9789383684311
9789383649013
9788178804323
9789383316724
9788178804927
9788178804996
9789383271764
9789383252589
9788121201056
9789383252282
9789383247097
9788178806334
9788121201476
9789383166152
9788121202121
9788178847146
9789382629306
9789382629252
9789382629221
9788178848686
9788178848716
9789382420330
9789382420187
9789382420064
9789382420040
9789382398820
9789382398080
9788178849140
9788178849164
9788178849362
9789382300809
9789382281450
9788121208925
9788178849645
9788178848662
9789382420507
9789382420583
9789382629023
9789382629214
9789382629191
9789382629108
9789382629092
9789382629078
9789382629030
9789382609988
9789382420606
9789382536222
9789382460732
9788178847962
9788121208062
9788178848037
9789382420699
9788178803678
9789383684359
9789382186861
9788120832862
9789385995590
9789385995439
9788178350707
9789385995392
9788178353654
9788126717576
9789385496196
9788178356730
9788120839724
9788120839793
9788178357348
9788178359403
9788121003186
9788178359755
9788178510064
9788178312866
9788178312156
9788126708864
9788178311777
9788177560756
9789386397201
9789386283542
9788178242132
9788178242729
9789386223616
9789386223067
9789386200945
9789386200938
9789386200839
9789386200679
9789386200433
9789386102768
9789386071392
9788178292199
9788121003223
9789385161674
9788178510521
9788178540641
9788178800165
9788178800394
9788178800622
9788178800769
9788178800776
9789384168636
9789384053123
9789383864034
9788178801353
9789383838127
9788178801988
9789383811021
9789383793051
9788121108607
9788178802923
9788121105378
9788178797915
9788178797878
9789385055904
9789385161421
9788121003896
9788126714780
9788178793573
9789385160318
9788178795096
9789385055782
9788126713325
9789385055706
9788121101769
9788178796857
9788178797021
9789384699444
9788178797267
9789382246299
9789382076612
9789352296002
9788182040458
9789355180872
9788182054479
9789354613142
9788182054615
9788182054677
9789354390647
9789354390524
9788182471849
9788182473379
9788182473423
9789354390135
9788182745926
9789353870447
9789353870096
9789353577063
9789355188922
9788182040441
9789380188195
9789374735572
9788181432155
9789380156347
9789380138855
9789380108292
9789380076799
9789380076447
9789380066721
9789380031286
9789380026503
9788181580436
9789380009872
9789380009315
9788181715784
9789378313462
9788181890627
9788182747715
9788182747838
9788182748187
9789353249410
9789352872626
9789352837359
9788183248181
9789352837236
9788183249232
9789352820078
9789352770083
9789352762750
9788183300568
9788121295758
9788183301428
9789352701186
9788183301817
9789352660896
9788183302197
9788183246514
9788183245463
9788183244626
9788182902541
9789353246372
9789353246167
9788182881020
9789353245924
9788126010233
9789353245832
9788182904057
9788183242431
9789353242893
9788183153010
9788183153423
9788125907091
9789353240448
9789353240233
9788181432032
9788181285157
9789382042976
9788179756287
9788179756584
9789381212578
9789381212257
9788179757680
9788179758236
9788179758953
9788126700073
9789380935911
9789380935904
9788121214179
9789380873282
9789380873152
9788179860847
9788121214735
9789380852379
9788179756560
9788179756218
9788180699252
9788126702039
9789381887172
9788179100219
9789381868034
9789381843048
9789381763216
9789381617236
9789381608616
9788121211444
9788179105061
9788121211697
9789381406519
9788121211918
9788179753996
9788179754771
9788121212496
9788121218146
9789380852294
9788121219464
9788180311161
9789380702070
9788180695377
9788180695568
9788180696831
9788180696855
9788180697029
9788180697098
9788180697654
9788121233224
9789380534367
9789380472836
9788180697890
9789380472805
9789380472799
9788180698743
9788121225762
9788180694547
9788180694448
9788121221535
9788180312649
9788180314155
9789380820903
9788180430183
9789380752907
9788180520051
9789380748771
9788180693250
9788180690099
9789380748740
9789380748146
9788121225007
9788180691294
9788180691348
9788189131821
9788131609880
9788170114000
9788170334545
9788171884490
9788171883912
9788130703831
9788173048548
9788171417520
9788171417490
9788171417469
9788171883349
9788174350091
9788170221869
9788172700904
9788130704210
9788170300557
9788170300601
9788170300694
9788171012381
9788171416721
9788171695249
9788171416400
9788170306948
9788170594239
9788170594345
9788170594369
9788171416394
9788172701796
9788171693894
9788171884742
9788171104932
9788170334941
9788170225683
9788170801252
9788170552659
9788126924714
9788170336495
9788171693146
9788173055263
9788171693177
9788171395736
9788171419357
9788170184607
9788172610982
9788171396030
9788170225515
9788171103263
9788171103157
9788171418725
9788171396405
9788171396474
9788170183860
9788171021826
9788170300298
9788130701080
9788171885480
9788126927739
9788130914220
9788173045455
9788173045110
9788170180159
9788171413966
9788172936181
9788172762209
9788170664864
9788171698042
9788170665472
9788172930769
9788171698486
9788170690092
9788131245798
9788172930011
9788172867836
9788170302131
9788170302216
9788131608944
9788129113092
9788170813378
9788131256022
9788131608982
9788171699971
9788131608975
9788171785896
9788170804895
9788171413461
9788170005971
9788171697915
9788171697823
9788171697786
9788173040962
9788127267469
9788130717234
9788131105047
9788173043253
9788170999034
9788170305538
9788171399895
9788130717258
9788173042294
9788131609149
9788171696369
9788171696543
9788171789320
9788131105214
9788171799893
9788131105245
9788131609125
9788171415274
9788170006312
9788170995159
9788171414789
9788171697571
9788171697731
9788170303930
9788171419821
9788129507693
9788170337584
9788170111184
9788131103579
9788131102688
9788171242931
9788170352792
9788171690350
9788172234164
9788171690404
9788171568642
9788170188377
9788170186274
9788170352365
9788126921188
9788170227328
9788170492672
9788170230571
9788172330743
9788173914966
9788131606773
9788171567331
9788171567096
9788173420917
9788171203406
9788171566600
9788172055530
9788171565719
9788131604106
9788170353195
9788173711251
9788170186311
9788172158798
9788174355447
9788170187318
9788131103289
9788172152024
9788170187394
9788170187592
9788170113058
9788170187769
9788170187790
9788171320080
9788131608128
9788131610886
9788172155742
9788131608111
9788170228141
9788126920228
9788170188148
9788170359210
9788170359241
9788131760253
9788171690091
9788131762264
9788131601372
9788173912122
9788171247394
9788131607480
9788131606681
9788170351269
9788170281672
9788131600993
9788171195831
9788129519856
9788173913884
9788170494850
9788171692040
9788171191994
9788170495062
9788131100585
9788173919886
9788173200014
9788173194702
9788131610992
9788170339250
9788171162734
9788170225935
9788173158735
9788131100240
9788170338468
9788170195122
9788171692491
9788171106400
9788172361471
9788171692712
9788170007531
9788128823978
9788170021049
9788131608333
9788172333768
9788131606636
9788131604182
9788171691005
9788170493198
9788126919505
9788131608296
9788170350514
9788172332280
9788172333157
9788171199747
9788173293344
9788130902524
9788171328529
9788171393114
9788131100981
9788171328512
9788170281436
9788170350347
9788171691470
9788173048388
9789389034301
9789350259894
9788185040332
9788188043675
9788192512198
9788193683941
9788122438802
9789385509285
9788188452934
9788171513727
9789351522034
9788184489781
9788173716201
9788126918577
9788194802808
9788125064237
9788186791325
9789382059080
9788188452842
9788170174271
9788179913987
9789389587517
9788173710902
9788171691432
9788182054547
9788129516671
9788182747692
9788182747043
9789386349828
9788171690992
9789386392640
9789386385048
9788183762342
9789386342133
9788183762403
9788171691029
9788126026715
9788171787531
9789386300300
9788183760683
9788182901452
9788172050924
9788170184874
9789385223860
9788131608364
9788182749245
9788171692255
9788183760737
9788124605585
9788170185581
9788129511829
9788126021710
9788170185598
9788183761192
9788171691531
9788171691494
9789385161544
9788171690589
9789385161445
9788183821414
9788181521996
9788124604328
9789386556608
9788183764148
9788183764223
9788170186588
9788183772129
9789385160769
9789386439130
9788120816923
9789386600479
9788183822855
9788183822916
9788183823067
9788183823296
9788181500151
9788170186281
9788171690367
9788171690459
9789386556363
9788170186076
9788183740678
9788183763653
9789386439161
9789386439796
9789386450449
9789386463005
9788121003810
9788171690497
9789386463098
9788170117407
9788181715647
9788121003919
9788181583260
9789386554895
9788171692484
9788183704403
9788183705004
9788183302456
9788183302883
9788131608531
9788183302609
9788171696079
9788183563932
9788183302494
9788171695645
9788183302135
9788183561099
9788183302104
9788171854127
9788183301480
9788171695263
9788183300957
9788183564939
9788183300636
9788171696352
9788183560641
9788183566186
9788183303729
9789386054746
9788131608739
9788183304153
9788170173427
9788171788361
9788170173465
9788183421812
9788171698547
9788183560474
9788183303613
9788183303590
9789386110787
9788124611586
9788124610343
9788183303231
9788181478535
9788170182641
9788183567329
9788171692705
9789386262950
9788171693702
9788183151849
9788124607176
9788120835979
9788183701563
9788170184515
9788125915768
9788171693337
9789386235657
9788183702935
9788129104533
9788171693061
9788125919070
9788183704144
9789386283573
9788183304900
9788170184010
9788129504067
9788183285254
9789385609640
9788183285230
9789386223296
9788171694631
9789385854590
9788183249584
9788183247788
9789385719448
9788129503077
9789385493898
9789385494277
9789385494215
9788170183747
9788183242318
9788125062936
9789385494161
9788125063469
9788171697168
9789387214859
9789386611291
9789389195644
9789388937900
9788177694017
9788126927210
9789389012026
9789389012279
9788173051432
9789389110210
9788177543827
9788177543391
9788177541663
9788126926121
9788177541298
9788126925179
9789389188820
9789389341379
9789386618245
9788120351523
9788176481601
9789389347142
9789389347463
9788120351455
9788120351417
9788173155994
9789389347951
9788176467209
9789389396218
9788176465571
9788176465526
9788120349681
9788176462655
9789388937450
9789388937320
9789388937238
9789388937139
9788126714667
9788178794952
9788170002871
9788178510590
9788178510316
9788120737198
9789388409636
9789388409667
9789388415057
9789388434317
9788178357331
9788178357270
9789388540414
9788173046919
9788178355887
9788178353661
9789388691048
9789388691185
9788178312668
9788126720781
9789388753463
9788178270654
9788178270494
9788178246505
9788178245447
9788178245362
9789388859837
9788120413245
9789388937108
9789389484717
9788176462211
9788173200342
9788175962811
9789390095360
9788126910625
9788126910717
9788175511583
9789390095407
9789390095490
9788175510487
9788175418059
9788175416079
9788173715884
9788175415423
9788173718274
9789390620012
9788131609361
9789390620364
9788175411531
9789390620388
9789390620463
9788175365131
9789390625369
9788175362994
9788173802607
9788175248915
9788175247673
9788175247666
9788175247468
9788175247284
9788175247277
9788175247208
9789390095162
9788173431029
9788176460989
9788173421914
9788173200502
9788176460064
9788176372886
9788176258944
9788176258326
9788173201684
9788126904822
9788176253161
9789389563894
9788176224956
9789389577815
9788176224352
9788176222129
9788176221375
9789389657005
9788176220774
9788173294235
9788176220583
9789389742527
9789389776386
9788176126458
9788176120517
9788126908417
9788176114097
9788173421013
9788173421631
9789389965414
9789389982435
9789389997408
9788178796789
9788178797441
9788178797465
9788172334017
9788180430565
9789387195493
9788180314629
9788170071761
9788180313455
9788131608869
9788172337636
9788179940853
9788179928790
9788179860755
9788172338596
9788172338671
9788172361181
9788179757659
9788131608876
9788179756744
9788172541514
9788179755280
9788126702169
9788179754788
9788179754153
9788179754023
9788179753439
9788179752937
9788179752623
9788179653012
9788172612337
9789387472716
9788179631126
9788126509041
9789387023796
9788179504932
9789386906854
9788181435408
9789386618818
9788172154264
9788181431189
9788181296733
9788120813144
9788170112464
9789386682710
9788180699610
9788180699153
9789386735997
9789386761101
9788120811201
9788180697371
9788180695766
9788180694790
9789386835864
9788180694301
9788180693656
9788180692123
9788180692048
9788180691218
9788180690921
9788180690815
9788180690709
9788180690501
9788180690440
9788180690341
9789386906670
9788179508077
9789387537316
9788178797588
9788178843834
9788178842967
9789387833517
9789388008242
9789388008860
9789388022323
9789388028103
9789388028974
9788178805023
9788126933662
9788172930387
9788178804026
9788178803739
9788178803654
9789388173506
9788178803326
9788172938819
9788178803227
9788126931507
9788178802701
9788178802695
9788126710225
9788173030895
9788170003458
9788178801230
9788173040177
9788178801124
9788178800875
9789388269858
9788178797601
9788178843728
9788178845807
9789387537408
9788178846569
9788172681425
9788126703630
9788126704019
9788126704217
9789387651647
9788178849942
9788178849928
9788172701628
9788178849799
9788178849584
9789387651920
9788178849508
9788178849102
9789387671027
9788172702953
9788178848846
9788178848624
9788172736323
9788178847610
9788178847528
9788120802865
9788178847399
9788178847344
9788178847245
9788172762254
9788178847191
9788172762407
9788126706723
9788178846712
9788121100434
9788171425822
9788131608173
9789380752839
9789380752921
9789380829654
9789350024720
9789350024348
9788121219662
9789350023747
9788121215633
9788170623175
9789350021132
9788121214926
9789350008522
9788170661733
9789380864389
9789333496544
9788122314229
9789332704350
9789332703124
9788170303244
9788170303152
9789332701458
9789332700154
9789380873732
9789332460034
9789327253696
9789327253061
9788170795988
9789322008758
9789380942681
9788195400904
9789380752877
9789380752822
9788121238564
9788170596066
9789380326535
9789380326788
9789380336169
9789380359915
9788170308201
9789380534060
9789380534084
9789380534107
9789380615417
9788121229241
9788170307020
9789350253724
9789350251775
9789350251072
9788121225960
9789380677026
9789380704463
9789380731650
9788170306016
9789380731742
9788170305781
9789380748061
9788121222648
9788170305446
9789380752228
9789380752334
9788121220552
9789380752761
9789380752815
9788195348114
9788170800149
9788170800248
9788170800712
9789381234310
9788122427509
9788193031490
9788171021031
9788192963532
9788192963501
9788171021529
9788171021772
9788192686059
9788192570259
9789381283257
9789381283448
9788171099825
9788171101825
9788192055749
9788131104842
9789381406250
9788191009682
9788191008562
9788171104482
9788123029856
9788123032016
9788190995023
9789381406397
9788190884129
9788190828284
9788171105410
9788121211680
9788190691901
9789381234211
9788193378816
9789381234068
9788193753705
9788195090921
9788194735755
9788194522966
9788194421269
9788122415407
9788194116479
9788193998861
9788193998816
9789381162583
9788170301608
9788193845776
9788193815762
9788193775707
9788170998761
9788171013203
9788131105122
9788193707098
9788131105030
9788193651278
9789381212141
9788193630242
9788193607480
9788193593806
9789381212837
9788193539507
9788193475843
9788171011667
9789381226070
9789380317137
9789380261416
9788121211635
9788121502245
9788170491200
9788121266987
9789353439682
9789353450342
9789351484820
9789353570002
9788131603963
9789351482888
9788170492306
9788170492313
9789351481515
9789353883225
9789351460268
9789353903435
9788121266321
9789354094064
9789354390227
9789354420146
9788170350774
9789351282310
9789351281894
9789351280590
9788170350408
9789351252863
9789351252832
9788170493396
9789351252634
9789355180056
9789355180773
9788170352426
9789351710486
9789350480854
9789351710592
9788170357407
9789352706693
9788170357803
9789352703784
9789352703531
9789352701476
9788170358251
9788131601600
9789352668373
9788131602553
9788170355236
9788170355212
9789352534388
9789352357871
9789352296484
9789352294619
9789352294541
9788170364498
9788121268035
9789353240066
9788170354826
9789353240363
9789351865797
9788170462491
9788170353355
9789353242589
9789353242824
9788170463573
9788170352754
9789351251460
9789351250333
9789351250296
9789351249511
9789350533260
9789350533246
9789350533116
9789350532966
9789350532898
9789350532843
9789350532737
9789350532713
9789350532430
9789350531778
9789350531648
9789350531600
9789350531433
9788170582397
9789350531259
9788131605042
9789350530894
9789350530559
9789350530139
9789350502815
9788170591832
9789350501634
9789350501139
9788131605110
9789380156330
9789350500781
9789350500743
9789380177540
9788170309413
9789350533635
9788121919609
9789350560600
9789350903018
9789351248729
9788170339991
9788121510561
9789351247456
9789355188588
9788170494812
9789351242819
9789351242802
9788121511780
9789355944894
9789350980873
9789350980729
9789350980385
9788131604571
9789350563182
9789374735695
9789350740880
9789378313721
9789378313790
9789378314216
9788131604656
9789378314926
9789350724620
9789350724224
9789350717400
9788131604762
9789350571378
9789350564653
9788190678810
9788190598408
9788183870818
9788185822341
9788185771724
9788185753546
9788185733753
9788130711997
9788185708027
9788185693330
9788171417254
9788185557632
9788185549453
9789383284283
9788185425610
9788130701387
9789383284559
9789383285181
9789383285471
9789383285716
9788185288604
9788130700540
9788123773582
9788185211978
9788185170589
9788185170572
9788185170275
9788171418916
9788171418930
9788185133508
9788185094595
9788185094403
9788171419418
9788185771779
9788170222590
9788186732502
9789383166336
9788186706695
9788171413683
9788186514085
9788171413744
9789382974086
9789382974093
9789382974147
9789382974178
9789382974314
9788186318690
9788186318089
9788170223771
9789382974918
9788123765525
9788186230817
9788186211427
9788171414017
9788186208533
9788186208458
9788186208014
9789383098071
9788170223214
9788186064467
9788121203883
9788170223054
9788121202497
9789383110209
9788171415878
9788185891521
9789383635993
9788185054674
9788171419586
9788131607411
9788184501032
9788184500387
9788184500127
9788121105736
9788184353815
9788170189749
9789384568399
9789384568689
9789384588854
9789384649227
9788121103053
9789384649395
9788124108390
9788124108536
9788184110319
9788184110142
9788184110135
9788184110029
9788171569441
9788184030662
9788124112571
9788170188131
9788124114957
9788124117842
9788171640089
9788183876575
9788183875189
9788183871808
9788170187332
9788184501827
9788123904009
9788184541243
9788184575521
9788170215370
9789383723805
9789383762699
9788121108904
9789383784493
9788184620191
9788131607688
9788175246706
9788184577235
9789383838745
9789383850099
9788184576429
9788121107730
9788131607862
9788171560325
9788184574876
9788184574739
9788184574722
9788184574609
9788184574579
9788184574227
9788184573435
9788184573305
9788184573251
9789383992706
9788123791135
9789384082581
9788184570847
9788186715574
9788171411818
9788123706191
9788189471361
9788170230434
9788189233334
9788170229674
9788189221515
9788170229643
9789382186953
9788189131302
9788131606971
9789382206552
9788189011956
9788189011703
9788189011246
9788170229513
9788170229469
9789382281085
9788188965465
9788170229278
9789382281368
9788188827817
9788188827466
9788188827381
9788188808922
9788188795116
9788170228776
9788188661404
9788188643240
9789382396154
9788171320240
9788188458271
9788189471217
9788189471484
9788186732687
9788189471781
9788190435109
9788190392235
9788190161794
9788189983598
9788189983338
9789381709405
9788189934682
9788189899691
9788189886769
9788189884796
9788170263340
9788189765262
9789381887042
9788170249672
9788189738952
9788131103647
9788171199846
9788131606537
9788121210294
9788189630027
9788170248767
9788170247685
9789382035008
9788189485597
9788189485337
9788123721989
9788189473723
9788189471972
9788189471859
9788131103227
9788170228080
9788131103173
9788171324446
9788187216063
9788187153481
9788170225348
9788170225331
9789382629054
9789382629061
9788170225263
9788187107156
9789382629207
9789382629238
9789382629269
9789382629276
9788171396764
9788130930121
9788130917504
9788130917344
9788186982518
9788186953099
9789382630043
9789382647003
9789382885085
9788171397907
9788171397914
9788186787090
9788186771761
9788186771624
9788186771594
9788186771204
9788171410729
9788187317210
9788187317555
9788187330103
9788170226437
9788170227700
9788121208437
9788131102619
9789382420149
9788170227380
9789382420361
9788170227069
9788171326464
9788170226819
9788187812586
9789382420798
9789382454229
9788121207898
9789382460466
9788187330202
9788187649854
9788187649656
9788187649168
9788131607077
9788187606932
9788187606451
9788187606147
9788171393824
9788187549086
9788187496670
9788187393290
9788171395620
9788171395651
9788175247192
9788100000212
9789390678464
9788175054875
9788174880864
9788174872784
9788174879882
9788174731708
9788174456601
9788174450913
9788131612019
9788174456243
9788131611029
9788174454867
9788174733085
9788126920242
9788173816932
9788131609736
9789393768841
9788174792112
9788174453860
9788131609644
9789392130816
9788173918643
9788174877017
9788174456946
9788131611449
9788131610169
9789391139575
9788174879950
9788174879684
9788131610183
9788174877123
9789394534315
9788174790682
9788173815300
9788174876584
9789390924752
9788175246539
9788173919701
9788175102255
9788173919879
9788174878762
9788174354570
9788174874115
9788124604120
9789386618177
9788173041006
9788180521089
9788170207214
9788121932448
9788188230617
9788171824434
9788178244617
9788178221694
9788170188285
9788121002516
9788171826742
9788170282860
9788125052340
9788126918003
9789386191762
9788183822268
9788121509442
9789380032900
9788124601716
9788126914494
9788173051500
9789350909805
9789385676338
9789380829395
9788188452774
9789381234297
9789388332934
9788121236188
9788176225113
9788186565803
9789388028912
9789388937863
9788183560689
9789380326719
9788178846804
9788121108324
9789351251637
9788172055431
9788130902197
9789386439789
9789388937634
9788183562102
9788124609255
9788188836710
9789387023581
9788186715772
9789355180452
9788130902692
9788131600979
9789355180520
9788186700556
9788121508919
9788122427318
9788183561495
9788193264362
9788122427202
9788188867165
9788179756379
9789383811588
9788120341715
9788182051782
9789382281566
9788174872210
9788170813811
9789355180933
9789350403884
9788194776598
9788121238885
9788176252393
9788176259125
9789382974130
9789382974109
9789381234051
9789387155596
9788121109680
9789385995255
9789382281436
9788120353152
9789382974024
9789394534292
9788193388969
9788121264952
9789385995224
9789382974000
9788176259644
9788121241243
9789351247630
9788126700356
9788170309291
9788186469842
9788131608623
9788126047468
9788176259989
9789388332514
9788178806778
9789389563726
9788126922574
9789388162067
9789355182906
9788172053888
9789381226476
9788186471166
9788193341513
9789388121354
9788176255783
9788171697014
9788189498702
9788193317235
9788188934645
9788184803860
9788176253680
9789383784325
9788131607596
9788121109123
9789383784042
9789389563832
9788131606735
9789380261522
9788180431005
9788178831183
9789383723072
9788182054523
9788121239745
9788121240048
9788173201806
9788121209809
9788184875867
9789390696291
9788178795089
9788126113453
9788182054585
9788176257695
9788121109420
9788131607565
9789351249412
9789380336671
9789381472019
9788131607725
9788174876508
9788121507004
9788189738679
9789386530929
9789351289753
9789391818203
9788172110826
9788174453594
9788126907915
9788121230247
9788121106962
9788181715463
9789388859226
9788183602112
9789388859042
9788186880920
9789388859868
9788180690662
9789381906842
9788121265782
9789380572574
9788183569248
9789390692255
9788130908076
9788189729950
9789354432958
9788171694266
9788186809624
9788171021413
9788186791738
9788171398102
9788184573718
9788184573695
9789380578774
9789388859035
9789388812856
9788189757632
9788130915753
9789381052051
9789351480648
9788123793870
9788121106771
9789351480686
9789353885076
9789353884048
9788171561490
9788195161133
9789351480839
9788184552317
9788126921454
9789380651408
9789351481027
9788126908677
9788186937006
9789351307457
9788170002659
9788186895221
9788120819320
9789387487895
9789388789837
9789385676475
9788131601044
9789388789776
9788171560332
9788184571165
9788172612801
9789382742746
9789385606342
9788181581310
9788192630649
9788178801315
9788186791578
9788176220880
9788183563840
9789381234433
9788184576641
9789354912627
9789381991459
9788179753941
9788173045288
9788186771600
9788186771297
9788171410651
9788171428069
9788122430479
9788120801424
9788173293061
9788193031414
9789380411118
9789391642037
9788131607770
9788189630966
9788183562607
9788186732656
9788184577952
9788170308287
9789380358963
9788172333614
9789386450302
9789351280088
9788180613746
9788184577440
9788170493341
9789388332491
9789380397009
9788126412266
9789381991114
9788173293177
9788180690396
9788179752449
9788121107396
9789380534374
9788184575323
9789381234549
9788179752609
9789380534381
9789383968374
9788170350521
9789382885382
9788171021277
9788131607909
9789394852181
9788131608463
9789385854804
9788186787205
9789388933032
9788179753262
9788131606391
9789381991107
9788171695324
9788176221962
9788170307983
9788131606520
9788174453150
9788171695270
9789387997141
9789388008020
9788188827206
9789382281863
9789383962051
9788184575798
9788123782546
9788178806600
9788170820697
9789385995699
9788170844686
9788178802831
9788176467865
9788171859368
9788120351400
9788126528097
9788183301893
9788183302081
9788189131340
9788174368683
9788185418216
9789386262769
9788120309210
9788120351073
9789381141120
9788176467919
9788130717241
9789350531525
9788131604724
9789382206057
9788176481335
9789390923267
9789380026428
9788171415861
9788173041129
9788131604700
9788183074407
9788170221715
9788189471279
9788120351509
9788172011154
9788185445151
9788176471794
9788170003298
9788185382128
9788171880775
9789350531099
9789350531297
9788189110154
9788189110109
9789350741382
9789350531266
9789350741634
9788183302890
9788170338512
9788178803357
9788170338550
9788185305172
9789393603074
9788193750131
9789378313028
9788179860816
9789350531327
9789350531488
9788178803111
9788183302432
9788183302531
9788170338314
9788180310201
9788128817014
9788126932733
9788171417704
9788189131197
9789350729717
9788126546961
9788183302685
9789381141038
9789350531358
9789350740729
9789350532133
9789350532188
9788174877567
9788121244626
9789387330030
9789386224637
9788176497824
9788171881932
9789350533598
9788178801667
9788170119227
9789350533956
9789350533581
9789386235053
9789350533567
9789386235299
9788120827011
9789386235398
9788171416677
9789386235008
9788174877451
9788183245128
9788178801278
9789381159354
9788171885695
9789350560587
9789382186014
9788185753478
9788176502016
9788193998854
9788189293574
9788171416363
9788171416356
9788178801513
9789350534311
9788189233587
9789350533390
9788194014973
9788171417360
9789391818388
9789350532942
9788172338060
9789350532881
9788130705033
9788170301998
9789350532652
9789383206186
9788176483896
9788171888320
9789389176193
9789389347043
9789350532515
9788122416145
9789350532256
9789383252893
9789350533161
9788122416817
9789386223340
9788177022889
9788126930371
9789350533352
9789350533345
9788170337034
9788170221920
9789350533208
9789387297845
9788173152238
9788170337218
9788170301592
9789386223258
9788171416936
9788185616667
9788178803388
9789381209332
9789387436312
9788189005474
9788125032168
9788177546668
9789355620385
9789382993759
9788171419210
9788174354198
9788173200373
9788174871909
9788121511773
9788177554663
9788171413980
9788170004424
9788182745476
9789389563108
9788120352520
9788170339540
9789388162265
9788131604328
9788186208625
9788174452221
9788173053429
9788182747746
9788180315862
9788173053283
9789389110814
9788177545746
9788193593813
9788180317002
9789350981740
9788131940914
9789389110258
9788182746619
9788178805030
9788183391412
9788171418794
9789389012507
9788178805627
9789350500422
9788189473082
9788188965069
9788182474604
9788121241663
9788170339656
9789381234891
9789388332026
9788194547334
9788182473317
9789389563634
9789382281375
9788182471214
9788186336939
9789350500453
9788171419449
9788173050497
9789390696659
9788178797106
9788171300938
9788130900025
9788177560251
9788170495000
9789383649815
9788172339388
9788178805153
9788170172680
9789382974406
9788193466049
9788171419722
9788177563238
9788121512473
9788186208618
9788182902534
9788193657256
9789388173469
9788170335429
9788170338802
9788126902538
9788122415001
9789383098439
9788126902552
9788131105092
9788170999973
9788194250524
9788180313554
9788170339298
9789350530375
9788126551323
9788170999515
9788121262279
9788121208949
9788177421507
9788125937005
9789350530931
9788178803401
9788173042010
9788183303125
9788174870780
9788193721308
9788173055737
9788185264295
9788170336013
9788170003595
9789357941433
9788183303262
9789386173133
9788183303743
9789381212103
9788186208526
9789350502228
9788177542554
9788178804156
9788177542790
9788171786299
9788126922987
9788182748286
9788126902958
9789389467536
9788121209335
9788186208373
9788176463508
9788130000053
9788173200045
9788186208427
9788182748453
9788174879929
9788179860625
9788126021734
9788122414707
9788183303965
9788183303972
9788121512985
9788194293736
9789350530047
9788120349896
9789350980514
9788183304030
9788194300922
9788178804064
9788171418664
9788170820994
9788177541977
9788176113649
9788122308365
9788172700317
9788131609910
9788131601716
9788190738675
9788131603550
9788171327805
9789386682574
9789327216950
9789353242220
9788131603567
9788170603351
9788131610596
9789384721596
9788187358701
9788124108338
9788170358008
9788171395675
9788181290151
9788173713842
9789382420835
9789382420804
9789380852133
9789382579137
9788187812531
9788183741828
9788174455635
9788180696794
9788170187639
9789381406014
9788171691982
9789380839714
9789382396444
9788190363471
9788183875387
9789387651715
9789381709078
9788121267649
9788187374794
9788184110180
9788171692095
9788187374749
9788131603451
9788188071364
9788171395613
9789353240783
9788178845951
9788170185468
9789385161780
9788131603512
9788178883922
9789351867265
9788178845968
9788183746120
9789390366606
9788183745987
9789390366347
9788171395729
9788178886152
9789353242848
9789351711773
9789384721107
9788173804922
9789381714928
9788121208376
9788178982502
9789395073363
9789350021903
9788131605608
9789352706020
9789381763285
9788184200843
9788189936457
9788171196555
9788183704397
9788170491064
9789351710011
9789381763292
9789382420712
9788189906986
9788181461452
9788170228257
9788183703949
9788170188537
9788178842998
9788183873574
9788183873918
9788180694097
9789382420736
9788131603611
9789388691277
9788170305262
9788178311685
9788171395958
9789325987609
9788175417335
9788178293981
9789350145838
9789325986695
9788180694493
9788121500500
9789382420002
9788181460363
9789386618412
9788180696879
9788175333260
9788178843520
9788170463030
9788131807217
9788173048579
9788178902302
9789388691574
9788121218917
9788190717335
9788187392255
9788171195411
9788181463234
9788183877466
9789350025130
9788121268097
9788178844572
9789381604274
9788178848235
9788175413917
9789380829708
9788126920808
9788187592006
9788173717321
9789385005442
9788124114834
9789380829876
9788172737122
9789380829906
9788190821292
9788174791276
9788183762397
9788183763844
9789386682277
9788170226239
9788131602393
9788190939102
9788184030204
9788171569656
9788131601525
9788175413740
9788175415744
9788187644378
9788170304241
9788120812482
9789386797704
9788190864275
9788121296724
9788127252236
9788170303183
9788171690770
9788175412620
9788131608272
9788120343986
9789352296682
9788171569861
9788171690763
9788187644132
9789388684583
9788178848815
9788178848907
9788131101841
9788171690978
9789386799111
9788180695773
9788172730994
9788187606208
9788190173117
9788126719570
9788171691401
9788190821230
9788121297844
9789352101979
9788181431752
9789352101719
9788131802502
9789352081721
9789384721824
9789327264524
9788187392927
9788131601228
9788170794684
9788184110067
9788187392781
9788121267915
9788171691869
9788190344326
9788171320639
9789327251630
9789327251180
9788171690077
9788170228196
9789380839158
9788183760416
9788178847627
9788121101554
9788170358213
9788190317771
9788120345775
9788131605790
9788183876704
9789352220137
9788178844343
9788171690336
9788178848082
9788170595472
9788178849386
9788173916519
9788131101933
9788183876711
9788121214148
9788171690268
9788121214124
9788131609293
9788131102701
9788183764032
9788183761291
9788171191161
9788183761086
9789390620692
9789392756436
9788178847924
9788180696428
9788174790842
9788180695315
9788180697265
9789352533800
9788126432790
9788180693526
9788180698866
9788174454256
9788175247758
9788171396511
9788131611722
9789382420514
9788131520383
9788171565993
9788131607039
9788178244969
9789380748054
9789380748047
9788183870320
9788178356488
9788187981107
9788183701426
9789390095209
9788178245331
9789384406189
9789390660889
9788171567201
9788179101261
9788187153993
9788189835002
9789382396215
9788171090921
9788184501537
9788183701969
9788130917764
9789382396178
9788190638807
9788187879565
9789352837205
9789351482529
9788172681340
9789351505549
9788172330453
9788121295611
9789351483274
9789385149573
9788123919652
9789386608468
9788179102985
9788178510675
9788184409260
9788180692468
9788175966314
9788121100472
9788178847115
9789380748009
9788178846477
9788178847023
9788126927722
9788183823005
9788170225287
9788120343085
9789380731353
9788170184317
9788181500786
9788123910895
9788178243832
9788120724297
9789351483892
9789386608963
9788171396740
9789380864037
9789382629375
9788178510743
9788174348890
9789351484691
9789380748016
9788180692406
9788184451696
9788172681883
9788187111511
9788170352280
9788183701266
9789382629115
9789352837250
9788180698286
9789387537019
9788179100196
9788170225454
9789385160325
9788171693221
9788127212902
9788173421600
9788192564173
9788183872379
9788180697814
9788178847412
9788174879271
9788175510814
9788121211628
9788171693245
9788178540856
9788170305514
9788126909766
9788190383417
9789390054022
9788180693908
9789350183984
9788131611678
9788170001959
9789351527268
9788176113366
9788131609460
9788183703628
9788189899165
9788178846514
9788122436617
9788187966364
9788120713635
9788178270791
9788171101368
9789386618023
9789382420668
9789380731483
9789386722317
9788175247239
9788170226949
9788181500038
9788175248922
9788183618779
9788174791870
9788131720967
9788180698422
9788170227441
9788121104395
9788130917658
9789382420163
9788178847306
9789350180150
9788175246843
9788183618892
9789350002346
9788175511972
9788170797746
9788183700627
9789384571887
9788175511422
9788183702829
9788190391108
9788120716476
9788123904290
9789381523360
9789381468029
9788183616317
9788172700096
9788123904719
9788179103692
9788179100950
9789381234921
9789380852591
9788178540696
9788122407143
9789381464038
9788125060451
9788124605554
9788173049682
9788173049200
9788173048234
9788173047367
9788173046209
9788126917761
9788122433524
9788124606322
9788182748774
9788189005269
9788125028680
9788121914383
9788182747906
9788124604946
9788128823640
9788184541632
9788123779096
9788187943938
9788190743129
9788121921534
9788173047640
9788173046117
9788129103192
9788172142001
9788122436945
9788124608234
9789352876785
9788185054919
9788124606599
9788193783139
9789386618252
9788170491095
9788120352476
9788189640569
9788194081982
9788194085089
9789383147366
9789350534342
9789382420026
9788126718146
9789382420156
9788170559832
9788120812468
9789382398066
9788180698231
9788194081906
9788180698200
9788121214247
9788171327508
9788131605080
9789386682925
9788178800530
9788170304203
9788170335771
9788173055744
9788180698293
9789388292573
9788180698958
9788178801193
9788173055669
9789386768551
9788177540512
9789382203810
9788185891538
9788171326440
9789383252244
9789350532096
9788131612293
9789350530290
9789383166220
9788131605813
9789350531945
9788170554769
9789387282803
9788189131937
9788182749146
9788123743417
9789388684187
9788177145151
9788172159603
9788180696077
9788174455260
9788185952055
9788178798141
9788131607046
9788123746852
9788171885732
9788189233808
9789350530191
9788189233686
9789383116027
9788170559788
9788174455567
9788130716336
9788177116045
9788187667704
9788170229698
9788180696282
9788174455666
9788174877512
9789350533475
9788173040269
9788189110048
9788172293147
9789350024331
9789380873114
9788170229742
9788123769745
9789389137033
9788178353784
9788170303701
9788126712724
9789350533659
9788185789897
9788174877543
9788180697807
9788185790305
9788180698415
9788177393644
9788188093021
9789381140666
9789386763556
9789386682475
9788178353708
9788121213295
9788187775393
9788185990705
9788173056284
9788188071487
9788189102401
9788180697586
9788121219747
9789332871038
9788189233556
9788177114898
9788172050603
9789386722256
9789388540582
9788187967583
9788121219822
9789382420422
9789350008041
9788186098332
9789350531556
9788174791191
9789350024355
9788185843797
9788126712052
9788131102558
9788122415513
9788170222514
9789388269414
9788185832371
9788187649281
9789386771452
9788187879961
9788121203760
9788185788302
9788180698644
9788170227755
9788131607244
9789389137057
9789350023945
9788120700857
9788181293381
9788173048944
9788182040625
9789380467344
9788174792433
9789380467245
9788174821102
9788173049637
9788188569793
9789387067974
9788178270050
9788121234849
9788130903422
9788121222785
9788186771112
9788188836086
9788171396498
9788182040601
9788182040595
9789382281726
9788182040526
9788170305590
9788182040519
9788180619625
9788178692074
9788170305651
9789380502908
9788122407457
9788174791955
9788174453365
9788174878342
9788123739618
9788187114932
9788174877956
9789380748474
9788126411665
9789382951285
9788180694196
9788121235983
9788170796695
9788186565674
9788123763460
9788178271545
9788131609163
9788186565797
9789386397904
9788173048852
9788186569917
9788170305286
9788171396320
9789382396369
9788187317319
9789381030141
9788186700532
9788178271101
9788173048869
9788171396429
9788172333621
9788177831948
9788177831962
9788122406382
9788177865264
9788186732519
9789380748764
9789313168836
9788186732977
9789380388731
9789388337038
9788186782750
9788188827107
9788174353634
9788174879431
9788187067344
9788123756042
9788187036968
9788186891551
9788174878052
9788122311167
9788180691553
9789388789974
9789380663074
9788120607163
9788178223568
9789382824428
9789350180143
9788195080854
9788123755809
9788188808090
9788181581280
9788121226547
9788174878137
9789388789592
9789386556325
9788186937983
9789350183977
9789388789493
9788170224655
9789350246542
9789386556127
9788170224709
9788186939796
9788180691706
9788188643769
9788187114925
9788188583157
9788180690297
9788130903972
9788170799801
9789388902854
9788187114505
9788187114048
9789386608796
9788171398836
9788181930187
9788178624280
9788181903327
9789380731995
9789382885191
9788172331504
9788131702406
9788195070367
9788131261859
9788121205726
9788187107125
9789380578385
9789380731568
9788173046063
9788178510408
9788120602083
9789386473981
9789380731384
9789381067079
9788170802242
9788195009893
9788188826278
9789382396406
9788121237444
9788181293589
9788171247554
9788170595946
9788170303039
9788182746558
9789389110241
9788189011055
9788187526377
9789386302502
9788170229131
9788187566793
9788170223405
9788189011734
9789382460725
9788170303077
9789381136171
9788131102657
9788178797236
9789380156019
9789388691147
9788171394524
9789350140284
9788180695544
9789382993469
9789382993063
9788182744103
9788131610831
9788171394838
9789386322197
9789388326650
9788173051517
9789386655578
9789350140673
9788182747364
9788170304654
9788186208649
9788122007237
9788171414772
9788131610190
9788187606871
9789380816234
9788187606741
9789391125288
9788182748583
9788187606734
9788170591467
9788122414486
9789350502495
9788181294265
9788181294616
9789381136447
9788186208366
9788129103901
9789350501894
9788171393374
9788188224043
9788188230433
9789350501788
9788181296740
9789350501696
9789350026939
9788187606000
9788194418542
9788188230525
9788181297457
9788182747814
9788122127119
9788121213585
9788121207485
9788171321919
9788180694622
9789350143728
9789327225549
9788182055353
9789386835987
9788194685128
9789386397317
9788194688457
9788170224143
9788182054653
9788187363972
9788186519073
9788194688464
9788182054622
9788170225614
9788174877871
9789382281412
9788170305248
9788181437846
9788171395699
9788171395712
9789380935874
9789382281511
9788182054509
9788182054493
9788178311869
9788182054455
9788182054448
9788170308492
9788186562352
9789350146361
9788120340213
9788172053895
9788177559910
9788182474444
9789387195134
9789382281146
9788174877819
9789388691161
9788182567009
9788178796727
9788188965533
9788187393917
9788188808335
9788121214025
9789350142158
9788187392965
9788172053444
9788131103258
9788182473898
9789386618757
9788170225751
9788186398289
9788170223931
9788186413388
9788170795155
9788182470804
9788131605646
9788186469347
9788182470026
9789382281382
9788178795959
9789382543275
9789350482902
9789327228403
9789386835529
9789350742129
9788180698156
9789387472259
9788193027530
9789354791185
9788184576085
9788126907571
9789353224196
9788129200235
9788122430585
9788173293405
9788131763353
9789351282594
9788131610077
9789351282327
9788176221764
9789352291564
9788193019085
9789354731952
9788192998992
9788184575729
9788173293085
9788183564182
9789354793943
9788190914314
9789352293599
9788120344341
9789385909436
9789351280095
9788184577297
9789385909429
9788184577228
9788184576665
9789355010360
9788170175483
9788179753835
9788178833866
9789381991213
9788171427925
9788170194491
9789391139261
9788131608524
9788124608258
9788184575712
9788183563093
9789389742428
9788171021611
9788183600477
9789389719604
9789354396427
9788121211864
9789381907184
9789393285256
9788179750261
9788183761642
9788179752678
9788184573060
9788192676791
9788126706105
9789381234730
9788184572940
9788171691548
9789391759049
9788121266109
9789385755330
9788131610268
9789351284574
9789381608937
9788178834931
9788120348752
9788183762366
9789381234570
9788178844466
9789353225797
9788173293894
9788121107075
9788179752326
9789391214579
9788176220866
9789381608432
9788184030358
9788176220835
9789351284291
9788184574005
9788179751190
9788183563116
9789352294121
9788174876683
9788170196945
9788183424554
9788121109208
9788176255776
9788174876607
9789388104142
9788171697465
9788176255325
9788176255141
9788172735647
9788189531065
9789351250630
9789351250692
9789381234235
9789351250760
9788170187905
9789385936944
9788171696871
9788176251891
9789382059189
9788124609750
9789382059196
9789351250395
9788172736187
9789391685232
9788170186038
9788174950840
9788171192557
9788176258661
9788179758229
9788172736057
9788174951755
9788126920358
9788174876652
9788189487096
9788170359128
9789351250180
9788124610060
9788131606742
9788170494430
9788178848808
9789388043663
9788183563062
9788179755570
9788121508230
9788126906291
9789388022095
9788176224055
9788121210270
9788184620054
9788179755594
9789388020893
9788178844596
9789351250968
9788193192504
9788193183052
9788179755396
9788190906500
9788171426331
9789355011459
9788131609118
9789383838714
9788171691050
9789352295111
9788184620061
9788121210256
9788183560696
9788184672701
9788193298220
9789383811014
9789351251156
9789351251163
9789381608043
9788131608586
9788122426748
9788179756812
9789385925184
9789381234341
9789385000300
9789351251651
9789381234358
9788179756225
9788124609347
9788131602812
9788172702106
9788175414877
9789351509127
9788192295732
9788171693504
9788184352214
9788189886592
9788171693474
9788184352177
9788184351187
9788178882086
9788123925424
9789384588687
9788192226675
9788192222790
9789353249540
9788172700010
9788179101124
9788126704767
9789390678532
9789384588410
9788184352627
9788184352689
9788171569298
9788184352719
9788175963245
9788172701291
9788172681975
9788184353334
9788183701341
9788191025378
9789353450366
9789351485223
9788184353310
9788175953024
9788183701389
9788189886424
9789394902664
9788172701130
9788170184355
9789353240776
9788175741805
9789384588632
9788131608340
9788178836423
9788178902180
9788124107010
9788189983062
9788173914515
9788189983321
9788170185246
9788175417120
9788175417861
9788184113969
9788131603703
9789353242206
9789351767664
9788183741552
9788189983697
9789390189793
9789384721299
9788189983758
9788189983734
9789351711728
9789381763018
9788189973094
9788189973001
9788184202892
9788170353256
9789385161834
9789385161902
9788121267045
9788175510326
9788131608081
9789381827888
9788171101610
9788123711188
9788183743945
9789387651517
9788174875471
9789353249311
9789351529460
9788192093512
9788189914349
9788184202939
9788184353631
9789381843000
9788129521682
9788176113854
9788123792958
9789385593888
9789381234860
9789381234884
9788183760881
9788176114059
9788173420870
9788183760812
9788176113779
9788184353839
9789351481072
9788170183631
9788126909490
9788189765255
9788123902630
9788184541694
9788171693900
9788178844022
9788171561506
9788189765095
9788183611268
9788121298193
9789353240103
9789381234778
9788173716553
9788170005506
9789351306795
9788192640037
9789384075583
9788184571660
9788176123365
9788120806573
9788173420092
9789385676086
9788174872906
9788183760898
9788174872913
9788178849577
9788178837871
9789351481713