9789385854866
9789394200302
9789384463960
9789386870599
9789390513208
9789386870636
9789386215444
9789388933216
9789353222369
9788170001416
9788170307938
9788170119807
9789383762651
9789385502385
9789386450937
9789386228062
9789386450753
9789387383012
9789387331631
9788170300366
9789386450111
9788170111771
9789388998109
9788170185314
9789381406502
9789354472510
9789395737432
9789380076904
9788120811867
9789353494094
9788170338611
9789382898870
9789353493585
9789383737871
9788120805040
9788170001676
9789353497125
9789387398276
9789354470004
9789387398252
9788120800069
9789353244965
9788121200448
9788170308164
9789389137002
9788170289401
9789353024024
9789386228321
9788170002208
9788170117759
9788121261999
9789389136470
9789388134095
9789354473579
9788170006695
9789385719134
9788120324480
9789354656507
9789387587793
9789386906335
9788170001546
9789392590061
9789389647150
9789387980600
9789387980556
9789384721046
9789380637099
9789391950033
9788120810754
9788120831704
9788170001836
9789387968608
9789387968592
9789383992522
9789388020077
9789380126005
9789357940085
9788170004943
9789388933513
9789380502038
9788121200455
9788120835023
9789353491123
9788120834538
9789385285226
9788170004912
9789386191496
9788170110620
9789353490270
9789388020732
9789353221058
9789386191526
9788120811225
9788131607602
9788170284666
9788120610750
9789384649739
9788171191895
9788188951208
9788179506677
9788126719396
9788179750124
9788175417588
9788125952053
9788122314472
9788182902640
9789350000014
9788185211350
9789350002063
9788126719006
9788126718696
9789350004616
9789351282525
9788172015893
9788130201238
9788126718672
9789351281535
9789350007013
9789350007242
9788123774060
9789350007600
9788175417878
9788130202402
9788126018017
9789327258790
9788185616117
9788174790439
9788185425955
9788172052300
9788185381503
9788122405002
9788178270906
9788175972094
9788122403091
9789351287278
9788126720194
9789327263855
9788174791214
9788172051341
9788123772363
9788175967687
9788185320120
9788174792242
9788178271910
9789332518827
9789350008225
9789350008393
9789351485667
9788185170084
9788183224024
9788185002712
9789351246503
9788185002552
9788170494799
9788170494836
9788185002514
9788171420575
9789351243281
9789351243229
9788123779256
9788178355542
9788174871244
9788171886418
9788184955842
9788125062875
9788178356891
9789351224020
9788175416000
9789350026489
9789350026526
9789350024683
9788183223201
9788128811319
9788123777641
9789350008973
9788183072984
9788183073011
9788183075688
9788175416819
9788179505007
9788125914259
9788178353524
9788121508889
9788174870834
9789350024621
9788125909521
9788170494379
9788170494386
9788183220392
9788185047188
9788179105641
9788170494652
9788123778471
9788185002880
9788170799788
9789351301844
9788172610791
9788172455378
9788186265499
9788178221274
9788186230176
9788193359747
9788178222882
9788179919774
9788123767086
9788193437971
9788193462133
9789351483304
9788186098875
9788186098776
9788186098691
9788182051744
9788178223735
9788193607602
9788193626030
9788173420030
9788193903377
9788122417319
9788179774113
9788193127803
9788192702100
9788122431919
9788178220314
9789351485230
9789351485193
9788179940570
9788123762661
9789351484837
9788186685884
9788179940433
9788192091273
9788176221818
9788192219127
9788122432657
9788186617991
9788186580271
9788186569078
9788130901343
9788178220512
9788178220680
9788171089024
9788192611419
9788182040656
9788172339289
9788185972794
9788194081913
9789351364900
9788194415077
9788194425762
9788194446804
9788126701896
9788194447108
9788185891491
9788182650022
9789351367765
9788185891293
9789351363101
9788172053680
9788194876946
9788194876984
9789351306306
9788194876991
9788194924333
9788185749105
9788123770789
9788185693453
9788126927784
9788126040551
9788182203327
9788122416558
9788194160526
9788122416442
9788172380069
9789351482390
9789351481485
9789351481454
9788185972237
9789351481171
9789351480822
9788172054601
9788172054519
9788194407164
9789351480334
9788194215028
9788194233718
9788194233763
9788131601075
9788172054229
9788185952369
9788122414547
9788185891873
9789350026649
9789350026687
9788171883707
9788184305616
9789350332436
9788126914548
9788124609828
9788126914647
9788184050110
9788170554516
9788172764135
9788175053946
9788124609545
9788184005530
9788184003703
9788124609262
9788170554578
9788184000023
9788171640393
9788124609033
9788126709496
9788124202005
9788121930956
9788126708758
9788126708574
9788170553052
9788124108321
9788124105405
9788123733180
9788126920501
9789350643839
9789350643792
9788124803608
9788184303483
9788184303162
9789350643310
9789350642757
9788184302004
9788184301120
9788122301410
9788184300833
9788126913886
9788126711352
9788126711260
9788126920426
9788129116079
9788124020425
9789350570982
9788170552475
9788126708505
9788126708390
9788124600849
9788175100787
9788175100541
9788122007145
9788183610049
9789350467442
9788124606858
9788178841694
9788171693610
9789350468180
9788170592310
9788178837925
9788124606339
9788183640503
9788183619158
9788183618595
9788170592655
9789350500835
9788183614399
9789350485910
9789350500491
9789350488591
9788170590927
9788124606308
9788178842516
9788170583783
9788183823364
9788172765941
9788172765323
9788124608470
9788171677108
9789350461129
9789350461587
9788124604656
9788171690909
9788124605332
9788183602631
9788129303936
9788178842097
9788183741729
9788175054929
9788175101470
9788183740463
9789350465912
9788122205589
9788129508683
9788124804018
9788123917573
9789350027592
9788172762735
9788175414952
9788184672572
9788183283953
9789350171660
9788174953513
9788123779898
9788183285285
9788178541815
9788172701529
9788170521280
9788184620344
9788123780306
9788171827268
9788170522171
9788123781983
9788171510245
9788171510337
9788171821006
9788175414464
9788175414402
9789350174470
9788173911347
9788178960227
9788175415133
9788178357416
9788174872722
9789350027677
9788175415812
9788123779539
9789350140482
9788174873743
9789350140529
9788121512534
9788125049890
9789350141274
9788178358956
9788174873880
9789350142288
9788174874368
9788174874375
9788174875358
9788183280082
9789350142615
9788175415782
9789350144657
9788171805914
9789350174784
9789350729328
9788171566990
9789350244760
9789350251485
9788171785155
9788171563845
9788171783205
9789350684184
9789350683897
9788171782727
9788171565771
9789350297858
9788175412101
9788184430059
9789350681992
9788175411708
9788172762360
9788125022909
9789350681022
9788184404036
9788122310856
9788175411524
9788125038702
9788173043598
9788171513321
9788126714049
9789350728734
9788126715060
9788125039907
9788171513611
9789350175408
9789350726198
9788175414259
9788126714117
9788171788354
9788123792248
9788172761530
9789350724712
9788172761226
9788175413702
9788123792897
9789350723999
9788171561346
9789350178652
9789350723319
9788173043659
9789351485384
9788170813224
9789352640171
9788176466554
9788123748832
9788171196630
9788126724406
9788126901951
9789352296149
9789352294558
9788126724277
9788177690781
9788189982690
9788181432339
9789352292585
9788176466394
9789352290840
9789352290833
9788189999896
9789352290420
9788173157134
9788173049804
9788126901838
9788181461100
9788189886790
9788181460264
9788181433138
9788174353764
9788126901722
9788126725304
9788187780922
9788189833572
9788171197774
9788172153489
9788181435026
9788171328253
9788173156229
9788181436887
9789352661183
9788181437112
9788126724871
9788187662709
9788181439567
9788123709444
9788173157493
9788128828256
9788172150211
9788180318733
9788176462242
9788187368410
9788176461320
9788187368335
9788171191703
9788180316418
9788180315930
9788174349620
9788190303316
9788190317139
9788180315787
9788177696202
9788176373241
9788126903443
9788187326809
9788187326366
9788190161787
9788126920006
9788176464949
9788187392163
9789352211616
9788171193288
9788190082341
9788171193172
9788190089081
9788181469571
9788172335441
9788180405129
9788173170553
9788190115933
9788126919871
9788176464192
9788176464154
9788187392309
9788176463577
9789352102327
9788131601235
9788189798253
9789352664559
9788180313721
9788174368201
9788123726328
9788126729401
9788123724881
9788189235949
9788172235901
9788172317447
9788126728657
9788171208265
9788126728008
9788181431882
9788171204229
9788123721804
9788181290656
9788126727483
9788123720647
9788181290977
9788181291561
9788126726400
9788171242610
9788123727295
9788189129149
9789352764884
9788174360045
9788123733975
9788123734309
9788177211306
9788126452279
9788177213416
9788188965816
9788177080469
9788172312992
9788176932011
9788123730707
9788180697159
9788189020132
9788189059286
9788180697531
9788176673426
9788126730568
9788181291769
9788126726196
9788181291905
9788126900954
9788173154591
9788126725533
9788180691096
9788126901463
9788189750244
9789352666560
9788189750381
9789352666270
9788126918966
9788187877042
9788123747491
9788181431035
9789352665464
9788126725410
9788174353870
9788189765286
9788189780678
9788176482448
9788126900831
9788181291936
9788187943334
9788188018697
9788181292070
9788126725595
9788187966449
9788173120978
9788123719597
9788181293671
9788121295710
9789352705092
9788123744841
9788187943792
9788123718675
9788123717937
9788173143069
9788123717579
9788181294678
9789352669370
9788170462392
9788183611619
9788172337247
9789351751380
9788123754543
9788123705521
9788170491392
9788170490876
9788126903818
9788187138938
9788180313028
9788126904723
9788186953860
9788187111757
9789351751328
9788180280092
9788123702278
9788123759715
9788190627863
9789351505884
9788178064017
9788177907544
9788181581723
9788190851862
9788187075776
9788126905744
9788126426942
9788186953600
9788177697605
9788191038262
9788170462460
9788130912639
9788191038286
9788186937242
9788121504454
9789351652434
9788189320010
9788128823121
9788126918317
9788121204002
9788178062051
9788179929971
9788121914635
9788121922524
9788131940853
9788192512136
9788124605158
9789380403137
9788121931021
9788176504676
9788174368072
9788123006994
9788121234689
9788131961223
9788192570228
9788180616983
9788131937242
9788123711263
9788121208574
9788170227694
9788122307450
9788186880418
9788175362826
9789388271523
9788130910161
9788122308990
9789388292429
9788175364349
9788184303124
9788173802027
9788126712366
9789382711469
9788175364790
9788175410121
9788186471036
9788186470701
9789389598261
9788184301380
9788121209557
9788186569658
9788124104217
9788121234719
9788171206568
9788171568574
9789388247603
9789389231014
9788176221344
9789388247610
9789388247634
9788126926220
9788126711222
9789350175996
9788175300200
9788173032608
9788126712014
9788189485399
9788175254848
9788173045103
9789380536873
9788189485580
9788176221238
9788170002864
9788175413979
9789386799616
9788175300132
9788184301106
9788193289303
9788121210140
9788175411067
9788192611488
9789380619187
9789384456054
9789384419370
9788186336687
9789350290637
9788192648415
9788170307006
9788170189930
9788123719306
9788186896082
9788187966425
9788171564491
9788122433425
9788190820332
9788186921265
9788175411975
9789390620159
9788186921302
9788186336021
9788186321553
9788175412354
9788178221151
9789380676678
9789388326599
9788173152429
9788186265949
9788176211758
9788126900312
9788192611440
9788175413573
9788123720050
9788184306149
9788170189541
9788189738877
9789380592237
9789350178621
9788121225755
9788188043552
9788176498692
9788121212281
9789390620524
9788184305647
9788121209434
9788187879749
9789380613116
9788184306156
9788173043789
9789384502447
9788187902034
9788186470206
9789388933247
9788189573294
9788131937976
9788189573676
9788193284100
9788186470022
9788123720395
9788170189831
9788186413401
9788131937945
9788124107584
9788123753744
9788124108451
9789380224169
9788121205689
9789390961610
9788177213751
9788124606353
9788191065114
9789387980136
9788171300853
9788188965809
9789390971299
9788183701785
9789388892193
9788177213508
9788121208918
9789387968882
9788123762814
9789387980624
9788175101388
9789387980976
9788171245857
9788121240727
9789385288029
9789385285790
9789380257105
9788186702475
9789350466094
9789350466056
9788171103201
9788171412525
9789385285394
9788183741231
9788171306862
9788123762449
9788175101142
9789389647044
9789388892438
9788123738772
9788177211177
9789380186405
9789385509179
9788177211351
9789385509186
9788188951475
9789385385728
9789385516993
9789385538391
9789380183077
9788123761992
9788183612098
9788122205299
9789350482636
9788183640053
9788183640077
9789387968349
9788123739373
9789385492556
9788186771228
9788188965380
9789385492341
9789350469460
9788121241342
9789350469194
9788120835405
9789387968738
9788188965519
9788188965625
9789389600971
9788186771884
9789385285059
9788189059705
9789390696390
9788190948227
9788188583003
9788184000511
9788131917930
9789389204049
9789388241762
9789388211444
9788183741811
9788124201831
9789389136562
9788189235628
9789389203882
9788175101845
9788173055881
9788123723860
9788177420807
9789384898359
9788189297114
9788170308225
9789350335444
9788126729036
9788187879435
9788171569588
9788175102590
9789384850241
9788188575503
9789380496115
9788131914700
9788124108505
9788186847039
9788176501903
9788120789869
9789381325247
9788170003625
9789388134361
9788183745017
9788120800946
9788171691456
9788189059804
9788124605356
9788171307227
9788171399840
9788192009025
9788123761251
9788129517197
9789350462621
9789390900909
9789382337010
9788178220000
9788178220222
9788188643288
9788171308095
9788175101661
9789382337232
9788120800311
9788172765385
9788172765859
9788178220277
9788183823388
9788123725895
9788170004295
9788183870429
9788170308409
9788171641550
9788126933594
9789384850784
9788171414246
9788131903100
9788185170107
9789389563870
9789383111602
9789350007259
9789389563887
9788170283355
9789381506554
9788190064408
9788178352619
9789350008409
9788121211321
9788194153672
9788185170077
9789350020234
9788185141282
9789390315581
9789383111930
9788185211251
9788187392620
9788126905508
9788190115902
9788185952772
9788187134817
9788175417236
9788126905478
9789382536567
9788126719075
9788122314304
9789383391677
9788187392170
9789383145928
9788176462327
9789382536468
9788175417106
9788185019789
9788126902231
9788185063461
9788176010399
9789388658621
9789383649402
9789383649457
9788176465892
9789388630979
9788120709447
9789380839554
9788185047348
9788185972336
9788123752075
9789380839080
9789381141182
9789350022757
9789350022634
9788121213264
9789390366194
9789350022290
9788185972305
9788178353227
9789388684354
9788123705811
9788185102733
9788129525710
9788185109985
9789389563955
9788185141046
9788177692020
9789350021071
9788176465052
9788121201889
9788122314878
9788131808467
9788126903757
9788185826608
9788185787541
9789381523964
9788194924364
9788187330738
9788185891576
9788121213561
9788131513750
9788187332329
9788123706498
9788185626024
9788170820987
9788171190829
9788190280365
9788175975576
9788177696417
9788126903450
9789381523889
9788121201216
9788175100893
9788194867609
9788123769042
9788123769035
9788177697582
9788126722631
9788185843551
9788194628989
9788178236131
9788185891385
9788185891217
9788123753560
9788185586946
9788185445960
9789382607700
9788176461382
9788126719822
9788185273952
9788178350356
9789382616658
9788173701849
9788122414523
9788121200684
9788176462266
9788185952291
9788187392101
9788175811164
9789327292756
9788187368991
9788178271620
9788123754512
9789322008000
9788185378015
9788170793793
9788176461276
9789381523308
9788121207140
9788185891767
9788122403206
9788175969339
9789388753487
9788187332855
9788190245708
9788187332657
9788121211574
9788170302247
9788176466172
9788129523877
9788171513635
9789350171547
9789383098514
9788126716005
9788170196136
9788189833206
9788170002420
9788186939598
9788190701303
9788126715596
9789381448809
9788189798413
9788186098998
9788126715732
9788186117064
9789383098033
9788186939802
9788184676150
9788184767858
9788184808841
9788178359038
9789388415385
9788175415515
9788126716616
9788178358390
9788178357935
9788175415652
9788170305125
9789350144015
9788170305095
9789383762088
9789350142745
9789350142622
9788170262442
9788170002727
9788185972350
9788187879305
9788123767369
9788171512225
9789388333665
9788185891309
9788175414327
9788170306030
9789384052690
9788186117217
9788131909874
9788171512386
9788123766522
9788193393567
9788121225182
9789382711384
9789388333733
9789390513154
9788123788135
9788123786902
9788187812159
9788171510849
9789390477555
9788121204323
9788193457832
9788193457856
9788173155451
9788170194613
9788170305675
9788189798246
9788123779997
9788121204217
9788120738591
9788193631393
9788177557527
9789383751334
9788184957327
9788185972855
9788173421730
9789380829401
9788175416185
9788170218999
9788184958744
9788178356396
9788131902875
9789380829005
9788185972923
9788184956658
9788178356754
9789389012644
9788123711157
9788131945513
9788187498643
9788126905720
9788126723904
9788170287803
9788170602187
9788178061597
9788177691528
9789381709689
9789380829784
9788194092124
9789350024867
9788187418368
9788176466400
9788187393269
9788178061146
9789388542111
9788186982112
9789380823638
9788176467322
9788186771181
9788189850609
9789350141328
9788189850982
9788126927159
9789383098811
9788178224220
9788189886431
9788171196944
9788170595618
9788193875506
9789383723737
9788171196906
9789350027783
9789383098996
9789350027394
9789380823485
9789350027370
9789383723645
9788126909148
9788178357379
9789350026953
9789383723522
9789350026762
9788189886868
9789382460527
9789350026625
9789383723300
9788189886967
9788170949718
9788187644408
9788186771198
9789386799623
9788121243049
9789386300607
9788174792273
9789386288615
9788182880023
9788124609156
9788170492986
9789391950750
9789386300454
9788179750650
9788174141040
9789386283580
9788174790491
9789351287971
9788120821132
9788124609026
9788172052362
9789380070643
9789351292715
9788120319158
9788174830111
9789351282853
9789354350863
9788183072090
9788125911531
9788174870728
9788170493426
9788129135179
9788174870322
9788183075718
9789354910302
9788120823358
9788174830975
9789351282495
9789391950101
9788174830210
9789351280958
9788170118862
9788121922432
9788170174530
9789354791758
9788179507513
9789387464254
9789354227424
9788129105578
9788179917411
9789353763619
9788170557548
9788179912942
9789380076409
9788179915783
9789351483014
9789353579029
9788179916353
9789351483410
9788174507341
9788170558309
9789351483540
9789386450135
9788129151889
9789380031170
9788126409914
9788179920268
9788179921258
9788128814778
9789386410009
9789387462687
9788170555643
9789354224843
9789351365280
9789386348623
9788182650077
9789386349699
9789386392602
9789380076188
9788170492597
9789392088049
9789386397980
9789351429920
9789353901622
9788182054912
9788121506502
9789351481058
9789351481256
9788172054632
9788171696116
9788170494119
9788179254400
9789351483960
9789350728147
9789350725313
9788120831964
9788124801444
9789350726006
9788129110039
9788171789023
9788170551799
9788171789337
9788170119760
9788172760625
9788128008023
9788171820467
9788171824106
9788171825394
9788171827701
9788170119661
9789350577028
9788170119562
9789350640173
9789350640838
9788183285360
9789387698178
9789380031118
9789380031002
9788124804575
9788175052581
9789386054975
9788171780228
9788171781379
9789386071521
9788125037088
9789386108074
9788175053458
9789350722824
9789386071873
9788129114853
9789350723197
9789380026244
9788171787265
9789350724170
9788175053526
9788183283731
9789386262059
9788126704224
9788174872463
9789351131533
9789386228420
9788174872104
9789351212386
9788174871374
9788174871343
9788129106636
9789355210463
9788174873446
9788183224871
9789380069074
9789380069081
9788126703340
9789351247067
9788172613235
9788121510554
9788172613020
9788121511605
9789351045281
9789350571873
9788178984759
9788170521075
9788126920181
9789387648111
9788174875754
9789387643093
9788170006824
9788170006916
9788183280884
9788174875570
9788126920167
9788174875501
9788121513258
9788174874559
9789350930137
9788172700287
9789385995194
9789351037088
9788124610626
9788170582151
9789386450432
9788179922569
9789352663200
9789353221508
9789386906786
9788181438270
9788181437730
9789352660933
9789385609626
9789352661299
9789352662883
9789353022914
9788121296786
9788175100763
9789391080785
9788170592464
9788181433039
9789352664504
9788122200997
9789352664788
9789386906441
9789352533039
9789386906830
9789352665808
9788170113720
9788170114260
9788170590972
9789352211227
9788170008163
9788170591672
9788183610001
9788126477579
9788120815070
9789352290871
9789350501658
9789386936097
9788181464880
9788180565533
9788181464187
9788175100701
9788170592266
9789386906878
9788170592273
9789352665334
9788181430113
9788174351517
9789386850904
9788172317225
9789352821587
9789386867155
9788183610926
9788120811164
9788170110941
9789352764914
9789352765041
9789386768414
9789386867797
9788172247249
9788170110125
9789394902978
9789386827913
9788120043503
9789386799081
9789395737012
9788174360335
9789386867513
9789352825721
9789386906304
9788131601846
9788178837215
9789386680372
9789352666874
9788180691164
9789393768704
9789352669349
9789352700820
9788126919017
9788180691928
9788126466160
9788170112532
9789391080433
9788181290618
9788126467068
9789386871947
9789352827770
9788170332275
9788180692413
9789387164116
9789353228453
9789387164765
9788183601344
9789353338497
9789386473851
9789386473868
9789353332624
9789351505860
9788124607473
9789386473998
9789351521075
9789386493439
9788126419265
9788180140563
9789386546104
9789352202164
9788183600774
9788170490982
9788172110994
9789353245269
9789351485483
9789386473820
9789353450427
9788179929902
9789351484493
9788182040564
9789353495114
9788182040465
9789386473257
9789351484578
9789386473301
9788181970596
9789386473806
9789386473493
9789351484783
9788124608029
9789353490287
9789386473707
9789386473745
9789353451516
9788170464853
9788174505309
9789380031149
9789351941422
9789385721090
9789352201075
9788175100251
9788121267168
9788180315183
9789351941071
9788183602082
9788180317750
9788174504920
9788180317897
9788170115458
9788180318061
9788129100979
9789386582300
9789386582812
9788180318504
9788170588573
9789351867128
9788170116783
9788170020783
9788170462866
9788121500364
9788180313042
9788170586593
9789393113009
9789351863267
9788183601818
9788122003932
9789351864912
9788183602808
9789351866008
9789391125431
9788186791547
9788122436426
9788179919194
9789381620465
9789352762736
9788124802656
9788189526023
9788120806795
9788122436150
9788171513888
9788186939826
9789388247375
9788174790453
9788188452293
9788178220284
9788178357782
9788172146412
9788123771090
9788193663011
9788173044090
9788174362407
9788194964087
9788171201372
9788184301502
9789383202126
9788129107305
9788171676101
9788125016939
9788121207218
9788178061511
9788124604922
9788131944769
9788185047669
9788121212540
9789386473844
9788171103706
9788175101500
9788183746212
9788176222495
9789386473837
9789382898009
9789388038171
9788170004745
9788186771068
9789382898818
9788122613872
9788121205696
9789386473899
9789390923564
9789382821540
9789389598841
9788186895344
9789389598926
9788183743297
9789351506027
9789353249786
9788176222686
9789388912945
9789388902953
9788183745130
9788123760018
9789386473936
9788179940464
9789387809444
9789386473752
9789387809338
9788124604700
9788170582359
9789386473370
9789353493547
9788179929766
9788176221252
9789353494063
9789380076669
9789387324732
9789351484554
9789353494858
9788178220734
9788175101593
9788192570204
9788170186106
9789386473400
9789353492212
9788172083397
9788173293191
9789353490027
9789350463338
9788122500516
9789386473721
9788171102914
9789390923168
9788171102778
9788121237505
9788192055640
9789353490713
9788171102518
9788192129501
9788170582885
9788176221351
9788170491408
9788190746298
9789388933278
9788187138402
9788190402972
9789393113030
9789390923847
9788177701432
9788183601733
9788126425778
9789381506998
9788180313080
9789351777120
9788190540117
9788170462712
9788187107422
9789385285400
9788121500371
9789351862017
9789382607694
9788190592413
9789381523865
9788121267182
9788187332015
9788180314995
9789382579557
9788175100107
9789385285745
9789382579601
9788177697865
9788172143695
9789351865803
9789382585015
9789351865605
9789351865223
9789382607410
9789381506400
9788177903898
9789386534934
9789382711551
9788170224648
9788170117162
9789382677253
9788121205917
9788186921579
9789350464557
9788126420865
9789390923649
9788176222723
9789388022279
9788190734110
9788178063621
9788129102560
9788171679317
9789385273056
9788190702591
9788170116967
9788120818330
9788170286745
9789390923786
9788121500555
9789385285271
9788187067115
9788121501200
9789385285066
9789353245313
9788190627870
9788180311178
9788175054769
9788180310324
9788186939611
9788121206181
9788124604496
9788121205337
9789351484264
9788170008088
9789383111343
9788171673483
9788129139689
9788170556329
9788178233840
9789351480709
9789389958591
9789386397621
9789386397393
9788185952512
9788185952406
9788174733917
9788120790438
9788185952208
9789353902384
9788170118145
9788183870030
9789351482031
9789383110117
9788121202503
9789353764425
9789351482727
9788121213202
9788193984659
9789392510366
9788194020042
9789386397874
9788172055233
9789353765668
9788176014144
9789350355015
9788183860147
9788170007692
9788182500853
9788126700677
9788185891644
9789380070827
9788182650169
9789386338976
9789351362579
9788185832012
9789351361558
9789351309536
9789354351112
9788120720350
9789354352393
9788121213646
9788124600016
9788194915478
9788174790255
9788174790262
9788194787075
9789391139193
9788174766618
9788122414134
9788171641611
9788126707942
9788194446842
9789392040689
9788171641512
9788185891514
9788175054028
9788194739814
9788124600719
9788124608883
9788126707966
9788170555551
9788170554868
9788185861203
9788185972916
9788185972954
9789351869016
9788170301844
9789383064007
9789386450234
9789351483625
9788121204613
9788121212359
9788171013210
9788193431108
9788171012879
9788178223247
9789351483618
9788129145604
9788193433225
9789386446268
9789350460511
9788171012558
9789351483779
9788186230367
9788186230602
9789387330917
9788192648248
9789353496111
9788182040892
9788192681030
9788120802186
9788192763927
9788124603864
9789387383685
9788121205016
9788193071021
9788186265178
9788193245057
9789381234389
9788186230695
9789350460436
9789353576004
9789392573118
9789387409668
9789383098613
9789353763398
9789389867909
9788122419061
9788170308423
9789383098989
9788122417999
9789385160745
9788170557142
9788121203524
9788178224770
9788170556947
9788178224848
9788185988177
9788170001607
9788121212731
9789392573101
9788121212564
9788128817090
9788170005704
9788186117118
9788179916629
9788186103135
9789351483380
9788193602539
9788171010516
9789351483168
9788170301158
9789351483144
9789380336046
9788179916056
9789353760014
9789385285882
9788187332367
9788176460026
9789386871497
9788171203987
9788176500807
9788170245094
9788180960130
9788129100122
9788188230860
9788121208512
9789350484784
9789386906007
9789386906052
9788188071456
9789389231519
9788188071265
9789389231854
9788181290878
9788174368775
9788188322367
9788174368485
9789380183930
9788126728558
9788188569328
9788188569083
9789391028909
9789386871862
9788171320233
9789350485422
9789352827961
9788188452248
9789391028114
9789389136272
9788126730780
9788120351783
9788126727834
9789352761357
9788126726271
9788188043590
9788126900015
9789352705139
9788171201532
9788122201345
9788170592624
9788187943464
9789380186436
9788170112952
9788123720043
9788123717876
9788121210379
9788121268738
9789352669936
9789352669653
9788175100862
9788131913352
9788187966944
9788170112310
9789393863195
9789393863614
9789385606410
9788126725854
9788188018949
9788121210171
9788131937891
9789393863089
9789352752485
9788126725809
9788121290029
9788187981923
9788187981831
9788171202584
9788187981695
9788121209243
9788126466221
9788173153792
9789394200005
9789394902923
9788123731162
9788183611305
9788177213645
9788170110095
9788177213898
9788131918029
9789350488447
9788120835214
9788171305162
9788121208888
9789350487914
9788171306725
9788172241025
9788126729623
9789394902930
9788188965922
9789391028985
9788177146523
9788183611343
9789352766949
9788177211399
9788188951888
9788123739021
9788121242462
9789389143294
9788174361820
9788177145878
9788174361424
9789386826350
9788177211696
9788121243148
9788177211757
9788189059941
9788121208826
9789386863737
9788172234522
9789380183206
9788189233914
9788183613842
9788183614115
9789352822898
9788172236908
9789394534025
9788189233433
9789352824830
9788121208802
9788188575886
9788121209137
9788188575756
9789350485989
9788123725840
9788172237967
9789391080242
9789382337102
9789382337058
9788126465101
9788121208970
9789386863959
9788123726731
9788123741390
9788189131784
9788172238155
9789389136715
9788189173005
9788188643523
9788189182908
9788171241163
9788183613583
9789352874637
9788123716879
9788124608951
9789386906861
9788176465762
9789381620366
9788126902606
9789382536277
9788124606742
9789382536321
9789353226367
9788120352995
9788121297950
9788121211314
9788170114048
9788120837027
9789352211555
9788183606035
9788190082303
9789386936158
9788187392842
9788122007923
9788176466530
9788171196326
9788171196319
9789353222727
9788123750781
9789385385513
9789386906984
9788176466509
9789381626320
9788131907382
9789352292530
9789352290734
9789388984034
9789353224974
9789381626399
9788124606704
9788170283409
9789382536512
9788170354338
9789386582195
9788183602204
9788183602174
9788170284000
9788123707334
9788176461122
9788187332848
9788170590262
9788176460200
9788176460088
9788176460057
9788124606063
9789351940852
9789351869696
9789387980952
9788170461364
9788190095761
9788180404337
9788124606483
9788190115940
9788174351159
9789352201051
9788126902996
9788177692938
9789382536673
9788187368922
9788177692952
9788126439300
9789387980655
9788126436743
9788126903276
9788187368984
9788189973667
9788187498636
9788187943303
9789353222468
9788171198498
9789382454014
9789352665051
9788183640008
9788183640015
9789380143521
9788171198139
9789352663965
9788131909249
9789352663880
9788126901746
9788173155932
9788183640725
9788173156168
9788181433657
9788183630641
9788171198542
9789380188027
9788121210454
9788187943099
9788181295378
9789352668328
9788183619318
9788181330024
9789352876143
9789350484012
9788187812616
9788123715360
9788183619370
9788176480994
9789386906373
9788170113041
9788189757465
9789352663668
9789381864173
9788183640749
9788124607138
9789386618276
9788181461612
9788178840994
9789387968516
9788170592396
9788123711164
9789353221935
9788181460233
9788126901890
9789352301485
9788124607053
9788181462695
9788123749617
9788181463524
9788170355182
9788171328505
9788187780915
9788171197590
9789381860250
9788171197668
9788181435651
9788171197606
9788189850654
9788126706846
9788189866426
9789352645060
9788126725144
9788171197286
9788176467452
9788181438256
9789393768308
9788126724437
9788185787527
9788185524283
9789350027240
9789387698826
9788178359021
9789350022436
9788121508360
9788179255247
9788124800461
9788170006701
9789380069234
9788122304411
9788121244503
9788126705405
9788175414884
9788121235198
9788175415065
9788121619288
9788126705412
9789390366002
9788170118961
9788183076609
9788174831040
9788183282819
9788121264990
9788178983028
9788178354781
9789388423267
9789390366569
9789384850586
9788170174172
9788124103807
9788126717637
9789390378548
9788178354798
9788124800195
9788121509145
9788178357805
9788184030266
9788121508902
9789350144770
9789350144794
9788170002260
9788170520719
9788175415546
9788121613286
9788175416413
9788124020142
9788131790540
9788121260602
9788170551447
9788171510641
9788124609538
9789390660322
9788170551232
9788121902144
9788171511495
9789351280866
9788184004038
9789390315758
9788170551508
9788175414853
9788123788494
9789386191731
9789380854243
9788173045271
9788182992511
9788175414310
9788185170213
9789350729724
9789350025987
9788122304862
9788170002789
9788123782140
9788174830951
9789350834503
9789390660674
9789350020913
9788123774176
9788184191448
9788124800591
9789390441242
9788171829941
9788170194668
9788121224604
9789390327829
9788170521617
9788123781792
9788178690698
9789385936517
9789350335710
9788175414563
9789350009741
9788121801638
9788170494331
9788178357720
9788124104040
9789350026601
9789383723331
9788120727304
9789350025697
9789350025611
9789351243168
9789350025574
9788178355559
9788184959925
9788178357263
9789355210555
9789388642484
9788178357294
9788175241268
9788178355528
9789380829463
9788124609729
9788121220064
9788175415928
9788120825604
9788178357324
9789383723263
9789390366996
9789383723249
9789380069029
9789351243021
9789386228840
9788120724563
9788178356440
9789350026076
9789388536202
9788171885596
9789388478564
9788126710799
9789383723010
9789350026311
9789384753405
9788170601524
9788184953459
9789350026342
9788184953176
9789390366743
9788126704736
9789383723188
9789351246480
9789383723577
9789386228123
9788175416338
9789351247951
9788175102477
9789350023938
9788178355108
9788184050080
9788121109918
9788124611852
9788178357621
9788185047119
9788124800003
9788183280570
9789384850395
9788131720196
9789350023808
9788124800058
9788185047409
9789384850418
9788185047621
9789350023495
9789350142189
9789390366637
9788123770420
9789350333549
9788170553533
9788185002705
9788175102576
9788170600190
9789383723676
9788183223300
9788124609934
9788173809743
9789355715869
9789351246886
9788124108482
9788121219914
9788178355177
9788175102552
9788170174127
9789380049076
9789350980507
9788126703326
9789350141373
9789384052430
9788128016691
9788124800713
9788174790781
9788174790675
9788122310993
9789380927305
9789350290217
9788175970106
9789384363307
9788172761868
9789350290507
9788178271354
9789385031571
9788121228589
9789391256982
9788170189855
9789380359717
9788124802502
9789350295823
9788171566532
9789350297537
9789350682357
9788171783861
9788185378084
9789350682333
9789391982072
9788184301342
9788126712168
9789327287356
9789384344092
9789384344177
9788175963115
9789386300416
9788170188995
9788171563722
9788123799513
9789384344627
9789385031472
9789380637556
9789391950798
9788173042218
9788185324098
9788120779976
9789385031533
9788128811746
9788175972278
9788122405248
9789384343682
9788195568857
9788185616384
9788125000846
9788195411092
9788195354610
9788124804469
9788170189633
9788129112545
9788185622156
9789386001917
9788184303780
9788126712403
9789350643259
9788185636993
9788195099559
9788171641147
9788124803530
9789384588786
9789387464407
9788121266024
9789380070667
9788125010227
9788170118459
9788175411333
9788170307211
9789386054814
9789388753524
9788184420777
9788175972902
9788172762056
9789380070636
9789387693944
9789350680964
9788184402940
9788185484877
9788123771496
9788121230643
9789350500231
9788184306323
9788172762858
9788175411364
9788185616148
9788185616193
9788122316209
9788175101883
9789351284765
9789388689731
9788171788712
9789383392537
9789386283566
9788124801079
9788171640553
9788175414037
9788124801338
9788123929330
9788175417564
9789387698888
9788172760960
9789383391516
9788175262508
9789390175369
9789350724576
9789391950514
9788179750476
9789384343552
9789390166831
9788126715022
9788175417397
9788175414129
9789351282501
9788172764180
9788173031656
9789387698864
9788182991590
9789350174906
9789350579152
9789388243476
9788171795208
9788170493181
9788182902657
9788125918769
9789380070575
9789350002940
9789350175057
9788175417229
9788178801469
9788126711963
9789350726181
9788179750483
9788171640607
9789350723210
9788175418660
9788184301311
9788124802304
9788129115164
9789386296672
9788131758007
9788175418400
9788123793023
9788123794211
9788170306719
9788123795492
9789350723302
9788175412781
9788123795911
9789354470141
9788173701108
9789386300195
9789350723203
9788170594697
9789354470011
9788123797229
9788170770329
9788178356709
9788170770213
9789350723647
9788131761076
9789354470974
9789390101085
9789354471469
9788172761349
9788175053465
9788126719662
9789384225216
9789350178638
9788175413542
9788122315424
9789350723470
9788174363435
9788187879619
9788184302936
9788190191272
9788175974340
9788178839141
9788129121110
9788184300642
9789352766208
9788183820387
9788173031274
9788185586830
9788187879169
9788124606629
9789384225445
9788173042140
9788173041310
9788120817821
9789382536550
9788128400353
9788186939208
9788174364326
9788121940580
9788184950014
9788182748859
9788173044229
9788174365828
9789352705665
9788131906316
9788184303025
9788120339538
9788171548804
9788131917732
9788128811432
9789382419297
9789387894471
9788120807631
9788185988252
9788181290663
9788183615167
9788123794297
9788181291721
9789384753283
9788185990330
9788185288741
9788186024034
9788188071272
9788188043521
9788186030691
9788188043170
9788181291844
9789385160677
9788181292063
9788186098066
9788130202778
9789384225452
9788171640850
9788188161447
9788179775684
9788121202459
9788184550382
9789383110322
9788120703988
9788126442201
9789383110254
9788124802328
9788123798196
9788185301846
9788173048814
9788188322510
9788178230382
9788178230337
9789384649104
9788171563227
9788188071333
9788123797830
9788126721085
9788180960147
9788126720590
9788185972886
9788188225842
9788178224947
9788123795515
9788120821163
9789384343248
9789385509407
9788186098523
9788123795508
9788126402182
9789386102911
9788171675531
9788185170404
9788179508732
9788128811333
9788124800997
9788123791852
9788121204224
9788170188513
9788170119784
9788126719044
9788171571109
9788171414161
9789386906229
9789383441372
9788171513406
9788181333834
9788130202679
9788178223193
9788183619608
9788126474967
9789386906328
9788183619929
9788171512676
9788178223162
9788187853305
9788123790138
9788131609897
9788187812432
9789388134460
9788129100801
9789386906182
9788130201245
9788123767406
9788120821408
9789388326711
9789383098699
9788188452804
9788170118114
9788170118107
9789388241441
9788123792903
9788183616539
9788183616690
9788171676194
9788181293251
9788126719235
9788181294449
9789386906175
9788123792057
9788187943976
9788173044106
9788126712151
9788178223421
9789383098354
9788172763459
9788182902381
9788187943433
9788126714483
9789384119614
9788185211565
9788183619127
9788171320509
9788171784813
9789385031465
9789386050441
9788185832074
9789382300649
9788183611251
9788171304806
9789388753784
9788124802533
9788177213867
9789386347077
9789383233717
9788185616377
9789386850874
9788185891125
9788172052706
9788172052508
9789382300618
9789382332299
9788185891262
9788177214185
9788123925387
9788184353082
9789386863188
9788184353853
9788180694417
9788131931493
9788170189817
9788184354157
9789386050878
9788123741178
9788124802717
9789382300533
9789386397959
9788172455224
9788172310134
9788126452927
9789384588892
9788172311063
9788172455231
9788184302738
9788183611336
9788123737652
9789385606151
9788171303342
9788124803431
9788184302868
9789386338259
9789387464803
9789382300496
9789388173773
9788126712175
9789389143218
9789384588045
9788121200981
9788184305234
9788177212310
9788121200974
9788124803622
9788126451388
9788124803660
9788184305272
9788185617879
9788183612395
9788184400762
9788171307845
9788170118169
9788123906805
9788172763909
9788170189923
9788188583409
9788172764265
9788121200745
9788183614122
9789387457621
9789386870537
9788172454456
9788184514162
9788185952642
9788177420814
9788172318406
9788170110811
9789386300980
9789382396147
9789389136401
9788188575411
9788188575312
9789386871268
9788120796102
9788126700530
9788188575275
9789384346430
9789384344672
9789383046386
9789384344634
9788126105724
9788131607022
9788170003649
9788172054175
9788183612500
9788178235394
9788184401684
9788123741260
9789386054432
9789387462168
9788171640942
9789386303240
9788185891613
9788123771984
9788120755901
9789389136746
9788126701094
9788185399416
9788171641673
9788178235202
9788185381220
9788170118329
9788173041853
9788129110596
9788185944692
9788173029585
9788129110459
9788131931509
9788183610797
9789384625702
9789387894907
9789386450456
9789386191151
9789382449195
9788123752815
9788123779744
9788123758978
9788120829497
9788120801066
9788124611173
9788171881550
9788170006992
9789388933001
9788121205740
9788121205757
9788185002781
9788120819375
9788187368274
9789386224491
9788120807761
9788183743242
9789385288289
9788187332732
9788178832500
9788183223775
9788180317613
9788179941362
9788187332534
9788180315794
9788179070444
9788186912065
9789383723652
9789382579120
9788120809567
9789387980860
9788170001973
9788126716906
9788180460517
9789387146716
9788183281508
9788183281263
9788179940440
9789384721190
9788124607619
9788124606513
9789383649297
9789387980570
9788185054872
9789383649686
9789385719080
9788178355023
9789387980815
9788124605813
9788170007227
9788124607459
9788128811326
9789382536697
9788183745963
9789382536734
9789382536888
9788186771426
9789386606068
9788170010234
9788178832357
9788180370137
9789386224873
9789386228147
9788123789118
9788129101815
9788184957471
9789387198005
9788177865028
9788187248675
9788183601412
9789388933803
9788120808362
9788177868494
9788121206617
9788121206624
9788181581822
9789383684854
9788181580429
9788180312069
9788126524518
9788125902102
9788187108757
9788125060123
9788187107309
9789383684885
9788177869378
9788181581525
9789384753351
9788177869958
9789388933940
9789387214927
9788187067368
9788184050561
9789383723157
9788170002031
9788187332275
9789385285738
9788186921180
9788180315176
9788177696288
9788184950687
9789385285875
9789386228185
9788120825505
9788126431250
9788170219071
9788120722767
9788124108642
9788128808081
9788183225496
9789385252938
9789387809598
9788126704002
9788183225571
9788183601856
9788180313349
9788186939314
9789386228598
9789382607618
9788172141004
9788126723287
9788183225670
9788183740449
9788121206099
9788184958164
9789382901662
9788183281522
9788184823868
9788171426379
9788183071161
9788181438249
9788124604090
9789388131025
9789386473042
9788170119715
9788121205238
9788185170060
9788124607343
9788171426911
9789386473103
9788170002734
9789386906618
9788185170053
9788126414703
9788171425143
9789388247887
9788185141558
9789386906809
9788170119678
9788126715527
9788182040649
9788181462558
9788126715534
9789386200693
9789386473141
9788186338254
9788177563542
9788171429257
9788183641043
9788183281577
9788170117810
9788170001379
9788187812074
9789386906434
9788186230633
9788126706501
9788170188179
9788170005513
9788126410248
9788186265055
9788124608227
9789387383432
9788187812067
9789384649746
9788125040521
9788126476817
9788123787992
9788123787299
9788123787152
9788121204989
9788183070034
9788171825110
9788123747859
9788183070638
9788179922217
9788170001294
9789389104363
9788183640978
9788128700286
9789382460664
9788183072588
9788126715619
9789386473608
9788124800478
9788184809657
9788124608173
9789388982672
9788126717866
9789387324619
9788181914156
9788183610650
9788181467119
9788124606780
9789382536215
9788181467126
9788124608159
9788187392699
9788183284523
9788180561849
9788180560972
9788173031052
9788181902610
9788125047247
9788178358222
9788178358154
9789387103030
9788124605271
9788185091525
9789386473660
9788124101940
9789382536482
9788126718009
9789388984041
9788187392903
9788186569221
9788126710508
9788170195214
9788178359922
9788183284509
9789388247252
9789385909023
9788121200226
9788184030020
9788126724048
9788185141060
9789387968806
9789385385629
9788182040274
9788170002413
9788179480427
9788180563379
9789385385452
9788178359588
9788171395514
9788130900278
9788120814653
9789385385421
9788121205467
9788187393009
9788121205573
9789386262332
9788183610667
9788123770079
9788188204649
9789390923281
9789351288381
9789389958522
9789389958652
9789353223557
9788122415315
9788194279983
9789352293513
9788170821052
9788194446897
9788170492610
9788189982485
9788189982195
9788194510949
9789353222444
9789389958935
9788120347366
9788173156298
9788131907580
9788175977396
9788122413335
9789351306238
9789392013133
9788121296762
9789351302094
9788170813248
9788194897095
9789381678060
9788176466165
9789392147623
9789353900342
9789381162903
9788190122702
9788190115926
9789352290451
9788121506526
9789351480174
9788176464765
9788170283096
9789352293209
9788121213141
9788126909216
9788193984673
9788174763280
9788174761200
9788176465236
9789353901943
9788176465243
9789381620250
9788122417050
9788173157332
9788194102908
9788176013291
9789381620526
9788170867265
9788122411379
9789351288084
9789353767396
9788195061723
9788131900529
9788122315868
9788175418356
9789352661213
9788175418172
9789390101962
9788175417922
9789352662784
9788170303428
9789352663873
9788174830227
9788175417304
9789352664023
9788173155413
9789350002513
9788189757878
9788174830340
9789354892462
9789351280545
9789350004746
9789351280194
9789390315567
9788174870148
9788121507097
9788189757823
9789351283911
9789352660766
9788175812024
9789381030042
9788195124848
9789351287759
9788121296588
9788170801610
9788170800866
9788195308569
9789389982725
9788131908068
9789353213121
9789351287032
9788174791368
9789352641970
9788121210577
9788173156243
9789381017753
9788123711591
9789381017722
9788170797319
9788131908563
9789326350464
9789326350723
9789327269413
9789354471933
9789380918310
9789351482550
9788121213011
9789393111470
9788171094776
9789353490690
9789353491291
9789351484677
9788126904129
9789381406106
9789353493226
9789353493523
9789381523018
9789351484592
9788170461371
9788191063608
9789381350652
9789353494926
9788192075235
9789381325360
9789381325070
9789353495121
9789351980841
9788192269405
9788121212137
9789352017133
9789381523438
9788190391139
9789389647846
9788121211567
9789392757006
9789392757112
9788123701462
9789381406830
9788173292149
9788121501460
9789351864813
9789353245184
9789351659839
9788170288541
9789351866350
9789351867531
9789351622918
9789389598551
9788121505383
9788123703305
9789392757327
9788176240406
9789351501855
9789351485001
9789381506271
9789389598940
9789351484974
9789389598957
9789381506592
9788176240727
9788121267328
9789389600230
9788176221245
9789352042500
9789351482628
9789353496746
9788193393581
9788174352897
9789353573621
9788176460613
9788193432068
9789351483069
9789353227555
9788171011636
9788193547137
9788193547151
9788193547540
9788176128995
9788176461894
9788170283690
9789353226299
9788193600085
9788131903056
9789351482758
9789381607268
9788193631362
9788193642481
9788176126120
9789393768162
9789353765606
9789353766344
9788171014255
9788176460101
9788121212342
9789381523971
9788170285601
9788192611402
9789381523773
9789353497248
9789353497255
9788171080229
9788176212601
9788131903230
9788192932439
9789381523940
9789381523957
9789353497262
9789351483649
9789392574023
9788176210973
9788176210454
9788193284155
9788190363624
9788123706528
9788193287835
9788193295649
9788174352576
9788171020195
9788123706719
9788120322134
9788121509473
9789352665358
9789380070629
9788174366146
9788123725000
9788170556510
9789352821921
9788170556879
9788170557777
9789350298077
9789382203520
9789380076638
9788121230346
9788121230988
9789380076782
9788175054684
9789390620456
9788175054752
9788170586142
9788189128128
9788170586715
9788170588306
9788175411074
9788175410930
9788175100237
9788170589358
9788122310047
9788170590293
9788175411777
9789380070605
9789351248767
9788170594130
9788126730742
9788170306238
9789350174869
9788189297480
9789350640081
9789350640005
9788175053489
9789350570760
9789352826926
9788121909402
9788121225847
9788170553298
9788175413498
9788175413122
9789380677347
9789390595600
9789380069289
9788175412378
9788174368126
9788175412149
9788122311440
9789380069449
9788122311198
9788175411968
9788175411951
9788122309355
9788189059309
9788122309294
9788122309157
9789380397627
9789390971909
9789380349640
9788123731742
9789390971664
9789380349381
9788175101814
9788188951871
9789350468951
9788175101777
9789350468364
9788175101289
9789380227474
9789390767342
9788170593577
9789390834747
9788123731896
9788121240185
9788175101630
9789390923953
9789390900893
9788121237185
9789390923137
9789390923229
9789390923243
9788177144680
9789350484371
9789380186429
9789380534299
9788175100688
9788126913640
9789390652280
9789352779314
9788122306583
9789382225577
9788131918050
9788170307839
9789380534459
9789380534428
9788170307860
9789380183053
9788175102040
9788173807558
9789352766192
9789390660964
9789380183091
9789350486115
9789380496016
9788175102460
9789380186382
9789350335796
9788120340978
9788177143966
9788170306085
9788123723433
9788171208517
9788121262439
9789355620026
9789355620095
9789355620187
9789355620347
9789380829081
9789352669776
9789350980910
9789393768902
9789380829050
9788174875365
9789350026236
9788174875655
9788189630324
9789380823416
9789350026335
9789356296589
9788170356622
9789380823058
9789389243055
9788174876379
9788175415942
9789350026571
9789350026809
9789350027219
9789350025345
9789390366651
9789393863270
9788131910177
9789351247081
9789355182951
9789351246541
9789390366293
9788175416383
9788189750282
9789350023389
9788189738860
9789355210890
9789350023556
9788171198955
9789350023563
9789350025161
9788170603115
9789350023976
9789390366644
9789352666331
9789350024676
9789380829760
9788189632076
9789380829661
9789355213921
9789350025154
9788121219938
9788121220484
9788122312423
9789390378562
9788175052949
9789382122098
9789350684276
9789393986030
9789350683705
9788171207145
9789391256111
9788176501354
9788175052529
9788171208289
9789350681282
9789390477401
9788175053076
9788121224277
9789380031033
9789350643815
9788121246316
9789391165840
9788175414549
9789350642863
9788175414532
9788189430184
9789350642030
9788123723228
9789350641361
9789350688878
9789350722190
9789390441822
9789389231090
9789390378593
9789350145043
9788175050709
9788170551393
9788171203178
9788121906050
9788175052215
9789350729366
9788126730827
9788175415201
9789350729342
9789350729298
9789350726853
9789350726358
9789350726068
9789350725825
9789393863775
9788131788639
9789350724675
9788175414570
9789382109259
9789350723074
9789393863812
9789382120094
9788170463351
9788124604939
9789332519107
9788121202701
9789352766741
9788126917501
9788175415263
9789380069456
9788186939338
9788190882163
9788120351332
9788184950793
9788122310115
9788121204828
9788122306279
9788173047572
9788177000245
9788120815704
9788121209427
9788181290571
9789350172438
9788122311501
9789352762767
9789383838271
9788172761707
9789390477142
9788171786787
9788181290694
9789389136289
9788129110442
9788181290274
9789393986269
9788171309924
9789350680896
9789390477241
9788171427642
9789386054203
9788172762568
9789390477173
9789388351294
9789350681954
9788188569007
9788171427307
9788171427147
9788171427130
9789350682500
9789350723104
9789350172087
9788184620481
9789352761388
9788178358970
9788175415249
9788120728776
9789389231205
9789350170519
9788175415164
9788189485245
9788188204892
9788170338123
9789350171349
9788170245599
9788171789160
9789380005508
9789380009551
9789386071989
9789350171677
9788178359953
9788172761189
9788175414808
9788181290724
9789386108012
9788173070204
9788170195153
9788121260480
9788171788200
9788172761523
9789350172070
9788171788170
9788175052840
9789350643969
9788171428564
9788175413696
9788170306306
9788188575732
9789350640036
9788121209151
9788124800942
9788124800539
9788120744325
9788123723648
9788175053595
9788170110071
9788131917916
9789380034591
9788175053625
9788175413887
9789350177518
9789384067298
9788175053632
9789388326827
9789384225391
9788188575947
9788188575978
9789386871367
9788189261856
9788175413030
9789380069036
9788175053939
9788188583379
9789390600045
9788175412859
9789389136517
9789384343941
9788170306290
9788189430566
9789350642825
9788175412200
9788129109668
9788188569557
9788126728381
9788173862458
9788188569946
9788175053144
9788178691008
9788172763565
9789391165284
9789386001702
9789386001696
9788131914625
9789352763306
9789386001269
9788189297640
9788121208710
9789391165161
9789350642443
9788171510740
9788175414525
9789390495221
9788180692260
9788124802434
9789350641484
9788126715299
9788171512263
9789394046030
9789350641200
9788126442393
9789387693104
9788126727605
9789389136210
9789386228338
9789350023891
9789352666133
9788170001966
9789388550192
9788189738310
9789351135555
9789350024416
9788185002873
9788185002866
9788121210393
9789350024508
9788176492546
9789380829777
9789386667816
9789351132196
9789386231895
9789386906298
9789386228291
9789350025109
9789386667960
9788123719139
9789393768650
9789386680716
9789350025376
9789386228130
9788172700270
9789381997932
9788171202560
9789352667277
9788173046933
9788181430878
9788183227551
9789350025703
9788189750992
9788170493839
9788185141114
9789350021019
9788171888870
9788123746722
9788126718429
9789351249351
9789351248927
9789352665556
9788172331276
9788123745985
9789390366170
9788170303947
9788183223447
9788175416406
9789352666041
9788183224161
9789351246510
9789390366491
9789351243519
9788170001942
9789350023228
9788189750688
9788185047980
9788120826410
9789351243472
9788185047898
9789355210708
9788185047676
9789386667083
9789351031352
9788179046999
9789386870421
9788171858958
9788181292186
9789380816203
9788178980683
9789350026861
9788170520856
9789350027080
9789389231878
9788128804885
9788178357393
9789390378234
9788183284516
9789357942379
9789357942393
9788175050006
9788175050518
9788181292285
9788121220323
9789382419280
9788181291950
9788181291875
9789382419167
9788175050679
9789389231588
9788175052123
9788121260640
9788170006572
9788189491550
9788171820450
9788123721774
9788128025853
9789383723270
9789380816753
9789352668748
9788184954975
9789386906151
9789380829029
9788171202973
9788178987590
9789350025918
9788174875433
9788170218647
9788184955712
9788184955583
9789380828268
9789393863065
9788184955293
9789356290204
9788188040001
9788170211709
9788184951653
9788170006930
9788184954739
9789356290327
9789356293717
9788181292742
9788184953473
9789382011590
9788184953206
9788180313073
9789382025016
9788171203000
9789389237092
9789350026502
9788178981505
9788171563241
9788176240024
9789386870162
9788183640039
9789380386706
9788183619400
9789350336816
9789350482568
9789388211642
9789350336830
9788178835372
9789350336847
9788183631242
9789387968134
9789395374552
9789350336878
9788124201558
9789350336885
9789350337455
9788175101913
9788183640060
9789350480915
9788183640084
9788183640091
9789388183437
9788178835266
9789350337653
9788126708628
9789350338230
9789350338353
9788124314678
9789388173513
9788188955831
9789350469286
9788171640843
9789387944329
9788120835368
9788184007350
9789380183497
9788183615143
9789350484456
9789384850258
9788183615730
9789350484449
9788188965991
9789350333709
9788183616041
9789387942103
9789350335185
9789350335505
9789350335512
9789385502095
9788174361998
9789350484333
9788188826384
9788123733159
9788126710294
9788170110156
9788188965649
9788175102033
9789350336304
9788183619172
9789387944022
9789350336373
9789388241939
9788183619226
9789350336427
9788175101951
9789380349152
9788171303335
9789380183268
9788124604489
9788188869176
9789385285899
9789350466483
9788172765026
9788124603628
9789389165173
9788121239387
9788188934171
9788170005292
9789390900626
9789350461730
9789385285585
9788129509109
9788120800571
9788175101623
9788121240406
9788123734866
9789385273926
9788175101487
9788188934478
9789388070447
9788121237277
9789386799531
9788188951468
9788178832746
9788124605448
9789389165074
9789380262765
9788188934782
9788178832272
9788175101678
9789350466520
9788124600764
9788175101210
9789387968622
9788178835037
9789350338377
9789350338391
9788124601198
9789350338414
9788171303243
9789350468081
9788124607015
9789387968844
9789350467626
9789380222585
9789350338674
9789350467206
9789350338704
9788183822381
9788170003922
9789380336602
9789350338735
9789350338742
9788183861229
9789390961689
9788177211160
9788175101296
9788123737485
9788175101722
9788175101326
9788175101401
9789389143386
9788175101692
9788173861383
9789380183244
9788129129970
9788124607558
9788170581802
9788170003267
9788126465804
9788175054226
9789352763399
9788184403855
9788175054516
9788122310832
9788122310825
9788175054653
9788124607602
9789382337096
9788175411517
9788124607596
9788172238384
9788188643547
9789385755965
9788172239206
9788123727622
9788184305784
9788126449705
9788184305494
9789352764877
9788171307425
9788183601993
9788170588993
9788126712687
9788120810976
9788171245116
9788189059811
9788175411746
9788129200532
9788184303605
9789384363727
9788121227506
9789350020982
9788121227582
9788177420579
9789386870094
9788126713417
9789384344931
9789384344955
9788175411821
9788122311006
9788171563944
9788171564408
9788172235284
9789380069975
9788184514445
9788171566563
9788170306962
9788123742205
9789380070612
9788121228701
9789389204032
9789386702081
9788120752221
9788172764494
9788175053977
9788175054219
9788189182427
9788172237554
9788170559849
9788170581642
9788170590279
9788183602396
9789380496061
9789380534268
9788124018934
9788124019573
9788173031571
9788183611121
9789387894495
9788121243087
9788173807039
9788122205138
9789380534312
9788121295635
9788121242707
9788124020029
9788171568338
9788170188476
9788124020593
9789382310099
9788183611916
9789350488331
9789380534138
9788170110545
9788124103715
9788122301489
9788173808302
9788124105207
9789350487884
9789350330746
9789380502809
9789350332542
9788172312909
9789380496146
9788183610728
9789380534466
9788177214208
9788173802072
9788184303216
9788126712397
9788184302929
9788126729616
9788172239282
9788121231824
9788184302714
9788184302578
9788184302431
9788172239701
9789380578101
9788170307495
9788175100589
9788183610681
9788184302134
9788126711680
9789382332305
9788184301892
9789350501498
9788177213973
9788122200058
9789385609763
9788122307139
9788120802070
9788175100725
9788121233866
9788178837147
9788189020354
9789386863171
9789350500941
9788185141169
9788184953183
9789350020708
9789386338587
9788126404698
9789353579203
9789392510847
9788187368281
9788126402793
9789352230952
9788186101636
9789383098187
9789353226329
9788186098981
9788178223445
9788179915547
9789386410863
9789386410849
9788179915356
9788190161770
9789352231690
9788170301264
9788186098639
9789387004245
9789353764302
9788121212755
9789382536802
9789383098798
9788126903177
9788172344900
9788185141398
9788193883419
9789387004238
9789352210824
9788171414390
9788120347762
9788178223155
9788178222516
9789352203246
9789392574016
9788186230503
9788186230480
9789351483854
9788186230435
9788170001430
9788176210324
9788186230268
9788171016402
9789351483663
9788186230206
9788170352259
9789392554025
9788126409181
9788186230022
9788178223223
9788186211182
9788181469533
9789353229092
9789351483472
9788193427620
9788176460422
9788179918081
9788177693263
9788193433201
9788121204316
9788121203937
9788176463393
9788186047217
9788178235059
9789387462335
9789386906960
9788121207256
9788185952581
9789387462571
9789381709153
9788170351740
9788185952321
9788185952239
9788194357964
9789389958843
9788178234335
9788178234793
9788121266260
9789353907129
9788172455132
9788194413707
9789351363743
9789354325441
9789383166305
9788180566950
9789386338846
9789386338747
9788187474920
9788180567001
9789353222345
9789352296675
9788185891187
9788175977549
9789383111374
9789381182918
9789386397515
9788181466600
9788121203302
9788181466518
9789351481904
9789389471199
9789351481430
9788170949671
9788121202688
9788172054311
9789382536413
9789386397690
9788172453183
9788177692129
9788121202374
9788174790187
9789388789509
9788174732798
9789351480082
9789382536338
9788120814530
9788120814356
9788176016261
9789351480075
9788170113454
9789353224080
9788178231617
9789381620922
9789353904630
9789386450760
9788123765532
9788172152154
9789351505808
9788121205801
9788172110109
9788172144098
9788126419531
9789388933322
9789382716518
9789382742920
9788174505514
9789351867791
9789382788133
9788179940648
9789351505846
9789388933179
9788170289012
9789351623243
9789353336813
9789351485582
9789381406601
9788178063935
9789353450595
9789351868903
9789386473776
9789351941163
9789381506585
9788180317538
9788126434930
9788186791400
9788171163175
9788187075707
9788126429868
9789386473684
9788190692984
9789351790525
9789392963025
9788126425259
9788190632416
9788171162369
9788180312878
9788120817661
9789351772767
9788170462583
9788186939536
9789392834165
9788121206235
9788186939529
9788126423415
9789381431313
9788120817883
9788131904701
9789353243241
9788186939161
9789351864493
9788176223430
9788187075264
9788123704937
9789392820014
9788186921609
9789389598063
9788180314179
9789382711490
9789351941330
9788123760162
9789353229467
9788170001287
9788121298315
9788186470633
9788131903421
9788179926925
9788121298254
9789387330894
9788121205344
9788186469750
9788186413074
9788186339688
9789387331495
9789352120857
9789352200108
9789381523803
9789389647921
9789381523834
9788170115311
9788192978017
9788186265963
9788187332145
9789387383340
9788126411603
9788193144060
9788121204880
9788186265420
9789353497309
9788170285496
9788186265123
9788182040809
9788192369068
9789351941798
9789353494087
9788120809390
9788179940105
9788186771730
9789382622192
9788191031171
9789386473431
9789386582157
9789388892216
9789381394854
9789382618089
9789386473318
9788171103294
9789382901006
9789386582423
9789351484448
9788179929674
9788131903858
9789386473233
9789353494995
9788187288879
9788123706474
9788170289494
9788192219158
9788187313137
9789389647068
9788179926949
9789386473158
9788190402927
9788187498469
9788126401062
9788126702930
9788120346994
9789351282617
9788123749600
9788179751725
9789386300836
9788131907627
9788194865421
9789352664276
9789353026929
9788194844310
9788170007500
9788126476633
9789390315208
9788189955311
9789351280453
9789351283454
9789352664467
9788185229300
9788194820048
9788121200929
9789387472891
9788195539239
9788174830982
9788181460547
9789351283461
9788174791016
9788178236360
9788126701988
9788189833411
9789383392780
9789353175214
9788174353559
9788185787565
9788121213707
9788126724291
9788179506561
9788189765149
9789383413065
9788123714844
9789351288718
9788121201087
9788122314557
9789381063637
9788170118831
9789352662814
9789381063590
9789382460749
9788170802396
9788187812401
9789354659478
9789351280750
9789350003671
9788126722471
9788170001812
9788175975033
9789386628732
9788177568479
9788126722440
9788131909041
9788187780960
9788187812494
9788175975330
9788181461919
9788129104915
9789386906755
9788194739876
9788180591006
9789352643752
9788185381367
9789386316974
9788185616100
9788177545241
9788185891071
9788171899920
9789354613708
9788185891118
9789386322210
9789383202355
9788121213868
9788170493457
9789381753118
9788175970366
9788194628958
9788185301723
9788121214087
9788173048821
9788189833848
9788175417151
9788182880603
9788187812784
9788122316599
9788178236124
9789351306191
9788170493150
9788122413106
9788131901793
9789387464704
9788122314151
9789390315963
9788121207997
9788123711744
9788178236278
9789351285212
9789386316721
9788178270852
9789386316790
9789351283805
9788185301150
9788174791863
9788122315646
9789386300386
9789393768421
9789380854809
9788189914059
9789386300225
9788189833640
9789386316714
9789352920617
9789386300171
9789351283492
9788126929214
9789380070155
9788174360151
9789380828879
9788192702117
9788122310092
9788122436693
9788178063638
9788124600733
9788178223179
9788121206440
9789352765201
9788122304244
9788174363084
9788176932103
9789352766314
9788124603413
9788184620757
9788173046902
9789392834011
9788174360717
9789351524724
9788120328495
9789380186092
9788170462774
9788183616270
9788172080624
9789352666669
9788183615921
9788170007180
9789386228161
9789350465776
9789351131526
9788183741699
9789380186269
9789386906250
9789386473202
9788170005193
9789391897017
9789353040604
9789353115579
9788170005186
9789351249368
9788178833712
9789350465868
9789351952268
9788170308706
9789351283478
9788175101418
9788170110149
9789351246794
9789386582232
9788178834207
9789385285769
9789351941996
9788183618007
9789386554086
9789351247852
9789351280163
9789351248842
9789351862734
9789350484395
9789351283737
9789390923861
9789385285455
9788178833781
9789350484494
9788170110118
9788183619066
9788183744522
9788129104205
9789380262055
9788120829091
9788170006985
9788126522675
9788175101494
9788170493969
9788170117728
9788178832418
9789351484134
9789352776603
9789380262864
9788178832371
9789351790976
9789350980927
9789350463758
9789385606137
9789351283966
9789353497231
9789352669981
9788126424733
9789351484196
9789380183381
9788178833033
9788126917693
9788183613880
9788178833255
9788183220217
9788172050344
9789351249672
9789351131519
9789350486016
9788121238625
9789385538414
9789387164901
9789352667208
9788170118664
9789352022458
9788125054368
9788170004936
9789352660698
9789386473134
9789385252891
9789352766215
9788183618809
9789353493530
9789353243265
9788124606735
9788120825772
9789351501336
9788170007401
9789355212177
9789353450243
9788129107114
9789391950231
9788183640701
9789350480526
9789351223702
9788120817012
9789351941064
9789386228666
9788126704262
9789390971831
9789380222943
9789387968325
9788124606728
9789351160250
9788124606711
9789390971671
9788125047599
9789351868392
9789355211583
9788170117469
9789355210562
9789353249762
9789386906397
9789387968615
9789350468272
9788121504515
9788178835150
9789380222356
9788174361233
9789390971329
9788175101050
9789351281078
9789380222479
9788172310080
9789380222523
9788121241281
9788120835351
9788180315046
9789386228574
9789380224008
9788183225229
9789350466858
9789353246044
9788170007418
9789353491628
9788174506627
9789394902954
9789351246527
9788129104434
9788129508027
9789352766833
9789353493516
9789387944084
9788178834603
9789351866091
9789350484364
9789352665983
9788178834269
9789353243395
9788126451135
9789353243289
9788170007012
9789353491499
9788120840027
9788180318481
9789353246105
9788126703845
9789353490096
9789353246068
9788180141140
9788126704804
9789380235561
9789350482544
9788183630634
9789351941620
9789393473165
9788178834726
9789351484769
9788178835754
9789351135579
9788181903136
9789351246404
9788183619882
9789380235998
9788170110330
9788171787319
9789387164826
9788170110002
9788174508256
9789351480792
9788181466426
9789387698284
9788175051485
9788124800492
9789386936141
9788124800522
9788181466242
9789387698277
9788124800553
9788121244800
9789387698239
9788121244978
9789385606205
9789387698222
9788170173663
9788180562099
9788172054243
9789387698215
9788174731838
9789352827817
9788170006510
9789350641859
9789386316042
9789387698208
9789387698192
9789387698147
9789387698314
9789393863508
9789351289739
9788170522232
9789352763337
9789387698789
9788128801457
9789387698772
9789387698758
9789352826865
9788121801287
9788175050648
9788126700455
9788174507709
9789387004085
9788126700462
9788170554028
9789387698376
9788170553540
9789387698369
9789353767280
9788174353276
9788170007647
9788170522041
9788182747012
9788170005834
9788172054885
9788129119124
9789380040066
9788170552536
9789386871473
9789387698093
9789387698031
9789387698024
9788175052635
9788174353139
9789387464957
9789387462625
9789387462663
9788175052444
9788175052543
9788175052475
9789393863799
9788172053314
9789380009582
9789350682784
9789350683200
9788125031628
9789353222543
9789350684283
9789391258481
9788182650206
9788170119821
9789350723326
9789391258603
9789352762064
9788170112075
9789386338228
9788181463425
9788172761653
9789351302568
9789350723227
9788171788521
9789386050724
9788172052942
9789350680575
9789387698017
9789387698000
9788120814349
9789386316554
9788172054144
9788172054076
9789387693913
9789387693777
9789353224066
9788175052260
9789386001870
9788175052338
9789387462311
9789352763153
9788175053243
9789353223601
9789393863584
9788170118411
9789386316745
9789353907440
9788182650060
9788124804568
9789352762934
9789386050014
9789393863751
9788121260503
9789350680568
9789387698796
9788171829460
9789351482635
9789387383623
9789350501740
9788170592150
9788170004790
9789386450715
9788182748996
9788170591740
9788170590583
9789352210084
9788180611476
9789387809635
9789353497989
9789351284727
9788183602686
9788183602679
9788183602525
9788183602426
9788170006855
9788170350910
9788183602358
9788170114512
9788126409532
9788121613316
9788126510054
9789387383791
9788126920174
9788175100152
9789352765171
9788183610674
9788170112853
9789391125622
9788170118527
9788178989983
9788120835191
9789351284192
9788183611275
9789393603968
9788170592778
9788170006978
9789386223531
9788126439539
9788120813731
9788179920855
9788122201802
9788170114864
9789351284321
9788178836393
9789351284413
9788178837659
9789385609275
9788170005599
9788178839134
9788170006954
9789352660506
9789350905135
9789355994226
9789352645817
9788174362698
9789353497323
9789387809611
9789385755088
9788180591365
9789353225957
9788170555575
9788126402441
9788129137173
9789353762575
9789353762582
9789353763596
9789380070568
9788181467195
9789386206046
9789387698833
9789350780923
9789351482741
9789351288008
9788171831333
9789385932205
9789374734667
9788172338886
9788171831302
9788175050044
9788170008040
9788121243872
9789394534131
9788170007975
9789353765460
9788170007753
9788175050075
9788170007722
9788172764524
9788172317256
9789386300584
9788172764685
9788126409020
9788175054691
9789387809567
9789385755767
9789387809543
9789386300713
9788174876669
9788126406906
9789387648470
9788124607633
9789380076768
9789357940054
9789353576417
9788174890146
9788170582427
9788170117940
9789393863096
9788182051645
9788120815766
9789353760007
9788170006657
9788170006640
9788174353320
9788170581604
9788129149589
9788183283564
9789357942126
9788120835061
9788171302178
9788178832296
9788185211671
9788122315257
9788122315431
9789383331116
9788178351100
9788122315639
9788185300306
9788121200592
9788131900543
9788170001843
9788185301808
9788121200738
9789390085286
9788170221371
9789388753357
9789327252217
9788121213929
9788185381305
9789380937410
9788175972780
9788121200783
9788185503158
9788126719556
9789390189502
9788131901922
9788122314182
9789388668279
9789350022825
9789350022801
9789350022481
9789350022191
9788185102672
9789388684361
9788175416765
9789350021507
9788175416772
9789350021064
9788185141138
9789350020678
9789350020630
9789350020111
9789350008942
9788175417212
9788130200989
9789350463703
9788170001911
9789390189809
9788121213738
9788126722273
9788185047904
9788178233604
9789389915938
9788194138754
9789383110629
9789381141151
9788193969281
9788173420740
9788121213189
9788178224961
9788193947258
9788121203241
9788178224893
9788121213042
9788186030875
9788186098042
9788121203975
9789383098842
9788186098189
9788186098585
9789383098675
9788193607442
9788193607404
9788178232812
9788194154129
9788175974050
9789383145218
9789389982459
9788185693552
9788121201094
9788194869146
9788194829720
9788121201384
9788175976672
9788120347076
9788121201391
9788126722723
9789383206292
9788178236261
9788178236223
9789388766098
9788170001782
9788194490821
9788194446866
9789389958874
9788194407119
9788121201490
9788194284604
9788185047966
9789350023419
9788173044847
9789350172704
9788171427536
9789350172599
9788171427482
9788171427468
9788171427109
9788171426904
9789350172452
9788171426461
9789350172421
9788171425341
9788171424689
9788171424344
9788171424023
9788170194903
9788171423248
9789350171806
9788126715855
9788178359984
9788178359960
9788178359878
9788178359779
9788171427567
9788171428021
9788178359625
9788171428342
9788175414051
9788175414273
9788171547876
9788175414303
9788121225359
9789350175101
9789350174883
9789390542048
9788175414334
9788175414501
9788171511389
9789390477616
9788178691220
9788171510306
9789390477456
9788171429875
9788171429677
9788171429608
9789350172735
9788171428656
9788171428434
9789388414999
9789350171356
9789350023471
9788184953138
9788184953893
9788173046513
9788170002185
9788184955170
9788170002116
9789380828350
9788178356693
9788184956436
9789350025857
9788170218975
9789350025802
9788178355634
9789350025437
9788178355467
9788171421060
9788185002248
9789350023921
9789380839189
9789380839196
9788178355085
9788185047591
9788178357164
9788184952513
9788175415157
9788184951714
9788178359342
9788178359229
9788175415614
9788184821482
9788178358567
9789350170045
9789350170014
9789390378784
9789350144244
9788184825367
9789383723980
9789350141236
9788171422043
9789383723744
9789350027653
9789390378067
9789350026946
9788170601043
9788184950854
9789350026588
9789380816081
9788170001553
9788193547113
9788186117125
9788131907610
9788123710914
9788121207751
9788121210959
9788170281863
9788131908389
9789381841815
9788121210645
9789389053791
9789382460350
9788189850258
9788126725243
9788187780953
9788171198399
9788189762698
9788187812463
9788126725472
9788126725519
9788189757229
9788189757212
9788189738686
9788187916048
9788126724321
9788131907603
9788171201761
9789389000535
9789381588932
9788187374428
9788187392088
9788190189125
9788190161701
9789382536628
9788187392491
9788190095402
9788121211390
9789382536499
9788177692907
9789382536314
9788123709697
9789382536208
9788176465922
9789388984010
9789381695227
9788189999179
9789381709429
9788177691252
9788173156304
9788187943860
9788187966814
9788122421644
9788188583812
9789382348733
9788189235468
9789389203813
9789389203714
9788189131562
9788171242696
9788188683581
9788189059477
9788189020675
9788188795079
9789382246886
9788177000313
9788171304684
9788177213621
9788177000580
9788177084719
9788177213591
9788177090772
9789389178401
9788123737829
9788171302581
9788188583928
9788188583676
9788123720135
9788188583669
9789389243772
9789389243758
9789389136081
9789389237009
9788189491758
9788131932964
9788189485016
9789389231045
9788188322770
9788188446490
9788188446742
9788171206681
9788126728107
9788188458639
9788177540239
9789382146636
9788171208852
9788188575824
9788189297053
9789389136500
9788188575985
9788176461368
9788131905968
9788121206884
9788186470428
9788186470961
9789389647754
9788122440980
9788178211176
9789381325773
9789388892155
9788122504040
9788191038866
9789381394991
9788191038811
9789381406076
9788171103614
9788123761718
9788191013580
9788191009620
9788130904993
9788123701479
9789381406489
9788123757247
9788186882146
9789382837701
9788186470947
9788126907793
9788121206853
9788176212861
9788186177112
9788176210195
9788193440933
9788121204446
9788193431177
9788121204576
9788121212403
9788193393536
9789383064250
9788193359792
9788121212335
9788171015047
9788170001485
9788170001423
9789383021024
9788193288818
9788186265017
9788186265574
9788121204972
9788178221168
9789388874731
9789388933155
9788170288909
9788190820325
9788190806442
9788190521888
9789381511879
9788187251682
9789382616962
9788123706436
9789381523087
9788190413701
9788190402989
9788123754109
9789381523407
9788177701074
9788190390200
9788190390132
9788177697315
9788177696899
9789381523926
9789381523995
9788190322188
9788187332435
9788190280358
9788187332725
9789381506974
9788177869163
9788187108887
9788186939499
9788178063645
9788123703398
9789389598421
9789389598216
9788190704991
9789389598049
9788121206006
9788186939093
9788121206068
9788121206242
9789381506523
9788176224567
9788190632409
9788178061825
9788178060934
9788187075677
9788187075868
9788187075882
9788190605946
9788187075981
9788121225687
9789350005163
9789350335901
9788184305500
9788184306194
9788121231220
9788172850623
9788183860123
9788183860178
9789380613123
9788183860628
9788184306118
9788170003939
9788175411265
9788171671809
9788184306293
9788170003830
9788183870634
9788124602041
9788121231435
9788124601761
9788175411005
9789350338643
9789388292993
9788171641642
9789350338469
9788171675296
9788121235860
9788121228398
9788121236027
9788173041877
9788121236621
9789384419400
9788124604434
9789388317597
9788124604298
9788184488517
9788178830292
9789388125901
9788121236584
9788178830018
9788175101715
9789350461082
9789350460986
9788171676903
9788183820066
9788170594093
9788184406610
9788122310887
9788122310696
9788122300512
9788122310535
9788124601266
9789384582012
9788184303384
9789388247320
9788183990332
9788183990585
9788183990721
9788184001068
9788184003505
9788173031021
9788184155709
9788122304749
9788122302783
9788175102163
9788184050073
9788184303377
9788121234788
9788175155961
9789384786328
9789380496078
9788184050745
9788184050608
9789384753542
9788184050417
9788126710669
9788173862069
9788184193145
9788126710201
9789385031502
9789385031540
9788173800030
9788175410534
9789380349053
9788124600788
9788175410411
9789390696932
9789384625436
9789388271493
9788121233002
9789380349503
9788173041020
9788121233668
9788170003533
9788171641123
9789388183567
9789388183833
9789390696482
9788121234085
9788124004029
9789385031625
9788121234429
9788170307099
9788124602348
9788121228022
9789390600458
9789350462980
9788121237529
9788175413894
9788171564477
9788175413092
9789380317380
9789384225407
9789384344979
9789350178683
9788124605660
9789350176559
9788121238212
9788122311150
9788170306658
9789350178522
9788122311228
9789350176696
9788120829626
9788120805736
9789350026472
9788170945734
9788183221436
9788188322633
9788174362131
9788124608050
9788184302752
9789351280378
9788186921029
9788120336919
9789352761210
9788121925914
9789350140017
9789352764501
9789385031731
9788190390064
9788178062082
9789382887287
9788124601426
9789352767120
9788122308068
9789352762781
9788175101852
9789388933056
9789388211024
9788123757087
9789390696499
9788126722952
9788126418299
9788173292798
9789351485056
9788186880395
9788123701998
9789350462997
9788183742849
9789350464151
9788126464708
9788177213652
9788191024104
9788123011585
9788174506580