9781841698571
9781409414933
9781560008170
9780881638042
9780415431439
9780754640677
9780824773502
9780367202446
9781845530334
9780824057893
9780853540342
9780853540069
9780853540281
9780853540595
9780853540243
9780853540571
9780853540229
9780853540519
9780853540670
9780851422817
9780876308530
9780415681407
9789057551338
9781783530908
9781138140172
9780851423685
9781560009726
9780415643696
9781579583606
9780415692670
9780415271448
9780415093729
9780866569231
9781560244653
9780857855916
9780857857804
9781560245063
9781138896864
9781138896833
9780789009685
9781848727021
9780863887024
9781560220657
9789054109099
9780815310792
9780415291583
9781032320939
9781578083909
9780887381041
9781841698090
9781560008248
9781584880196
9780415940290
9780789006325
9780754650881
9789056296964
9780860785910
9780765807700
9781138132429
9781560007661
9780866567497
9783805002431
9781860817342
9781138973299
9780815334927
9780824773243
9780415940306
9781560000952
9781560232520
9781560249009
9780853540359
9780863887420
9781906517304
9781032319575
9780412450006
9780367593636
9780887388248
9781560004370
9781848727137
9780895030856
9781138733480
9780873715393
9780415291484
9780849344374
9780863887338
9780898598513
9780367323479
9789056297404
9781409414049
9780367678999
9780415802611
9781563770661
9781138720800
9780415942881
9781566701150
9780754603238
9780415939850
9780887386572
9780765802545
9781138593169
9780415220033
9781911423331
9780422741606
9781138735576
9781409424864
9781409426240
9781409426233
9781138169524
9780805832624
9780748404575
9780849392252
9780851424019
9781560006565
9781904933151
9781560246589
9781904933229
9780882851723
9780367395414
9780422807401
9781578082049
9780954523282
9780882850917
9781566765022
9780367558567
9780863887505
9781560002956
9780853540717
9781482258271
9781482258301
9781906517441
9780415066952
9780878553419
9781618210043
9780415601191
9780815390060
9780415445146
9780367319632
9780849344046
9781444137644
9780415554572
9781482242607
9781138777392
9780415309332
9780754629115
9781579580582
9780415166737
9780367001780
9780415163415
9780415163392
9789056294519
9780415048286
9789056294755
9789056293420
9789056296391
9789056295509
9789056295936
9780849309847
9780849309830
9780863882289
9789460098147
9780415311151
9788131235836
9780340849668
9780195642674
9780195642537
9788123922805
9788187380931
9788174764546
9780670057627
9788186299449
9788122408003
9780670049950
9788175962576
9788175963146
9780521170222
9780199461851
9788122432299
9788173715143
9788184000030
9780080431628
9788181890740
9788123922577
9788185860336
9780702074615
9789694023496
9789693508437
9789551358105
9789554260207
9789556651379
9789690102140
9789693702002
9789694023557
9789694071091
9789694251035
9789812586087
9789036618984
9789812345196
9782764320617
9788496429796
9788997079827
9781844862313
9781855391437
9780948788369
9780713668384
9781472920263
9781472922441
9781780092287
9780713663655
9780713666861
9781408887042
9780713659382
9780713672916
9781408140789
9781472907776
9781472941602
9780713676181
9781472932006
9781472931986
9781408194089
9781408127926
9781472936233
9781472901880
9781526639639
9781408189153
9781742665085
9781408186718
9781472900586
9781472916686
9780713666175
9781472924322
9780713664133
9781472969712
9781472841032
9781472920256
9781472903600
9781906650742
9781906650636
9781472969941
9789387471702
9781784423476
9781408152812
9789386606150
9781472951670
9781472960207
9781472960993
9781472969040
9781472954084
9781472965417
9781472951205
9781472919410
9781472919397
9789385936937
9789385436901
9789354350245
9789384898533
9789387146587
9789387471313
9789384052140
9789387146167
9789386826862
9789384898502
9789389714180
9789389867572
9789384052188
9789384052775
9789382951971
9789354353130
9789386349521
9781408140390
9780713649277
9781472933744
9789389165821
9780786837540
9780316108249
9781647825980
9780194741934
9780198079378
9780198072560
9780195696578
9780198348863
9789352867042
9782897183677
9782897184674
9782924786710
9782924786659
9782924786697
9782897184902
9781536233988
9781903657225
9789888139354
9791030203585
9782343210773
9782813814364
9782016092231
9786071725936
9782343226194
9786071724083
9782343203645
9786071713452
9791030902402
9791030203639
9787540145927
9787540145965
9787540145989
9782343201306
9787554022078
9787554022085
9787509016466
9787213107405
9787213097317
9787213106880
9787213107467
9789561125384
9781443872669
9781555812157
9780860084198
9780190628130
9784872462647
9780408011471
9780965603812
9781412958455
9789144085234
9781260288308
9789810088941
9788843561520
9781940256016
9781840246971
9783942860147
9781471884214
9782035421517
9780070644069
9780683084979
9780713144345
9780683072143
9789051991574
9780471054931
9780713145663
9789061918028
9780863800535
9780721697154
9781624171055
9783940698209
9780702069307
9789058509789
9783895782015
9783527318148
9783527286256
9783527284306
9789659091300
9780030044090
9784866580722
9784866581156
9784866581255
9781605471877
9781284120080
9789280812350
9780763715809
9780875654232
9780870715808
9789201324207
9780875654201
9780838975244
9780874623284
9780838905449
9789971692155
9780784402917
9789201026965
9780850928563
9780838933770
9780838976517
9780838982600
9789201137043
9780838932186
9780838933176
9780838933336
9780813008899
9780784402580
9780838904480
9781572733121
9780821336823
9780963515254
9781572730274
9781572733886
9780791064443
9781572732018
9780838903377
9780838965870
9781572734036
9780838933787
9781555701352
9781572734531
9780838903629
9780817306779
9780850926613
9789971691646
9780821327463
9781557666628
9789201130044
9780821334706
9781572732001
9780821329306
9781572731387
9781572731318
9781572731912
9789201135049
9789201007056
9789201160041
9789201140043
9781572730748
9781572732629
9781572731707
9780821336564
9781572730663
9780813015804
9780299116200
9780838904541
9780817302047
9781572730182
9781572734654
9781869940270
9780299042004
9780896725430
9781572732575
9781572730045
9780924119187
9781572733725
9781572731660
9781555700010
9781572731653
9780872629127
9780809302086
9780874623383
9789814695220
9789814519984
9789814786799
9780821347355
9780838959848
9780784407516
9781470453732
9780838985106
9781470471576
9781470452773
9780838985465
9780873536868
9780821830888
9780821818992
9780821335710
9781470453466
9780838979228
9781886157057
9781470447168
9781510636972
9781936320721
9780804741729
9780821819432
9789203760898
9780850927856
9780784405864
9780784404669
9781470446895
9780874626087
9780821830727
9780821808788
9780821830093
9781628418071
9780889201392
9781611976441
9780838987087
9780784406892
9780821811641
9780821821558
9781470420239
9780821325209
9781551304175
9780821809488
9780821830154
9780821349175
9781626000469
9780873539807
9781572731325
9780813226774
9781572731127
9780821830215
9780821811696
9780821811689
9780821330975
9780821363010
9781793516787
9780821830383
9780821830833
9780821830147
9780821371091
9780821830031
9780874629972
9780874628135
9780821830987
9781557531537
9781510602151
9780838985267
9780821819258
9780889201866
9781510607552
9781510601567
9780821830260
9789629372385
9780821819937
9781611977103
9780821809501
9789204013047
9789202010048
9789202163034
9789204015041
9789204028003
9789204237894
9789201031051
9789202034983
9780821821671
9780821832486
9780821827109
9780821803240
9780784407073
9789834283407
9780821818930
9780963046420
9780821865965
9780821866085
9780821804490
9782890354029
9780821805053
9781773380469
9780870740411
9780821833292
9781551303222
9780821865927
9781464802423
9789203003926
9789203231893
9789203003971
9788776942328
9781938558696
9780821846018
9780821807484
9789203001946
9789203238816
9789203233828
9780784415696
9789200502880
9789203235853
9789203233804
9789203238878
9789203232883
9789203231916
9789203234887
9789203290890
9789203232913
9781680540024
9780821820537
9780821338698
9780821807552
9780850927085
9781567003055
9780784415924
9780821821572
9780784404164
9781572736887
9780819430403
9781587650932
9780821338636
9780821841174
9780819457615
9780944514337
9780819420145
9780819417725
9781560119708
9781622602087
9780850927252
9789201034199
9789201026149
9781849291606
9780873352345
9781849291101
9780850927313
9780821328439
9789201219206
9781849291385
9781849290678
9780871698148
9781849291125
9789201152138
9781622603022
9780821340219
9789201121080
9789201438225
9789201020192
9789201183200
9789201411105
9789201342218
9781626610040
9781849291521
9781849291491
9781849291163
9789201622198
9789201635198
9789201009203
9789201044082
9789201071217
9780821351697
9789201025197
9780821330395
9781849291545
9789768125385
9780955354045
9789201261229
9789201384218
9781849291484
9781930901384
9789201377104
9789201073211
9789201026170
9781849291552
9781464816369
9780809325801
9789201010193
9789201019226
9789201020161
9789201151131
9789768125576
9780823214983
9789201285225
9789201088093
9781933146362
9780822368069
9789201489227
9789201195227
9789201381217
9789201203205
9780838904961
9781849291538
9789201120205
9789201629197
9789201288226
9789201105202
9789603995128
9789201275103
9780821339183
9789201011213
9789201291219
9781933146324
9789201029195
9789201280213
9789201173102
9788793229129
9789766400170
9789201231215
9781464816451
9780822368304
9781478005735
9789201167217
9789201048196
9781626619593
9780838906002
9789201057211
9780700617647
9789201042194
9781464816765
9789201340214
9780821348918
9789766401313
9789766406844
9789201631190
9789201143204
9789201070203
9789201200211
9781849291392
9789201364104
9780880912075
9789201040183
9789201062161
9789629374167
9789201019202
9789201168207
9781849291514
9780822368243
9789629371746
9781516523511
9780813922706
9780812221510
9780869809846
9781621311416
9789201022189
9781597975117
9789201282217
9789201218223
9781849291507
9780700624164
9789201639196
9789201159205
9789201397225
9781516502967
9789201353221
9781626617384
9781557531483
9789201213211
9781849291729
9781478008729
9789201616197
9781464816055
9789201056085
9789201093080
9789201083142
9789201110077
9789201017086
9789629373221
9789205102153
9789201584144
9789201146137
9789201099143
9789201055095
9789201092144
9789203076081
9789201100078
9789201298102
9789201307101
9789201106100
9789201338105
9789201050205
9789201218216
9781933286181
9789201082206
9789766400811
9789766401580
9789201627193
9789766400873
9780850926569
9780838906682
9781849291460
9780815631187
9780813936215
9781557534736
9780977722068
9781516526642
9780806310343
9781849291590
9781558493568
9789201288219
9789629371623
9781936320554
9781516541164
9781557532718
9781516526451
9788773044179
9780838938065
9781849291323
9781849291927
9780812280401
9781849291873
9789201023193
9781516517664
9780812231977
9789201210210
9781570036897
9789201013224
9781869144401
9781557534903
9789607395412
9789201096197
9789764100447
9789629375577
9789201165213
9781849291668
9781849291644
9789201320216
9789201265203
9781570033933
9780982690734
9781570034930
9781849291613
9789629374419
9780850923872
9780850925357
9780872493995
9780816526819
9781570033070
9780869809686
9783981841206
9780952330134
9789201115201
9780838955468
9789812308917
9780838903384
9780838902592
9780838903360
9780838903391
9783518007587
9780838978641
9780838902837
9780838932902
9780838932094
9780874623253
9781848599970
9780850920222
9780838902202
9780838902110
9780906795200
9780906795187
9780838901168
9780135458389
9780135811290
9781269444873
9780205699360
9781256458579
9781580762588
9780137924738
9781506339511
9781452244334
9780761928690
9780761921844
9781412965514
9781071884201
9781573318969
9781573318983
9780731404551
9781841120263
9781119868200
9781876627133
9780701636548
9781119137122
9780470820377
9780730329879
9781118439852
9780730335566
9780470815953
9780730301547
9789813049017
9789813049048
9789810242350
9789810234706
9780300230482
9788417708474
9783898802222
9788854410619
9782897184988
9789798926280
9789401412339
9780811841412
9780811826860
9781742700243
9781740669573
9781740666275
9781740667654
9781878271983
9781742701202
9781740668583
9781742701356
9781740667043
9781740668088
9781741177145
9781741177138
9782745981769
9789063693749
9791027600311
9791027601912
9791027603060
9791027603022
9791036338809
9782408016142
9791027603053
9781590203446
9781590526118
9781593762254
9780957648180
9783791372419
9781644734056
9780241432761
9788418483349
9780241432716
9782080203847
9788491055884
9782080203335
9788891818041
9786073145930
9780241608081
9780241626504
9783868734546
9788494083440
9780803622494
9789067642514
9789241542180
9780849366086
9780880333238
9780444813930
9781935011088
9780136789055
9780750637893
9780121581145
9780471135531
9780125278409
9783709104712
9781405103497
9781905674978
9780070717879
9780749439774
9780735700307
9780231136570
9780821841594
9780917330872
9780816504503
9780821830598
9780821830482
9781470435202
9781470440374
9780821874271
9781470442217
9780889200913
9780889201095
9780880333054
9780880330565
9780708317297
9780821831076
9780914710240
9780914710608
9780821807958
9780821830048
9781930901346
9780880331845
9780821831243
9789629370442
9780253351760
9780816501748
9780816502936
9780816502943
9780816504374
9780816504640
9780816504770
9780816506262
9780816504749
9780821806661
9780821837535
9780914710974
9780821808252
9780816506781
9780816503049
9780816503933
9780816506521
9780816502646
9780816506101
9780821860038
9781911116196
9783847405528
9789622011694
9789622015319
9781903663684
9780822367253
9780822366782
9788323341758
9788323339410
9788323338109
9780898435153
9780880334266
9781597560467
9789629370015
9780822364870
9788323342908
9780822365563
9781558494305
9780880332989
9780889200166
9780822364771
9780880334853
9780816635290
9780822368182
9781862876491
9788323339243
9789622016484
9789882370111
9788323341710
9788323343394
9780975373484
9788895623221
9780874808360
9784130820134
9789628269099
9780231172653
9781939594358
9788773043998
9780860085188
9789622010116
9781783322626
9781842654286
9789675492075
9789622012004
9784130802192
9788323340867
9780881323641
9789622012363
9780853347514
9780113218820
9780444863348
9780812105155
9788180612220
9788120338623
9789386206657
9788131533598
9780130218063
9780887600906
9783869221298
9780571107452
9783931516963