9788876423307
9783937718385
9783708907178
9783832790691
9789062037391
9789042014213
9789060043691
9780391042216
9789004191464
9783035611199
9788491910121
9788491910060
9789628093571
9789628093366
9789622093904
9789888455805
9789622097421
9789622094826
9789888028535
9789622092440
9789888139750
9789888390731
9789622099760
9789888390878
9789888390847
9783827420763
9789463605564
9789078194194
9789078194309
9783763348374
9789918950874
9786257120326
9786077000105
9783126052221
9788434229723
9787807683575
9783864073694
9783864074820
9780313333361
9780323047937
9789401409537
9782752800640
9783744874694
9789401448611
9780856358500
9780521383240
9789948431336
9783577003018
9789990301755
9781350150690
9788174368744
9782841232567
9788880956433
9780415400961
9781801990509
9781442259843
9780333501153
9780304325634
9780907459514
9780720119855
9781850752059
9780720120790
9781845925932
9781845927943
9780754521877
9781855067264
9781845921910
9781845921828
9781845928049
9781845922757
9781845921958
9780718512521
9780304326310
9781855391291
9781898149620
9781855067684
9781855067707
9781855067677
9781904480242
9781847661494
9781847661029
9780754523857
9780485700060
9780720120677
9781849467421
9781845926168
9781845924034
9781845925550
9781904480259
9781845921736
9781845925635
9781845926540
9781845924027
9781845926519
9781847669063
9781845924829
9781845927981
9781855063440
9780313356360
9781843714910
9781843714620
9780333555576
9780275998226
9780333986318
9780704404069
9781850752400
9781843713371
9781843713357
9781843713425
9780313349447
9780313349461
9780313349508
9780304326945
9780313321887
9780313321856
9780861871933
9781780438894
9781871828207
9781847663016
9781847662828
9781784517250
9780718502737
9781850757825
9780854967599
9780304338122
9780333725375
9780333653838
9780304323814
9781849467599
9780304338832
9780304338030
9781855068391
9781850754770
9780304329410
9780304326242
9780732903329
9781850752431
9780861877201
9780304327102
9781855068384
9781855066694
9781845922900
9780304338184
9781849468039
9781847665348
9781845922566
9781847665225
9781845924669
9781845922962
9781845926113
9781847667700
9781847667809
9781847667595
9781845924720
9781350043510
9780333492505
9780333397817
9780304333547
9780304337422
9780333288863
9780333391624
9780304329342
9780304334032
9780333484265
9780304336456
9781847663191
9781845922627
9780851705088
9780485112320
9781855066144
9780718501310
9780718500764
9780826449467
9780826499264
9781855069886
9781855064065
9781855674462
9780304339778
9780304335220
9781850750796
9780304331017
9780304328819
9780304333578
9781847661296
9780333475089
9780333289389
9780720116274
9781847669087
9780567026958
9780854960002
9780333615287
9780304329946
9781843716334
9780718502690
9780718514747
9780333719756
9781474225090
9781780433530
9781845922405
9780304333981
9781850753452
9780485700107
9781855064072
9781472580887
9780304329304
9781847663641
9781855064096
9781855672659
9780826470089
9781845924768
9780732901899
9780313284021
9780826449122
9781843716082
9781844570225
9781845923488
9780718500238
9780826460745
9780715633724
9781843710240
9780567025319
9780304322923
9780851709062
9781847662477
9781847669612
9780313320453
9781474268608
9780720121483
9780333502235
9780333417584
9780333138847
9781901362732
9780304339594
9781847661180
9780826467201
9781852851750
9780720120189
9781845925420
9781850753872
9781850755081
9780720121650
9780851703534
9780313239120
9781855065703
9780732901868
9780313239809
9780333391631
9781845920722
9781855065024
9780485150124
9780732905859
9780313251412
9780804446716
9781845920531
9781845922771
9781845924751
9781845923396
9781845920920
9780313239816
9781847661555
9780485150131
9780313299841
9780485150148
9781845920111
9781845920005
9781472965523
9781850430537
9781850430216
9781408104903
9781850437451
9781780436715
9780713683806
9781903786055
9781860642647
9781850435228
9780333606803
9781903403211
9781850436928
9780091730079
9781850438175
9781780433035
9780952616108
9780857857552
9781847667731
9781350177253
9781847668837
9780333636749
9781350183605
9781850435631
9781350092594
9781784539504
9781845924928
9781849462495
9781509924011
9781845926595
9781350217478
9781350003378
9781474244343
9780333764800
9781860649851
9781137270450
9781350067677
9781780434872
9780333306123
9781526513090
9781845927738
9781844572946
9781842771525
9781350163072
9780313296727
9781853994401
9781472572547
9781842774540
9781498589642
9781780432540
9781850437901
9780905762890
9781850439400
9781845927363
9781526503978
9781784512897
9781849461689
9781849468749
9781849467148
9781526502124
9781849466936
9781509900718
9781784513610
9781784517151
9781841135724
9781849468077
9781847663177
9781780768342
9781850438755
9781856494489
9781845925833
9781860644719
9781860641930
9781440869013
9781526523563
9781526523440
9781780938059
9781526523655
9780755642472
9781350263895
9781501369063
9781780931555
9781856491532
9781847886569
9781784536343
9781845920043
9781841134161
9781849460149
9780313387463
9781841138480
9781841137438
9781352012835
9781847668936
9781847666802
9781842775486
9782940411795
9780275979683
9781841136912
9780333698464
9781847665218
9780313237157
9781408153895
9781850432937
9781609010751
9781860645006
9781472592286
9781137609731
9781408153901
9781847660930
9781849463690
9781849461504
9781784515362
9780313251443
9781860644764
9781845111052
9780313239458
9781780431529
9781860640438
9781440828416
9781474263641
9781841270517
9780333430385
9780333450192
9781902233536
9781902233284
9781904187004
9780333181331
9780304316342
9781855062948
9780333177921
9780950713762
9781902233024
9780485176155
9780333185759
9781855670082
9780333166208
9780406929433
9780333125472
9780485122107
9780333177839
9781850755074
9780333192665
9780333266694
9780333292167
9780333258262
9780333171745
9780333214220
9780333125359
9780333192870
9780333213971
9780333329030
9781854758309
9780333125427
9780754521990
9780754521853
9780333286425
9780333306208
9780333266816
9780333074435
9780333107898
9780333166925
9780333259856
9780333274316
9781855062375
9780333256466
9780333159927
9780485300772
9780333233818
9780333325544
9781573564748
9781855671904
9780333118276
9780333187593
9780333279717
9780333566923
9780333131909
9780333275528
9780333035573
9780333241530
9780732903909
9781850750765
9780333560822
9780754521211
9780333148945
9780333055045
9780333535172
9780732902469
9780333131213
9780333133125
9780333178867
9780333286173
9781845926274
9780333177815
9781845921811
9780333245378
9780333318591
9781845921903
9780333234082
9780333264515
9781860649356
9780333173558
9781845921781
9780732903923
9781855062887
9780333265871
9781845924157
9780333047736
9781855062238
9781845925468
9780754522492
9781850757207
9781845921361
9781854756596
9781850758747
9780313325946
9780333210727
9780275992743
9780275997649
9780275989941
9780313338304
9781440852466
9781440855214
9780333119211
9780313338038
9780897574020
9780275988852
9780313331558
9781904480792
9781904480600
9780275999780
9780313328985
9780313328992
9780313325663
9780275997700
9780275987343
9781899857555
9780313338670
9780313355707
9780313352393
9780313354632
9781440846045
9780313326035
9780313350849
9781573564755
9780313338229
9780313364129
9780313342356
9780313328855
9780275989248
9780313331862
9780313337215
9780313341496
9781137540508
9781137551054
9780851703022
9780851703046
9781905019397
9781906029180
9781905019878
9781906029173
9780333923146
9781870626460
9780713650211
9780713683790
9780333565063
9780851704999
9780333360897
9781902233291
9781842771105
9780333440544
9780333465325
9780333442142
9780333292020
9781780438085
9781408133637
9780333609101
9780333560839
9780333471173
9780333293362
9780333409176
9780333416679
9780333387672
9780333452417
9780333308882
9780304331260
9780304333110
9780826450722
9780333463604
9781403908070
9780333463390
9780333404898
9780333664322
9780333363089
9780333570548
9780333294956
9780333404614
9780333184073
9781780438108
9780333426661
9780333311158
9780333496428
9780333450536
9780333462348
9780333263976
9780333365984
9780333453537
9780333567678
9780333375310
9780333367926
9781841137643
9780333618684
9780333347225
9780333468739
9780333513231
9780333664841
9781901362305
9780333352304
9780333284674
9780333606766
9780333534830
9780091730390
9780333458587
9780333369098
9780333225639
9780333271483
9780333369005
9780333307212
9780333373262
9780333598818
9780333480380
9780333343104
9780333521380
9780333327524
9780333577653
9780333238769
9780333275283
9780333968123
9780333436288
9781137389107
9780333276785
9780333342688
9780333542491
9780333434550
9780333364086
9780333558560
9780333307014
9780333434116
9780333438404
9780333434727
9780333419434
9780333549773
9780333438121
9780333354308
9780732919986
9780333122297
9780333345443
9780333368268
9780333489802
9780333255353
9780732927837
9780333366264
9780333511121
9782940411023
9780333212776
9780304335732
9780333177310
9780333554821
9780333443569
9780333384091
9780333471869
9780333370995
9780333541234
9780333435731
9780333434673
9780333331545
9780230308251
9780333264188
9780333546925
9780333414064
9780333489925
9780333383162
9780333481073
9780275980689
9781403916785
9780333459942
9780333717585
9780851704203
9781784515300
9780333551837
9780333494158
9780230291041
9780333394991
9780333340493
9780333340486
9780333518731
9780333538197
9780333359235
9780333663226
9780333289112
9780333625569
9780333392751
9780275989453
9780313332166
9780313355783
9780333134443
9780333182895
9780333182901
9780333196298
9780333217771
9780333294949
9780333299777
9780333310403
9780333340134
9780333476918
9780333477632
9780333502228
9780333651193
9780713646023
9780718512217
9781845921859
9781897737545
9781538140598
9781538170601
9781442281530
9780847695973
9781861346148
9781861342782
9781108900980
9781107691469
9780521535915
9780521537667
9781558997462
9781108071550
9781605117485
9780521745987
9781108040112
9781107019782
9781107688414
9780521106672
9781108042345
9781108080156
9781558994843
9781108014397
9780521738118
9781108032599
9781108007764
9781107422308
9781108355520
9780521757782
9780521170833
9781108058575
9780521737531
9781108081047
9781108050425
9781316642566
9781316609088
9780521890755
9781108006965
9781108171076
9781108056441
9780521126106
9780521758864
9781107696723
9780906094488
9780906094471
9780198776994
9780892063710
9780892064014
9780892063895
9780808401056
9780761812982
9781565450059
9780892065639
9780871173782
9780761813583
9781442281516
9780892065370
9780892065622
9780892064601
9781538140215
9780761810513
9781591024989
9780892065158
9781475812077
9780892065165
9780761826309
9780761816089
9780761801405
9780882294216
9780936826189
9780892065028
9781442281455
9780739100813
9780761814085
9780761816775
9780739101360
9780761817758
9781573923071
9781573923606
9780810842892
9780761809012
9780761811862
9780739102428
9780819185310
9780761820505
9780761810629
9780819186522
9780941410687
9781933760292
9781933760018
9781573923477
9780761810018
9780761807292
9781573929134
9781573923514
9781538104309
9780761825593
9780761813644
9780739100141
9781607092476
9781573929073
9781573924078
9781591023265
9781611473520
9781611482072
9780742521629
9780819158505
9780871173942
9780761805809
9780943057040
9780847696529
9780961617318
9780761805427
9781573929547
9780788505539
9780739108864
9781575910536
9781931626101
9780819197504
9781611474909
9780761816010
9780865874275
9780787908157
9781611472820
9780761825609
9780787939656
9780819192585
9780838635032
9780739149256
9781591023975
9781611490992
9781591025474
9781611460582
9780819193995
9781573928359
9780810825154
9781611490909
9781611491265
9781611470680
9780810828285
9780945636236
9780761816133
9780739105023
9781611474053
9780742556973
9780761808886
9781611460254
9781611471762
9780819197665
9781611492330
9781611492088
9781611481839
9781611472523
9780761814733
9780761818212
9781611482157
9781611471205
9780874130560
9780865876996
9780815402473
9781591022077
9781611473506
9781611473827
9780742514645
9780765799814
9780871173324
9781598888386
9780761971887
9781446272701
9781446267240
9781529702231
9781473980983
9781446298244
9781446200490
9781526459565
9781563770814
9780415145305
9781848064317
9781563770845
9781848060135
9781583912799
9781845530648
9781611901252
9780415881074
9780881639285
9780851252810
9781611900828
9781571103277
9781876905316
9780412484506
9781853157554
9781556428104
9781783531257
9780863778261
9780415458313
9780789037152
9781138139206
9780415937160
9781439837603
9780415455930
9780415560924
9781902653815
9789052603056
9780815329640
9780815329657
9780878495412
9780882851754
9780340731918
9781292041186
9781848934092
9781563770326
9780415353342
9781138826922
9780415256766
9781576520109
9781594515118
9789061913399
9781893441309
9781593630607
9781593630584
9781559590655
9781593631307
9781593631352
9781593630508
9781593630515
9781593630713
9781593630751
9781593630966
9781783534302
9780815323808
9780914758136
9780815332701
9781560229025
9780815327547
9780765807274
9780765804112
9781579580247
9780415236102
9780415173353
9780805881059
9780415445160
9788770226622
9780367236328
9780415810296
9780415554626
9780805893779
9780367244965
9780367245191
9780367202866
9780367205775
9780415268912
9780367232474
9780367538446
9788770224192
9780367266882
9780415271097
9780849383052
9780415680820
9781138401259
9781593634087
9780805898286
9780415479240
9780863773792
9780805895834
9780878557998
9780895032843
9780805894929
9781593630300
9780805894127
9780805895667
9780415467469
9780878558001
9780415558235
9781560006633
9781848727205
9780582294509
9780878301690
9780967996059
9781841698618
9780805894417
9780866567886
9780866569156
9781560007463
9780415400954
9781560007265
9781841698458
9780866567121
9781841698434
9781853465000
9780866568753
9780805895292
9780789009869
9780866567053
9780887388408
9781593631710
9781138138681
9780866567510
9780863887017
9781560220787
9780863779886
9780805893489
9781862879348
9788770221221
9780917724978
9780866569675
9780882851730
9780754607502
9780882850924
9781841698526
9781587061653
9780895032348
9780917724541
9780878556809
9780415445214
9781560009795
9780789013903
9780901286352
9780863886690
9780582276338
9781584881421
9781138129931
9780805895179
9781841698571
9781409414933
9781560008170
9780881638042
9780415431439
9780754640677
9780824773502
9780367202446
9781845530334
9780824057893
9780853540342
9780853540069
9780853540281
9780853540595
9780853540243
9780853540571
9780853540229
9780853540519
9780853540670
9780851422817
9780876308530
9780415681407
9789057551338
9781783530908
9781138140172
9780851423685
9781560009726
9780415643696
9781579583606
9780415692670
9780415271448
9780415093729
9780866569231
9781560244653
9780857855916
9780857857804
9781560245063
9781138896864
9781138896833
9780789009685
9781848727021
9780863887024
9781560220657
9789054109099
9780815310792
9780415291583
9781032320939
9781578083909
9780887381041
9781841698090
9781560008248
9781584880196
9780415940290
9780789006325
9780754650881
9789056296964
9780860785910
9780765807700
9781138132429
9781560007661
9780866567497
9783805002431
9781860817342
9781138973299
9780815334927
9780824773243
9780415940306
9781560000952
9781560232520
9781560249009
9780853540359
9780863887420
9781906517304
9781032319575
9780412450006
9780367593636
9780887388248
9781560004370
9781848727137
9780895030856
9781138733480
9780873715393
9780415291484
9780849344374
9780863887338
9780898598513
9780367323479
9789056297404
9781409414049
9780367678999
9780415802611
9781563770661
9781138720800
9780415942881
9781566701150
9780754603238
9780415939850
9780887386572
9780765802545
9781138593169
9780415220033
9781911423331
9780422741606
9781138735576
9781409424864
9781409426240
9781409426233
9781138169524
9780805832624
9780748404575
9780849392252
9780851424019
9781560006565
9781904933151
9781560246589
9781904933229
9780882851723
9780367395414
9780422807401
9781578082049
9780954523282
9780882850917
9781566765022
9780367558567
9780863887505
9781560002956
9780853540717
9781482258271
9781482258301
9781906517441
9780415066952
9780878553419
9781618210043
9780415601191
9780815390060
9780415445146
9780367319632
9780849344046
9781444137644
9780415554572
9781482242607
9781138777392
9780415309332
9780754629115
9781579580582
9780415166737
9780367001780
9780415163415
9780415163392
9789056294519
9780415048286
9789056294755
9789056293420
9789056296391
9789056295509
9789056295936
9780849309847
9780849309830
9780863882289
9789460098147
9780415311151
9788131235836
9780340849668
9780195642674
9780195642537
9788123922805
9788187380931
9788174764546
9780670057627
9788186299449
9788122408003
9780670049950
9788175962576
9788175963146
9780521170222
9780199461851
9788122432299
9788173715143
9788184000030
9780080431628
9788181890740
9788123922577
9788185860336
9780702074615
9789694023496
9789693508437
9789551358105
9789554260207
9789556651379
9789690102140
9789693702002
9789694023557
9789694071091
9789694251035
9789812586087
9789036618984
9789812345196
9782764320617
9788496429796
9788997079827
9781844862313
9781855391437
9780948788369
9780713668384
9781472920263
9781472922441
9781780092287
9780713663655
9780713666861
9781408887042
9780713659382
9780713672916
9781408140789
9781472907776
9781472941602
9780713676181
9781472932006
9781472931986
9781408194089
9781408127926
9781472936233
9781472901880
9781526639639
9781408189153
9781742665085
9781408186718
9781472900586
9781472916686
9780713666175
9781472924322
9780713664133
9781472969712
9781472841032
9781472920256
9781472903600
9781906650742
9781906650636
9781472969941
9789387471702
9781784423476
9781408152812
9789386606150
9781472951670
9781472960207
9781472960993
9781472969040
9781472954084
9781472965417
9781472951205
9781472919410
9781472919397
9789385936937
9789385436901
9789354350245
9789384898533
9789387146587
9789387471313
9789384052140
9789387146167
9789386826862
9789384898502
9789389714180
9789389867572
9789384052188
9789384052775
9789382951971
9789354353130
9789386349521
9781408140390
9780713649277
9781472933744
9789389165821
9780786837540
9780316108249
9781647825980
9780194741934
9780198079378
9780198072560
9780195696578
9780198348863
9789352867042
9782897183677
9782897184674
9782924786710
9782924786659
9782924786697
9782897184902
9781536233988
9781903657225
9789888139354
9791030203585
9782343210773
9782813814364
9782016092231
9786071725936
9782343226194
9786071724083
9782343203645
9786071713452
9791030902402
9791030203639
9787540145927
9787540145965
9787540145989
9782343201306
9787554022078
9787554022085
9787509016466
9787213107405
9787213097317
9787213106880
9787213107467
9789561125384
9781443872669
9781555812157
9780860084198
9780190628130
9784872462647
9780408011471
9780965603812
9781412958455
9789144085234
9781260288308
9789810088941
9788843561520
9781940256016
9781840246971
9783942860147
9781471884214
9782035421517
9780070644069
9780683084979
9780713144345
9780683072143
9789051991574
9780471054931
9780713145663
9789061918028
9780863800535
9780721697154
9781624171055
9783940698209
9780702069307
9789058509789
9783895782015
9783527318148
9783527286256
9783527284306
9789659091300
9780030044090
9784866580722
9784866581156
9784866581255
9781605471877
9781284120080
9789280812350
9780763715809
9780875654232
9780870715808
9789201324207
9780875654201
9780838975244
9780874623284
9780838905449
9789971692155
9780784402917
9789201026965
9780850928563
9780838933770
9780838976517
9780838982600
9789201137043
9780838932186
9780838933176
9780838933336
9780813008899
9780784402580
9780838904480
9781572733121
9780821336823
9780963515254
9781572730274
9781572733886
9780791064443
9781572732018
9780838903377
9780838965870
9781572734036
9780838933787
9781555701352
9781572734531
9780838903629
9780817306779
9780850926613
9789971691646
9780821327463
9781557666628
9789201130044
9780821334706
9781572732001
9780821329306
9781572731387
9781572731318
9781572731912
9789201135049
9789201007056
9789201160041
9789201140043
9781572730748
9781572732629
9781572731707
9780821336564
9781572730663
9780813015804
9780299116200
9780838904541
9780817302047
9781572730182
9781572734654
9781869940270
9780299042004
9780896725430
9781572732575
9781572730045
9780924119187
9781572733725
9781572731660
9781555700010
9781572731653
9780872629127
9780809302086
9780874623383
9789814695220
9789814519984
9789814786799
9780821347355
9780838959848
9780784407516
9781470453732
9780838985106
9781470471576
9781470452773
9780838985465
9780873536868
9780821830888
9780821818992
9780821335710
9781470453466
9780838979228
9781886157057
9781470447168
9781510636972
9781936320721
9780804741729
9780821819432
9789203760898
9780850927856
9780784405864
9780784404669
9781470446895
9780874626087
9780821830727
9780821808788
9780821830093
9781628418071
9780889201392
9781611976441
9780838987087
9780784406892
9780821811641
9780821821558
9781470420239
9780821325209
9781551304175
9780821809488
9780821830154
9780821349175
9781626000469
9780873539807
9781572731325
9780813226774
9781572731127
9780821830215
9780821811696
9780821811689
9780821330975
9780821363010
9781793516787
9780821830383
9780821830833
9780821830147
9780821371091
9780821830031
9780874629972
9780874628135
9780821830987
9781557531537
9781510602151
9780838985267
9780821819258
9780889201866
9781510607552
9781510601567
9780821830260
9789629372385
9780821819937
9781611977103
9780821809501
9789204013047
9789202010048
9789202163034
9789204015041
9789204028003
9789204237894
9789201031051
9789202034983
9780821821671
9780821832486
9780821827109
9780821803240
9780784407073
9789834283407
9780821818930
9780963046420
9780821865965
9780821866085
9780821804490
9782890354029
9780821805053
9781773380469
9780870740411
9780821833292
9781551303222
9780821865927
9781464802423
9789203003926
9789203231893
9789203003971
9788776942328
9781938558696
9780821846018
9780821807484
9789203001946
9789203238816
9789203233828
9780784415696
9789200502880
9789203235853
9789203233804
9789203238878
9789203232883
9789203231916
9789203234887
9789203290890
9789203232913
9781680540024
9780821820537
9780821338698
9780821807552
9780850927085
9781567003055
9780784415924
9780821821572
9780784404164
9781572736887
9780819430403
9781587650932
9780821338636
9780821841174
9780819457615
9780944514337
9780819420145
9780819417725
9781560119708
9781622602087
9780850927252
9789201034199
9789201026149
9781849291606
9780873352345
9781849291101
9780850927313
9780821328439
9789201219206
9781849291385
9781849290678
9780871698148
9781849291125
9789201152138
9781622603022
9780821340219
9789201121080
9789201438225
9789201020192
9789201183200
9789201411105
9789201342218
9781626610040
9781849291521
9781849291491
9781849291163
9789201622198
9789201635198
9789201009203
9789201044082
9789201071217
9780821351697
9789201025197
9780821330395
9781849291545
9789768125385
9780955354045
9789201261229
9789201384218
9781849291484
9781930901384
9789201377104
9789201073211
9789201026170
9781849291552
9781464816369
9780809325801
9789201010193
9789201019226
9789201020161
9789201151131
9789768125576
9780823214983
9789201285225
9789201088093
9781933146362
9780822368069
9789201489227
9789201195227
9789201381217
9789201203205
9780838904961
9781849291538
9789201120205
9789201629197
9789201288226
9789201105202
9789603995128
9789201275103
9780821339183
9789201011213
9789201291219
9781933146324
9789201029195
9789201280213
9789201173102
9788793229129
9789766400170
9789201231215
9781464816451
9780822368304
9781478005735
9789201167217
9789201048196
9781626619593
9780838906002
9789201057211
9780700617647
9789201042194
9781464816765
9789201340214
9780821348918
9789766401313
9789766406844
9789201631190
9789201143204
9789201070203
9789201200211
9781849291392
9789201364104
9780880912075
9789201040183
9789201062161
9789629374167
9789201019202
9789201168207
9781849291514
9780822368243
9789629371746
9781516523511
9780813922706
9780812221510
9780869809846
9781621311416
9789201022189
9781597975117
9789201282217
9789201218223
9781849291507
9780700624164
9789201639196
9789201159205
9789201397225
9781516502967
9789201353221
9781626617384
9781557531483
9789201213211
9781849291729
9781478008729
9789201616197
9781464816055
9789201056085
9789201093080
9789201083142
9789201110077
9789201017086
9789629373221
9789205102153
9789201584144
9789201146137
9789201099143
9789201055095
9789201092144
9789203076081
9789201100078
9789201298102
9789201307101
9789201106100
9789201338105
9789201050205
9789201218216
9781933286181
9789201082206
9789766400811
9789766401580
9789201627193
9789766400873
9780850926569
9780838906682
9781849291460
9780815631187
9780813936215
9781557534736
9780977722068
9781516526642
9780806310343
9781849291590
9781558493568
9789201288219
9789629371623
9781936320554
9781516541164
9781557532718
9781516526451
9788773044179
9780838938065
9781849291323
9781849291927
9780812280401
9781849291873
9789201023193
9781516517664
9780812231977
9789201210210
9781570036897
9789201013224
9781869144401
9781557534903
9789607395412
9789201096197
9789764100447
9789629375577
9789201165213
9781849291668
9781849291644
9789201320216
9789201265203
9781570033933
9780982690734
9781570034930
9781849291613
9789629374419
9780850923872
9780850925357
9780872493995
9780816526819
9781570033070
9780869809686
9783981841206
9780952330134
9789201115201
9780838955468
9789812308917
9780838903384
9780838902592
9780838903360
9780838903391
9783518007587
9780838978641
9780838902837
9780838932902
9780838932094
9780874623253
9781848599970
9780850920222
9780838902202
9780838902110
9780906795200
9780906795187
9780838901168
9780135458389
9780135811290
9781269444873
9780205699360
9781256458579
9781580762588
9780137924738
9781506339511
9781452244334
9780761928690
9780761921844
9781412965514
9781071884201
9781573318969
9781573318983
9780731404551
9781841120263
9781119868200
9781876627133
9780701636548
9781119137122
9780470820377
9780730329879
9781118439852
9780730335566
9780470815953
9780730301547
9789813049017
9789813049048
9789810242350
9789810234706
9780300230482
9788417708474
9783898802222
9788854410619
9782897184988
9789798926280
9789401412339
9780811841412
9780811826860
9781742700243
9781740669573
9781740666275
9781740667654
9781878271983
9781742701202
9781740668583
9781742701356
9781740667043
9781740668088
9781741177145
9781741177138
9782745981769
9789063693749
9791027600311
9791027601912
9791027603060
9791027603022
9791036338809
9782408016142
9791027603053
9781590203446
9781590526118
9781593762254
9780957648180
9783791372419
9781644734056
9780241432761
9788418483349
9780241432716
9782080203847
9788491055884
9782080203335
9788891818041
9786073145930
9780241608081
9780241626504
9783868734546
9788494083440
9780803622494
9789067642514
9789241542180
9780849366086
9780880333238
9780444813930
9781935011088
9780136789055
9780750637893
9780121581145
9780471135531
9780125278409
9783709104712
9781405103497
9781905674978
9780070717879
9780749439774
9780735700307
9780231136570
9780821841594
9780917330872
9780816504503
9780821830598
9780821830482
9781470435202
9781470440374
9780821874271
9781470442217
9780889200913
9780889201095
9780880333054
9780880330565
9780708317297
9780821831076
9780914710240
9780914710608
9780821807958
9780821830048
9781930901346
9780880331845
9780821831243
9789629370442
9780253351760
9780816501748
9780816502936
9780816502943
9780816504374
9780816504640
9780816504770
9780816506262
9780816504749
9780821806661
9780821837535
9780914710974
9780821808252
9780816506781
9780816503049
9780816503933
9780816506521
9780816502646
9780816506101
9780821860038
9781911116196
9783847405528
9789622011694
9789622015319
9781903663684
9780822367253
9780822366782
9788323341758
9788323339410
9788323338109
9780898435153
9780880334266
9781597560467
9789629370015
9780822364870
9788323342908
9780822365563
9781558494305
9780880332989
9780889200166
9780822364771
9780880334853
9780816635290
9780822368182
9781862876491
9788323339243
9789622016484
9789882370111
9788323341710
9788323343394
9780975373484
9788895623221
9780874808360
9784130820134
9789628269099
9780231172653
9781939594358
9788773043998
9780860085188
9789622010116
9781783322626
9781842654286
9789675492075
9789622012004
9784130802192
9788323340867
9780881323641
9789622012363
9780853347514
9780113218820
9780444863348
9780812105155
9788180612220
9788120338623
9789386206657
9788131533598
9780130218063
9780887600906
9783869221298
9780571107452
9783931516963