9789384695002
9788170194798
9788186880074
9780026859035
9780130452702
9788183742900
9780968537015
9781443422888
9780002005340
9789351041078
9789386667830
9788121506243
9789383285549
9788176259583
9788171164004
9788171427024
9789350177303
9788170110798
9788186791400
9780919768857
9788172050962
9788176211802
9780006151838
9780099433835
9780121925703
9788183990714
9788183740814
9788183743549
9780971937086
9788121614740
9789386458421
9788131505434
9788170660736
9780006716525
9788189013721
9789383625574
9788123722818
9788126525126
9789386603913
9788121508087
9788120613850
9789385995361
9789388351645
9780002117432
9788189430184
9788120602083
9780155598553
9780001961715
9788189643362
9788178837048
9788183072083
9780002005173
9788131234136
9780039201234
9789387651388
9789352531257
9788120335691
9788121500418
9788175082182
9788175081932
9788187570585
9788174361745
9788170812449
9788185990705
9788174350688
9788184200126
9789352220205
9788184551686
9788173801075
9788190283762
9780044450207
9788125025238
9788179103463
9788171327508
9788172112080
9788188683970
9788182474734
9788188280162
9788185733715
9788182470071
9788182473904
9788190317870
9789387192461
9788170355670
9780140434811
9788174349064
9788186568101
9788176485036
9789352021710
9788185375076
9789382471950
9789388409025
9788124114780
9788185878010
9788120340503
9788178221694
9788184664522
9780973018318
9788170249146
9780143031222
9788131313602
9788176485661
9788185984100
9788189652937
9788178270685
9788176488570
9788189973650
9788178271651
9788170263340
9788178271965
9788131313336
9780153394270
9780153335914
9788177541410
9788131256817
9788131244487
9789380704036
9789387214026
9788131604731
9788182744981
9788173200434
9788120714441
9789390435326
9788170820925
9780006497073
9780141193496
9789385509636
9780099476405
9780002230421
9788193117590
9788177568479
9788172156015
9789380077161
9789380409283
9789386478702
9788192173818
9788192173849
9788192173801
9780902308633
9788170946311
9788120343986
9788187644682
9788186098172
9780906085226
9788181891860
9788173290190
9789388982498
9789350152980
9780099193715
9780440227939
9780198710899
9788171566471
9780143169055
9789351130222
9788126562831
9789388008198
9789388332538
9789389110999
9780972447416
9789388859615
9789388008020
9789350172599
9788180611704
9788172054311
9788172054922
9788171680993
9789352040469
9788184200805
9789380502335
9780006173731
9780006752479
9780006167228
9780006139874
9788172933913
9780449209660
9780002213318
9788174367655
9788126449309
9788176673594
9789383625550
9789383625543
9789383625567
9788176673679
9788121108393
9789380397030
9780140455410
9780900983894
9788183606011
9788128807169
9788188452378
9788123770826
9789387894921
9780977981335
9788126557509
9780006918851
9788187288879
9780451510587
9788181437303
9788190972727
9780046582326
9780023054006
9780205142422
9780471011453
9788123773865
9788123729787
9780904526165
9780448417332
9780143192732
9788178240527
9788125015710
9788178242729
9788125016953
9780113216673
9780976738015
9780904978186
9780006643197
9780001204454
9780029078006
9780905310107
9780155551121
9780140351217
9780030704383
9780905906782
9780002212038
9780920197554
9780140383959
9780448189352
9780028461809
9788173804670
9788185830247
9788174362926
9788120348172
9789326350600
9788179631126
9788170821403
9788170821380
9788170821434
9780975736104
9780399533013
9788120312418
9788185822181
9780007117222
9780002200929
9780143015314
9788185113197
9788185832166
9788120722187
9780049210097
9780907544005
9780901824608
9781409149408
9780970702074
9780902833944
9789387331631
9780906008201
9780903035088
9788189948313
9780916870553
9780153021664
9788188204748
9788121917803
9780471024569
9788179931851
9780091545918
9788170100157
9788171824106
9789388247375
9788182560109
9780025718708
9788195331208
9788124104965
9788124106389
9788174364678
9788123000466
9788126524488
9788185771687
9788178233420
9789387799004
9789387799165
9788181521996
9788178833729
9788172053833
9789350175125
9789383437177
9789384273279
9788178838953
9789351121336
9788187853077
9788185375519
9789380428413
9789352081875
9780091596118
9780091596118
9788171016433
9788172314248
9780973346961
9780002007399
9789384229177
9780003126419
9780451520012
9789386262271
9788178837826
9780471005278
9788180565533
9788176212601
9788170581604
9788184030419
9788182744455
9788126517022
9788120329553
9788172050672
9788121933490
9789380834023
9789380326535
9780126729726
9780425065891
9780113316182
9788120352285
9788175971448
9788192304625
9788187967583
9788178270791
9788185273983
9788189233488
9788186530122
9789325992245
9780002711401
9788172612443
9780155011625
9788172612641
9788187107798
9780141330082
9780141323473
9789384319090
9780006903260
9780425071588
9788190749633
9780141006840
9780141350967
9780131104112
9780439243940
9789350258040
9788170219910
9780460001021
9788123919485
9788184483536
9788182522428
9780425039106
9780152635084
9789350904121
9780906500064
9788120603301
9788172234669
9789350257692
9788189738419
9789388497671
9788180616525
9789380704098
9788184480986
9788174364296
9788120341784
9780007192670
9780130314734
9788184489071
9780448466774
9788128823640
9788170215370
9788186265895
9788184483239
9788178624280
9788177868517
9780091464905
9780007262939
9780141194646
9780152227104
9780001848115
9780143052623
9780140316001
9788170592457
9788187967095
9780001604179
9780297773283
9780099660613
9780006918042
9780099448402
9789352704323
9780974325903
9788184898460
9780048240125
9780448195117
9780001958265
9780007102815
9780258969953
9780448424347
9780860684299
9780091956516
9781410418180
9780451511829
9780439291262
9780001840713
9780006377979
9780006158295
9780007243808
9780099866206
9780030761140
9780044454397
9780006540069
9780981825144
9789350253885
9789350259931
9789351524656
9780141382326
9789351527473
9789352703531
9780198720454
9780151421718
9788122436112
9780090483716
9788122308358
9780434011551
9788121920926
9789381607688
9780901598561
9788175053090
9789351526377
9788185059013
9780900409417
9780099753018
9788188322633
9781338758146
9780981073507
9780091761479
9780241003916
9780972869645
9780140303551
9780399251948
9780297777366
9780143192633
9789380070803
9780006170723
9780971890787
9780006482888
9780425034163
9788121904933
9789387376793
9788170305101
9789387629820
9788178835969
9789381283721
9788188224050
9788171921522
9788171921584
9788126411658
9788171307227
9788126436095
9788128815508
9788174760579
9780130518224
9780130525826
9780130989857
9780130271761
9780130138231
9780130175717
9780130185174
9780130969255
9780131248434
9780124604322
9780099077008
9780030711763
9780130485977
9780155065369
9780130920461
9780130282927
9780130313553
9780043290422
9780130149862
9780155063884
9780130347985
9780024283405
9788180616983
9780130144270
9780130399144
9780130390967
9780131636194
9780155081369
9780130571007
9780131246867
9780030072789
9780023456015
9780143017776
9788170334118
9788189574604
9788186265734
9788175413399
9788175341753
9788187967149
9780131204010
9780130474582
9788185944234
9788172152154
9789350403440
9789380772059
9788186732953
9780080112237
9780399533891
9788171020850
9788192012612
9780900409349
9788190743129
9788190363464
9780902843547
9780460009935
9788171082155
9780902818699
9780040690027
9780460017916
9780900000225
9788192956794
9788183760232
9788170585053
9788120724624
9781118431221
9780080196541
9780151091799
9780142300886
9780080105888
9780140564945
9789350246542
9780439996426
9789380658285
9789385059117
9788185431925
9788177544978
9788176258142
9781443426343
9789351528180
9788187288022
9788184653113
9780451517333
9780030562945
9780099511830
9788182901438
9788172312275
9789351791966
9788178989952
9789351791225
9780174444800
9780002720670
9780091346102
9788121511247
9788173806339
9788175991521
9788172247461
9788187967040
9788180560392
9788184614688
9788121500005
9789385077876
9780900834202
9788170300083
9788170300922
9780900860720
9788170585428
9788181581174
9788189526122
9789351791942
9788176371124
9788124112687
9780140548914
9788184823196
9780131755390
9780143029991
9789350903629
9780002238991
9788124106099
9788172613235
9788171010127
9788174353627
9788172312190
9788174350312
9788174350091
9788188222438
9788175157460
9788181580061
9788174353160
9789386262813
9788176295369
9788176259934
9789380642741
9788175412149
9788170355304
9788170358688
9788187498650
9788170353485
9789352081837
9789385492792
9788171921317
9789380642208
9789380642710
9789386056856
9788120307094
9789351521235
9788120320222
9789385915499
9788120322134
9789381269220
9788131525920
9788190351430
9788126533695
9788187566373
9788124103999
9780006395706
9780439774345
9788120334687
9780985628161
9789352703845
9788170866299
9788131208632
9788171164424
9788177700480
9788120346482
9788170306962
9788170815136
9788170812586
9788189211042
9788170306009
9788170306665
9788170813378
9780153036026
9780099133605
9780141193632
9780460005241
9789385609039
9780143191582
9780091553814
9780439014144
9780099230601
9780099492689
9780140500318
9780153021138
9780002000185
9780152025489
9780140440867
9780140219715
9788172612740
9780141038339
9780099450221
9780091428808
9780140546224
9780002616225
9780140545388
9780140502725
9788181901316
9780141189314
9780006614869
9780006547808
9780140329803
9780902804067
9780143199052
9789387155596
9789387472976
9780099749318
9780439963565
9789355590831
9780099660415
9788174362407
9788120353060
9788174362537
9780199153442
9788185040219
9788185040332
9789382716013
9789385986215
9788177543995
9788120341883
9789350585030
9788176487917
9788120336704
9788186535226
9788171094295
9789385509070
9788174353597
9788120320475
9789350252024
9789352700776
9789350904152
9789352700752
9789351522034
9789352500444
9789380704050
9788184482089
9789350259597
9789351526605
9788131529409
9780140549584
9789383095162
9780970008008
9788179253007
9788173200243
9788173200519
9788187226079
9788187566519
9788122004854
9780140322538
9780199157693
9780902920798
9788174351289
9788178980812
9788178988610
9788193657294
9788189430573
9788175080317
9780131121119
9788126508181
9789352662227
9789351790754
9788176761659
9789383243136
9788190757805
9788174363473
9788173200403
9789389628845
9780004594026
9788183602808
9788186190944
9788176212557
9788124108338
9788173031946
9780130237057
9788129503077
9789350403884
9788183742771
9788170218975
9780022810863
9788186782750
9788174361462
9788120608092
9780143055365
9788178837871
9788170060581
9789332584037
9780099659211
9788124302002
9788120310155
9780471103752
9780174343202
9788189995041
9788175250673
9780976087106
9780900948510
9780001983366
9780140260045
9780099264422
9788120345126
9780973425307
9788120351769
9788120334311
9788120352018
9788120342477
9788120344952
9789388725859
9788180613340
9788182470880
9789381827888
9780143538141
9789352533183
9780002194242
9780099193616
9780140301656
9780143050629
9788120713635
9788175364790
9788185990200
9788120808133
9788185944159
9789386592491
9788172450472
9780130143761
9780091773427
9788187107163
9789383243235
9781402792274
9788188569885
9788185822877
9788170175537
9788170174011
9789387282193
9788176932103
9789350902615
9789350909805
9789387578722
9789387578234
9789389191875
9788123771779
9788123746555
9788123721996
9780434010172
9788125931645
9788187649885
9788173713613
9780001982437
9780001982345
9788131756317
9780143065562
9788173629990
9780900284519
9788176610483
9788173629198
9788120351721
9788120343399
9788121927475
9788178082493
9780143335030
9788120322219
9780099601913
9780140563771
9780001712010
9788123722603
9788183703314
9788172612177
9788172610784
9780919926677
9780006485391
9788120343795
9780006167242
9789332539341
9780030514890
9788131724095
9788187671343
9788178092201
9780005999547
9780060083502
9780094535206
9780901149237
9780028727905
9788189013165
9780976218173
9780044409816
9780002218047
9780141037561
9781400239320
9780143026198
9788186505373
9780099415824
9788171883905
9780440502166
9788178092690
9780002005456
9788178080963
9788120342958
9788170600183
9788177691672
9788120603547
9788186569276
9788170207214
9780042940731
9788185132174
9788177697247
9788170121084
9788177691832
9788177695069
9788177694222
9788173031847
9788177691627
9788177691771
9788173030024
9788185132051
9788186880180
9788177694307
9788177695410
9789350761861
9788177696059
9788173031007
9788120607729
9780001911123
9780047930287
9780045510535
9788175741744
9780903754361
9788131503089
9788131805954
9789383182459
9788179104903
9788171328321
9788171327805
9788179105054
9788179104347
9788120334250
9788190135412
9788170354420
9788184736595
9781405320290
9788174364401
9780141382166
9789386858139
9788186937969
9788185002613
9788185002330
9788121508988
9789380210766
9788172334055
9788172337407
9789386652010
9780979258183
9788185484631
9788174360915
9780140302899
9789385509445
9788187812210
9788187812944
9788170813484
9789386362407
9780143015796
9780125859653
9780230767256
9780982041314
9788121921534
9788121927024
9780460014816
9780006711186
9780860683490
9780906549155
9780449300046
9789385724428
9780974625300
9789352533251
9789352533770
9788185229515
9788184487039
9788174354594
9788121502733
9788121502733
9789384857363
9780198770527
9780089290073
9789350909454
9788121920728
9780460009638
9780006481461
9780094661806
9780241109885
9788121000536
9780042990118
9780904054125
9789384363956
9780006159513
9780439854283
9780091711009
9780917376375
9780460008792
9780460000758
9780460011020
9780977187317
9780006338086
9789387164789
9780984010912
9780902308442
9789383746927
9788188965595
9788120605497
9780975525005
9780001956681
9780460000765
9780460003278
9780006132394
9780027055900
9780049420953
9780047490026
9780091891022
9788184820447
9780860682462
9789390815456
9780025705906
9780039102890
9780050017180
9780141183084
9780043610237
9781442430785
9780985396954
9780916896966
9780025829206
9780140351552
9780972237413
9789388247719
9780451521118
9780007130641
9780981544403
9780451520166
9780917851544
9788183520119
9780451523808
9780030093104
9780002215626
9780425029770
9780006172000
9780140218695
9780002257923
9780977459384
9780131590625
9780984511907
9780425113059
9780972085212
9780977781119
9780425065983
9780143056218
9780006279334
9788170262442
9788188452293
9788185019789
9780451626103
9780047800139
9780978799700
9780044450313
9788188575817
9780141028330
9780451512857
9780002166096
9780006475323
9780090894208
9780904041897
9780044970415
9780027760002
9789386450524
9780113409730
9780006395652
9780099496113
9780140590098
9780006641315
9780451623676
9788121511476
9780004216720
9780099731313
9780984644032
9780224050258
9780441797981
9788174761200
9780860685159
9788184481624
9780140444384
9780030858734
9780174446026
9780006279716
9780006236832
9788189487751
9789387513037
9788131603505
9788176372282
9788179480687
9788187169154
9788187114956
9789352022861
9788120305014
9780091793418
9788190100885
9788170307426
9788170588924
9789385829802
9788187780441
9789350863985
9780131665552
9780002118279
9780907151432
9780049430433
9780043610305
9780047910340
9780043610503
9780865319745
9780043012567
9780047100017
9780044450108
9780043201220
9781137486684
9788178844091
9788120352407
9788173030543
9789385998485
9788120310414
9788175811638
9788188425693
9788173293191
9788173291661
9788173291432
9788173291562
9788185119830
9788178235820
9788173031250
9788181336941
9788184821512
9789386110282
9788185375878
9788185753546
9788173715884
9780140278590
9788120816022
9780969249801
9780140322927
9788172054274
9788172053260
9788190116282
9788187526681
9780439787024
9788120339637
9788173191022
9788120353152
9788130904023
9788177542004
9788192055749
9788186791165
9788185094526
9788186791127
9788185094601
9788186791622
9789387833517
9788172932367
9788183740678
9788190340373
9780007235483
9789387214859
9780130800381
9789385992186
9789353900281
9788173042591
9780002113892
9788181521088
9788131801253
9780001711150
9780978992965
9788183393201
9780099154716
9788187560029
9788171090921
9788171096596
9788171099825
9788174352521
9788174355942
9789380704227
9789350257975
9789350256374
9789350258873
9780131388987
9788184488517
9788184481891
9789351528531
9789386245229
9789382423270
9789382423768
9789382423775
9788126159345
9789382471110
9789332525078
9789352862719
9788131805015
9788126149964
9788170354789
9780170112185
9780044450245
9780170112390
9788120307209
9788170800712
9788131790540
9788120328235
9788187067894
9788192091204
9788175363038
9788187067955
9788178848723
9789386283498
9788175418035
9789387295070
9780006393900
9780170120494
9780152047382
9780043303467
9780006640851
9780974637990
9780001720046
9781443434843
9789339221195
9780439267687
9788177690590
9788121505826
9788186230152
9788185523736
9780974478555
9788187359654
9789381269299
9780900000782
9780141184111
9789389577327
9780451627414
9780091956462
9780143170310
9780984440665
9780143197959
9780002259712
9780449244715
9780143198635
9780919431317
9780043020043
9780091216603
9780971165267
9780141380636
9780048000446
9780140552966
9780891587583
9780451124586
9788126535620
9789352292479
9788185040035
9788175441576
9788179930854
9780199185900
9780199158812
9780199158775
9780143052524
9780006732259
9780002257572
9780199158546
9788174351807
9788120723009
9780099435433
9780143052128
9780002157490
9780902122567
9788125037026
9780043011706
9780048210425
9788122436563
9788122436945
9788187644873
9788126509041
9788185220208
9780122329326
9780917890062
9788120315532
9788121926164
9780155511583
9788181580511
9788181581525
9788185002675
9780972614009
9788185674964
9788174350961
9789382711360
9789389109009
9788191083316
9789387578333
9788187943334
9780199327218
9788186019153
9788124106358
9780131272866
9788174363152
9788182749221
9788131723142
9780140230352
9788131503744
9788120335653
9788175083264
9788190236997
9788172310097
9788174350268
9788180568053
9788190210409
9789332520950
9788121906661
9789381607961
9780919433335
9789386206824
9789380942599
9780976849117
9788131702185
9788185053363
9788130202679
9788173807374
9780906026441
9788170358329
9788192537177
9788185264295
9788170118107
9789382460909
9788189818807
9788190276771
9788172863487
9788184673845
9780451524959
9780140544169
9780099516033
9780451520425
9780099387015
9780099107514
9780140375916
9780141357270
9780241388068
9780006145172
9780439649643
9780048200211
9780140273007
9780147517074
9780099364405
9780091738822
9780141196473
9780451520180
9780091592509
9780141181998
9780002711197
9780002556095
9780006388401
9780007128365
9780439438445
9780002720250
9780006730118
9780007224470
9780153022241
9780142414484
9780439649636
9780143052838
9780001712256
9780241958582
9780143012429
9780241512845
9788190437851
9788171671595
9780174231011
9780001851276
9780027771510
9780440237860
9780143016267
9780002259705
9780080268729
9788178084886
9788194284611
9788187644132
9788123009070
9788126553372
9780001711358
9789352754175
9780141037448
9780143423546
9781439579749
9780141037691
9780143335870
9780006114185
9788131521052
9780099451488
9781101932827
9780140224108
9780452269361
9780241351017
9780151807024
9780006132677
9780007141890
9780024971005
9783947026890
9780007206148
9780143778417
9780143504863
9780440912309
9780006131762
9780099411284
9780241314296
9788174350763
9788177582307
9788189221065
9788184673906
9788189497163
9788185137377
9788186470626
9788131611487
9788178293707
9788131500583
9789332518827
9788174361646
9780004339672
9780904644890
9780112900061
9788186265987
9780451521859
9788170358077
9780460000215
9788124109762
9788173421723
9780030122415
9789386455888
9788126402441
9780981727332
9788186737569
9788186737101
9788124310977
9788187572268
9788184822670
9788188086160
9789350404942
9780143051244
9780130299017
9788174360335
9780176015039
9788185944715
9780155008212
9788178080468
9788186469842
9780973005714
9788170367437
9788126516537
9789386283672
9788172152024
9788179480731
9780451625700
9780091534516
9789350975107
9780199113491
9788175543720
9788175543836
9788174365828
9788120352032
9780982538302
9780099490555
9788184152999
9780901988515
9780970757258
9780439638227
9788186939185
9788176485784
9789385540059
9780140376821
9780099580713
9788181331267
9789380473024
9788186782439
9789385302237
9788187644323
9788126515240
9788131600108
9788170820277
9788184487008
9780091506902
9789352132775
9788170815501
9788176482462
9788187649854
9788124108390
9780977086207
9788131214619
9788170620136
9788171970001
9788185972213
9788172310509
9780460002349
9788170820505
9788120806368
9788124314678
9780094713406
9789389165074
9780977768608
9780001848238
9788126422630
9788126464319
9780007165803
9780978385705
9780131274112
9788185322261
9788187644408
9780919586147
9788172237684
9780977866502
9780091445515
9788120328037
9789380658315
9789380069586
9788183455473
9780451513571
9780141333991
9788177588781
9780983929864
9780044403227
9780451137289
9780425043127
9780904727043
9781416918561
9780028445908
9788121703277
9780471914006
9788185418216
9780041490145
9788189866075
9788176461917
9780981750040
9780002217422
9780143055853
9780241961285
9780877733430
9780465014750
9780451119834
9781443469753
9780451512291
9780141045276
9780006132271
9780141037295
9780451163547
9781443410472
9780451626974
9780470595343
9780906495308
9780224091138
9781416900009
9780449204498
9780153002953
9780916902025
9780399591198
9780451160935
9780451156266
9780460018944
9780099387619
9780007207978
9780007184569
9780007166671
9780002318891
9780044406853
9780140275636
9780001821088
9780007124428
9780205275014
9780029358504
9780439497107
9781443465038
9780256090154
9780471535720
9781259619007
9780205263424
9780141191911
9781443403962
9780140260977
9780451075284
9780153565595
9780907069317
9780006127352
9780160821271
9780903681063
9780002233286
9780901571045
9780451132826
9780002151146
9780006139645
9780213165765
9780006920588
9780091382919
9780425054901
9780425046845
9780448428314
9780399555589
9780046582142
9780865310834
9780865313972
9780007258185
9780140600094
9781408515594
9780199107674
9780441318483
9780439288316
9780439469630
9780451123749
9780439108003
9780091741181
9780143028499
9780448416113
9780120578504
9780451239211
9780451239211
9781400335480
9780130253798
9780048080356
9780439059640
9780006711285
9780140600049
9780006168874
9780451510075
9780156685085
9780425065402
9780900963339
9780140228311
9788171092574
9780876687383
9780920417157
9780907657019
9780091727345
9780906280508
9780918526885
9780002310277
9780865316508
9780865318328
9788121501699
9780140349245
9780425043813
9780425057179
9780448418674
9780448487588
9781443182812
9781399711890
9781401951078
9780860681632
9780099790808
9780143180081
9781409132554
9780030086342
9781444919882
9781444931457
9780460022774
9780451625762
9780006540694
9780441535774
9780099414605
9780099395805
9780122214226
9780977000517
9780006546108
9780143173533
9780297788690
9780906330425
9780985283100
9780439460668
9780091514204
9780170112338
9780877192473
9780877193289
9780174247210
9780451131300
9780006132769
9788170581925
9780143171348
9780907579328
9780297785811
9780002550833
9780006395744
9780441865703
9780904693553
9780860686385
9780141045078
9780984983209
9780903747059
9780246637970
9780425081969
9780041490299
9788178980539
9788185787541
9780041730029
9780451515087
9788174766489
9780143775850
9789351288145
9789352947607
9780901571908
9780006336068
9780976642602
9780451521910
9780905712185
9780170104289
9780881843408
9781407186894
9780140471380
9788170804833
9781439572672
9780451514776
9789386228727
9780903843041
9780094716605
9789381593004
9788171425044
9788189652630
9780004708065
9780451517463
9789351525462
9780441215676
9788124200834
9780141319537
9780140500592
9780399611698
9780153003301
9780297776208
9780905368122
9780091141004
9780099504719
9780152005511
9788176465861
9788188827206
9788170307457
9788176464116
9788176465267
9780029252307
9780980193824
9781259748646
9780099329510
9780449308134
9781405121040
9788170307853
9780451121486
9788170218821
9781408252086
9780007255337
9788126700233
9780984083626
9780440455974
9788170186212
9780981783048
9780130018519
9780974501451
9780900093197
9788189320140
9781406679311
9780980740615
9780140247923
9788170492634
9780982265536
9780002315197
9780297774501
9780041930030
9780970734945
9780006122326
9780246137227
9780985066758
9788170351092
9789381617236
9788170357711
9788123916460
9788120720886
9788131604601
9780877191209
9780425039670
9780140600131
9788187107347
9789353270001
9781439547618
9781435207288
9780140303773
9788185861142
9780094796904
9781328900906
9780983179764
9780439572354
9780002554985
9780241971116
9780140286540
9780006278856
9780006134701
9780153274565
9780006327448
9780902743601
9781292233451
9780030863714
9781443175999
9780002717076
9780002571845
9780860688617
9780147530370
9780006383246
9780441028924
9780460000727
9780439012669
9780152162405
9780981722504
9780976262503
9780972180801
9780152026738
9780002230247
9780152055813
9780968463505
9780099265917
9780453030762
9780860688440
9780977007080
9780446358460
9780160488030
9780001711273
9780152022778
9780027478617
9781443413305
9780451096883
9780919964686
9789380905075
9780006616375
9780006473961
9788182520301
9780099228523
9780449142745
9780981520407
9780973401356
9780983954316
9780002261128
9780978774059
9780007157730
9780152933838
9780985607166
9780130896957
9780160515521
9780091706906
9780099984108
9780984757909
9780904002980
9780981354507
9789386322982
9788170842538
9788184401417
9780981578361
9788131901922
9788124311561
9788184026092
9780439951166
9780969052814
9780983942559
9780141390789
9780091440800
9788178980447
9780983145769
9780131422339
9780985928407
9780007118267
9780460047876
9788126717538
9788171198719
9780904693706
9781416938446
9788170304258
9788190435567
9788183705899
9788170301868
9788185273952
9780201636802
9788120613867
9788183390972
9788120602533
9780471429463
9788170350521
9788189059040
9788129200556
9788177545005
9788194377672
9780876173060
9788170350569
9780904002836
9781118479407
9789388812276
9780241447963
9788192686059
9788183763554
9788183764070
9780971137134
9788120307773
9788183822541
9788183823036
9788172151164
9788193056950
9788185208527
9780451523471
9780448487410
9780141375762
9781405197564
9788179070574
9780023562907
9788121801225
9788120340237
9780028740812
9788121000727
9780983517474
9788176256315
9788173044335
9788184541908
9788176259187
9788170593218
9788184541830
9788172336028
9789386548498
9788184541915
9788184541861
9780471030218
9788183763547
9788174356390
9789387331747
9789350681060
9788176502016
9788128812521
9789388172547
9789386708823
9788192055725
9788128812590
9788176371537
9781435272705
9788125025184
9788126402205
9780887760921
9788176257343
9788183390897
9788178243702
9789383243228
9788176760607
9780007140008
9788184541700
9788183391627
9789386763556
9788188000197
9788172245672
9788131603550
9780983937807
9789381484104
9780205325443
9789381218457
9788188452231
9788170308201
9788185163918
9789352500475
9788170121350
9780460103473
9789389377644
9788120716476
9780205214617
9788123019796
9780022648404
9789380651408
9788186265871
9788172700416
9780917583018
9780979469206
9788123728117
9788172330514
9788178092430
9788176256032
9788121102117
9788121101097
9788183391023
9781442006676
9789387409668
9780425103302
9780439860598
9789387472891
9781417764587
9788183619318
9788178839141
9788179046999
9788173031021
9789351223702
9788181820853
9788170601265
9780141045382
9788131608968
9788177697315
9780091798727
9788171424344
9780985036904
9788183857215
9788128808487
9788175050532
9788179070154
9788177907544
9780080347349
9780205775330
9788170813859
9788184805031
9788171207336
9781443453479
9788171309016
9780256139723
9788172080624
9780143106425
9780471658726
9788172050924
9788120814912
9788178884394
9789382579045
9788178236094
9788126420643
9788129509840
9788178234625
9788188000180
9780241399248
9789390815500
9780425055243
9788170813811
9788173029707
9788194015482
9780471409007
9780470461679
9780901281401
9780007133123
9788177903829
9780003034202
9788181902412
9788170586685
9788171887286
9788177908824
9788178234113
9780982618509
9788128808029
9780412738302
9780982667590
9788125914532
9788189235567
9780440403548
9788177701418
9788190904810
9788126536047
9780439997522
9780449233146
9780917253386
9780448189017
9788178983905
9780917914140
9788188713004
9780449123508
9780446349444
9780449238691
9780006647317
9788126518920
9780470822104
9780471355908
9780460003056
9780153769559
9780471443605
9780425095546
9788172761271
9789381283813
9780904357875