9788131105276
9788120806870
9788191098037
9788183874366
9788131607633
9788120839977
9788178357027
9788178357010
9788178357003
9788193859131
9788193657287
9788193657225
9788193466001
9788192173849
9788121106283
9788193466025
9789384298104
9788176465861
9788184892086
9789385161599
9788183877510
9788121106801
9788193547991
9789386682703
9788189131524
9789387297777
9788178801339
9788173040313
9788178801063
9788184430080
9788124119150
9788176465069
9788173190643
9788170194453
9789383864164
9788178801117
9788126711871
9788184430394
9788185170503
9788184577792
9788170223719
9788183762250
9788170226697
9788129511775
9789386215574
9788178848211
9788183760706
9789350008133
9788171691876
9788178848532
9788178848570
9788190205580
9789386223517
9788178848594
9788190155533
9789386223715
9788178848631
9789350021620
9788178224428
9788189834739
9789350022580
9788183760515
9788190078870
9788178848747
9788176221887
9788171322404
9788184576023
9788189741464
9789386200457
9788190311304
9788188315123
9788178246482
9788176222426
9788190270250
9788178847719
9789382543961
9788190216807
9789382536581
9788178847740
9789332517172
9788131517734
9788178847771
9788178847849
9789382471110
9789332551619
9789382460954
9788178847856
9788183761437
9788176222198
9789332704190
9789386200754
9788183760324
9789382420132
9788178848853
9788172702281
9788178849195
9788189986704
9789382337393
9788178849287
9788189983154
9788178849294
9789386397409
9788171196241
9788184572964
9789382332206
9789382281931
9788178849058
9788171692392
9788178849485
9788123773230
9788184572452
9788171692415
9788178849515
9788171324071
9788171692446
9788178849539
9789350248317
9788178849188
9788176120425
9789388172547
9788178848990
9788127261641
9789386262295
9789382420088
9788178848884
9788171692002
9788172731441
9788123708843
9788176220859
9788184570649
9788190007719
9788178849003
9788172730383
9788190006651
9789382396611
9788177699722
9788184573022
9788184571769
9788131103807
9788184571851
9789382396536
9788171692231
9789350140024
9789327284058
9789332704435
9788178846835
9788183763240
9788190638890
9788184552096
9789386102744
9788176251976
9789382885375
9788194991328
9788172763671
9788170172932
9789386044785
9788188757527
9788173053344
9788178847382
9788122407228
9789386611253
9789387968783
9788173292415
9789382885948
9788121205375
9788121206716
9788122405415
9789382885634
9789382885597
9788121205382
9788184553956
9788178312262
9789386611062
9788184576160
9789386062321
9788183762618
9788171321018
9788170225232
9788190383479
9788183762816
9788195288724
9788178846873
9788126928538
9788171691241
9789386049575
9788184576436
9789382974680
9788131104279
9789327263886
9788171321322
9788177542882
9788190744942
9788195580439
9789327237733
9788190598439
9788183762939
9789382629962
9788190618373
9788194975441
9788171691159
9788178847474
9788178847429
9788176223997
9788178270777
9788178847405
9788126912452
9788120351097
9788190351430
9788174791009
9788180613340
9788171883905
9789385161537
9789352876396
9788170305699
9788124608562
9788171102792
9788126902026
9788173046193
9788170621829
9788170621638
9788125024798
9788183335768
9788131103814
9788183249249
9788192754130
9788123906270
9789351252610
9788123920542
9789351282860
9788131104866
9788171413331
9789351284482
9788171196661
9788171196869
9788184576566
9788171021376
9789352770267
9788184572551
9788192426686
9788186208519
9788190941679
9788171412082
9788192304779
9788171415526
9788186660232
9788187036128
9788124101438
9788184571875
9788130920634
9788171412440
9788189729448
9788124100400
9788187036388
9788184572209
9788171414239
9788123798295
9788184572414
9788125022930
9788192711508
9788171413218
9788189973742
9788171568253
9788184576184
9788189973650
9788183420112
9788184290509
9788185990651
9788189473785
9788171566334
9788123917269
9788190455947
9788183301404
9788183301350
9789351485568
9788190379748
9788186806678
9788123706832
9788183304573
9788190210478
9789352534340
9788171414529
9788130908380
9788131601754
9788190821285
9788183303484
9789351710936
9788189798321
9788123022987
9788186791806
9788183301848
9788121296175
9788171566013
9788183302111
9788191025385
9788184482089
9789351710103
9788189738907
9788123909400
9788171561278
9788183303507
9788121296199
9788171104192
9789351710523
9788171103225
9789351710837
9788184481259
9788191085181
9788186470312
9788131601839
9788186553893
9788121299954
9788189729943
9788192125435
9788184577617
9788184570557
9788170491088
9789351306672
9788184576603
9788183302630
9788171399055
9788171415021
9788171100989
9788186565254
9789351252207
9788186954911
9788121295659
9788184574418
9788192173887
9788123781440
9788183303378
9788183303385
9789351711353
9788170463009
9788121295895
9788183302227
9788186791769
9788186880708
9788184430431
9788183305099
9788171414086
9788183305419
9789352220205
9788184576863
9788131104859
9788189485177
9788171399062
9788171413478
9788183306362
9788186190999
9788171692453
9788189110390
9788184577860
9789350532232
9788185199276
9788170800132
9789350531860
9788170559085
9788183763097
9788185211534
9788171694686
9788171690961
9788170581833
9789350531501
9788185211701
9788185211862
9788185218700
9788122406160
9788171418176
9788130709505
9789350531242
9789350531235
9789350531228
9788183600965
9788188394036
9789350531143
9789350531136
9788183618342
9788171328871
9789350530757
9789350530726
9788171691449
9788183700306
9788188683802
9788185749297
9788131101834
9788185182407
9788121929059
9788183562713
9788171418893
9788183764292
9788183764216
9788185141732
9788183563277
9788171394036
9788183563314
9788183764100
9788183764094
9788183563451
9788183763974
9788194867869
9788171690299
9788171690329
9788171690381
9788183564106
9788187586517
9788170804833
9788171695577
9788171690534
9788171695522
9788170804352
9788183564465
9788124608302
9788171695188
9788183763578
9788194991342
9788171417025
9789350530610
9789350536353
9788130703459
9788183746427
9789350501108
9788183703727
9789350500620
9789350500521
9788171323524
9788185431925
9788171417643
9789350500101
9788185403229
9789350141298
9789350481424
9789350141663
9788183704960
9788131102718
9788188237456
9789350144251
9788185361796
9789350180259
9788183705318
9788122302912
9789350300411
9789350180280
9789350259931
9788170594161
9788171324491
9789350259078
9788129509826
9788131102671
9788131103050
9788171692125
9788171693696
9789350501825
9789350530481
9788171691487
9788183761635
9788131517482
9788183761307
9788171417391
9788183701280
9788183701594
9789350530306
9788183761062
9789332705401
9788183760928
9789350530092
9788171691845
9788187780441
9788171691883
9788183702140
9788187812098
9788171691913
9788171693368
9789350502716
9789350022559
9788187812753
9789350502587
9788171326990
9788187818366
9788171322596
9789350026274
9788187853671
9788183764469
9788185753690
9788121508094
9788130717265
9788193423882
9788193448069
9788183423113
9788185938790
9789351246626
9788193451984
9788124117668
9788131600603
9788121511063
9788193464311
9788183423199
9788170495024
9788193466018
9788171415960
9788171697977
9788187332541
9789350981719
9788187332664
9788183423885
9789350981214
9788184895292
9788183877497
9788124117989
9788183424509
9788187358107
9788185843148
9789350980620
9788183424745
9788131100103
9788193415719
9789351250111
9788171416158
9788124115572
9788121508629
9789351251835
9788184577877
9788124106099
9788171698981
9788189469405
9789351251507
9789351251484
9788187134381
9788131104941
9789351251477
9788192970554
9788184578324
9788187226390
9788124108611
9788184030808
9788184578577
9789351251064
9788170494195
9789351251002
9788187317531
9788193295434
9788185952789
9788189211059
9788193317266
9788121509701
9789351250562
9788187317623
9788121509954
9788187393337
9788124119228
9788188827053
9788185094540
9788183870177
9788131245835
9789350723951
9788188965687
9788170841753
9788170840244
9788185771922
9788183560733
9789350564776
9788194247357
9788185094564
9788188934911
9788171696765
9789350563175
9789350562871
9788171696529
9788194300915
9788171696406
9789350562420
9788194418504
9788185771359
9789350562390
9788194426981
9788194483083
9788183562553
9788170820642
9789350560556
9788124608968
9788171394548
9788171394883
9788171419234
9788189110550
9788189005306
9788170999096
9788189110536
9788187418207
9788189110505
9789350980064
9788131105252
9788170998570
9789350904374
9788183875110
9788131105405
9788189110024
9788189072025
9788183873765
9788183873581
9788183872478
9788189011994
9788121801324
9789350741832
9788183871723
9788187418399
9788189011932
9788189011857
9788185057965
9788194081920
9788185094175
9788170551386
9788194116226
9788189005771
9788129132611
9788170356226
9788186580295
9788183245975
9789383284115
9788178845364
9788121205368
9789382974192
9789382974543
9788170223429
9789383098057
9788178807690
9788170223252
9789383098149
9789383098804
9788121203463
9788178806716
9789383158843
9788178806501
9788170222637
9788178805283
9788178805245
9789383252305
9789383252329
9788178805122
9788178805078
9788178845982
9788178846255
9788178846736
9789382460862
9788178848006
9789382460282
9788178847993
9789382460534
9789382460602
9788178847894
9788178847887
9789382460763
9789382460855
9788178847757
9788170224754
9788178847658
9788178847559
9788178847139
9788170224914
9788131607107
9788178846965
9788178846866
9788131607114
9788178846798
9788178804941
9789383284542
9788180690198
9789383285402
9789383838967
9788121107426
9788178800981
9788178800820
9788178800783
9788178799827
9788178799674
9789384502775
9788170189640
9788178799667
9788178799254
9788121103756
9789384649111
9789384649203
9789384721480
9789385000713
9788178796185
9788178795898
9788178795874
9789385144059
9788178795720
9788178801605
9789383838493
9788178802046
9788178802978
9789383285426
9788178804415
9789383316953
9789383649716
9788121109963
9788170220039
9788178803296
9789383684908
9789383723379
9788178802732
9789383838028
9788121109024
9788170196532
9788170196433
9788178802411
9788121108850
9789383784394
9788178802329
9788121108546
9788178802169
9788178848013
9788178848099
9789382420675
9788178848587
9788179759387
9788121213554
9788126700288
9788131605998
9789381162590
9788131606100
9789381209011
9788172453046
9789381209400
9789381212684
9788179755945
9788179754313
9789381234600
9788172611392
9789381234723
9789381269299
9789381301944
9788179507889
9789381406694
9788179105078
9788179104897
9788121214209
9788170303008
9789380873954
9788172336653
9788131605592
9788180560392
9788170305231
9789380752372
9788131605653
9789380752570
9788180430367
9789380772431
9788180317118
9788180141263
9788179775479
9789380852560
9788179941454
9788179918951
9788179860922
9788126547272
9788172338534
9788179860700
9789380873435
9789380873466
9788179104866
9789381523728
9789381574034
9788172702489
9789382186892
9788178849683
9789382206415
9789382206736
9788172701994
9788178849607
9789382281344
9788170229223
9789382281573
9789382381655
9789382186700
9788178849201
9789382396352
9788172730468
9789382396628
9788172730635
9788170227359
9788170227311
9788178848723
9789382420521
9788131606964
9788121209212
9789381574553
9788126705108
9789381574843
9788126704033
9788179102237
9788172682026
9789381748244
9789381748251
9788172682309
9788179101469
9788179101186
9788126705320
9788178849973
9789381952887
9788131606513
9789381991862
9788178885827
9789382036128
9788178882925
9789382059134
9789382059813
9789382076629
9788178794921
9788173045080
9788178791777
9788170006077
9789388789462
9789388789752
9788126912384
9788175413597
9788175410954
9788173719998
9788175364462
9788126912728
9788175360204
9789388937252
9789388937399
9788175330252
9789388937696
9788175253773
9789389012699
9789389110807
9788175246898
9789389211634
9789389253931
9788175246669
9788175246621
9789388789318
9788173717109
9789388789059
9788176222440
9789387791282
9789387889453
9788176256537
9788176256032
9789388022088
9788176223966
9789388022187
9788176222808
9788120800359
9788176222273
9789388753708
9788176221122
9789388317047
9789388409032
9788173431470
9788175740525
9789388415132
9789388540094
9788175418233
9789388684217
9788175246478
9788120351110
9789389381016
9789391214999
9788131705346
9788174341815
9788174732897
9788174457325
9788174457035
9788174456977
9788174456809
9789391214487
9788174456403
9789391685164
9789390692453
9789391685256
9789391734268
9789391734442
9789393405210
9788131610220
9788174454386
9788174454362
9789393768414
9788174356390
9789390971879
9788174790637
9789389381122
9789390185757
9788175246034
9789389657043
9788174879899
9788120348523
9788126916658
9789390054916
9788120346222
9788174877215
9788174876690
9788173914522
9788174791634
9789390351558
9788173915680
9788173915765
9788174870766
9788174870612
9788131761090
9788131609330
9788131733394
9789390620623
9788120802780
9789387671324
9788178791623
9789387671270
9788178312590
9789386001573
9788173048135
9788170173359
9788173048494
9788173048500
9788178271651
9788178271422
9789386092120
9789386108692
9788178246352
9788178245423
9788178243818
9788178243610
9788178000244
9789386262424
9789386262837
9788120822207
9789386302038
9788120819603
9789386397560
9789385995422
9789385995415
9789385995347
9788178356068
9788178790374
9789385161353
9788121003643
9788178510071
9788173046148
9789385161827
9789385161971
9789385285295
9788170183983
9789385606304
9789385995316
9788126717538
9788170182832
9788173047176
9789385891724
9788178353814
9789385909085
9788131608548
9789385909870
9788126719402
9788177566031
9788177561265
9788173051425
9789387472617
9789387195936
9788176466066
9788126923113
9788170020059
9789387393134
9789387436121
9788120807297
9788120807181
9788126922970
9788131608883
9788176484510
9789387496774
9789387587519
9788173200595
9788176372299
9789387587717
9788120803336
9789387643444
9789387671034
9788176259064
9788176481441
9788120810327
9788173051449
9788173053511
9788177551860
9788173051951
9788177551044
9789386556059
9789386556516
9788177544015
9789386582690
9789386608246
9789386608383
9789386611376
9788176485470
9789386611437
9788120814851
9788126925865
9789386611901
9789386618528
9789386682383
9788120812192
9789386682697
9789386682871
9788180690068
9788178804798
9789380026442
9789380731308
9789353574727
9788182747555
9788180694806
9789353240899
9788126053162
9789380336107
9788182110519
9788180697852
9789380336312
9788183242493
9788172150020
9788181331267
9788131605158
9789353240837
9788180693410
9789380117416
9788180697883
9788121229326
9788131604472
9788131605523
9788170351085
9789380117331
9788170353485
9788170355281
9788181892850
9789380660752
9788170336174
9788183226585
9788170354253
9788181970312
9788121262071
9788182054516
9788121267441
9789380677224
9789380117348
9789354790171
9788180695605
9788180699856
9789380534442
9789380534336
9788121239080
9789380534510
9789380626536
9788171886579
9788125064183
9788131603499
9788172154219
9788183241717
9788180695759
9788180696244
9788181980656
9789353243050
9788180698125
9789353220402
9789380026282
9788121248136
9788121266185
9788170307501
9788181713865
9788121235723
9788180692666
9789380261577
9788121232562
9789380731834
9789352940905
9788180693342
9788180698279
9788126007448
9789352940899
9788182745636
9788131604786
9789380336824
9788121248143
9789354794124
9788180698552
9788180696664
9788182746657
9788181750396
9788170335139
9788181716033
9788180697821
9789378313738
9789380027128
9788171884605
9789352947607
9789380336718
9789380026213
9788181290892
9788180699078
9788131604663
9788183075152
9789353883881
9788121268462
9788126045655
9788121265133
9788174792181
9788121920728
9789350903063
9788178243740
9788171676385
9788131600573
9788185040264
9788124605387
9788173046629
9788121501187
9788120342958
9788173047831
9788120835573
9788126928019
9788170172741
9788125030690
9788190100885
9788178350073
9788173042775
9788120820241
9788184571844
9789386397096
9788184572063
9788170350460
9789386310705
9789386235381
9788178245348
9788171191567
9788123792774
9789386223135
9788184555752
9788171192854
9789386223913
9788190086103
9788178190631
9788184571639
9788121504584
9788177904376
9789386262370
9789386262707
9788184570724
9788190006965
9788120821378
9788184571448
9788189983390
9788189798079
9788121265454
9789386397362
9788184576504
9789354397721
9789386611758
9788177541267
9788189630874
9788184576832
9788172054151
9789386682406
9788173055928
9788184577099
9788184577464
9788189487171
9788170462941
9788173056048
9788183303439
9788177022421
9789386689450
9788189473600
9789386768261
9788171426652
9788176487429
9789386827982
9789351711360
9788120810426
9788189469122
9788182472747
9788189304263
9788184576498
9788126727957
9789354423062
9789354650970
9789354657382
9789386397713
9789351710219
9789386439031
9788183303538
9788173051388
9788126126385
9788184572841
9788182054486
9788183303491
9789386556318
9788177544428
9788184576016
9788189729554
9789351710554
9788172054274
9788178245577
9789386603913
9788184576061
9788189765118
9789386608031
9788120816633
9789386608079
9788189738495
9789386608239
9788182054554
9788126134014
9788171105557
9789386200129
9789385144578
9789385144769
9789385149689
9788184113723
9788184114010
9788186627433
9789385160516
9789385161070
9788121004022
9789385161193
9788184115475
9788192624419
9788183306386
9789351439851
9789385161230
9788184351217
9788126715350
9788178542430
9788178542423
9788184353747
9788184353785
9789385161407
9788192290300
9788192275963
9788172331313
9788123915647
9788192229041
9789385161506
9788123912578
9788178540795
9788173044441
9788124103999
9788126134427
9788131608135
9788178800967
9788124117958
9789351281450
9789384119447
9788173040955
9788183877572
9788126424122
9788178800660
9789384402327
9788178800417
9788131105009
9788121105200
9788122422306
9788183877671
9788170337829
9788121104340
9788131604694
9788183990646
9789384625955
9788171020171
9788184030167
9789384721008
9788170338048
9788178796611
9788171569434
9788193027578
9788121101790
9788192885544
9788183306478
9788178510750
9788183306355
9788192125442
9788192102863
9789385957291
9788190821308
9788126320745
9788183304559
9788189301194
9788182053311
9788182053328
9788184503623
9788178330273
9788123904122
9788131104538
9789355941718
9788131104521
9788178312323
9788182053335
9788190683104
9788190676656
9788182053441
9788190653602
9788173048258
9789386048370
9788178312279
9788182053458
9788131608753
9788178271866
9788178271682
9788182053496
9789355181886
9788173048920
9788123906461
9789385957208
9788190881562
9788178356631
9788192102825
9788192102801
9788181894779
9788183306348
9788171566730
9789385161803
9788192055107
9788126717026
9789385360121
9789385385759
9788182050044
9789385494154
9788178356952
9788191055047
9789385957192
9788178356600
9788171103867
9788183304801
9789351481997
9788126717552
9788131601112
9788121263030
9788183304764
9789355945372
9789385909092
9789385909177
9788184500639
9788190906562
9788176480468
9788180690495
9788120809833
9788187393375
9788174878649
9788174878908
9788174878960
9788174879585
9788171395538
9788121296052
9789353240615
9788131609309
9788126916573
9788174890405
9788185789217
9788174900579
9789389563368
9788175245921
9788121267564
9788187330516
9788185921181
9788171395897
9788174876843
9789353240288
9789390122561
9789352706013
9788173915628
9788183300964
9788174873644
9788174870865
9788120345645
9788125062813
9788185952949
9789390435692
9788187226260
9788175246027
9788183301268
9789389387087
9788170358268
9788175360105
9788171393800
9789388937511
9788130712512
9788183153140
9789388937719
9788175248984
9788120352988
9788131100592
9788185753096
9788175248397
9788187566373
9788131100561
9788171416561
9788171416530
9789389381252
9789389136234
9788175247086
9788120352124
9789389137941
9788175246904
9788175246751
9788175246713
9788173813382
9788170353874
9789353240769
9788171416318
9789353240707
9788131603437
9789352701544
9788187169727
9788187108573
9789388937429
9789391685171
9788186239049
9788120324664
9788174455741
9789391759032
9788171399116
9788183247283
9788186791097
9788183300575
9788186791189
9788174455994
9788120330924
9788171398683
9788174456182
9788126919857
9788186256084
9788186308950
9788171413898
9788120321687
9788174455253
9788120317000
9789392510144
9789352879311
9788120314375
9788174454645
9788121268585
9789352872817
9788186715437
9788174453952
9788123763071
9788131610039
9788174364708
9788186208496
9788131602522
9788130905310
9788186142783
9788131602836
9788131758694
9788187067252
9788185988313
9788185988375
9788187067160
9788171885701
9789390620340
9788130927503
9788187036401
9788174792068
9788131729496
9788120342880
9789390658886
9789390678150
9788186791622
9788131609491
9789390692316
9788171881109
9788170355304
9788120340398
9788170355359
9788131612309
9788171397976
9788171414369
9788183245388
9788130908366
9788186791783
9788121268271
9788186208236
9788185749686
9788187606109
9788126901692
9788188965083
9788173201103
9788176258814
9788182748064
9788183302982
9789387651883
9788188965052
9788188965151
9788131601396
9789352074884
9788176372398
9789387587335
9789387587328
9788170007029
9788173200441
9789387671317
9788182815612
9788126904310
9788185141787
9788188817368
9788188808601
9788188808281
9789387889910
9788188775996
9788188775361
9788126014842
9788188683987
9788176253192
9789388008297
9789388008846
9789388008853
9788188683246
9789387537361
9789387537279
9788171247783
9788126922994
9789387023680
9788176467896
9789387195080
9789387195653
9788176466271
9788189161651
9788184620764
9788126032341
9788184842432
9789387212121
9788120808133
9788176465694
9788176465281
9788184898460
9788189110529
9788176461535
9788131601211
9788176464253
9788120807464
9789351941040
9788171419876
9788126424610
9789351941637
9788126903108
9788189059354
9788185040400
9788189011963
9788131604007
9788176461542
9788171419555
9789388020923
9789388022392
9788130712376
9788183150705
9789353242886
9789388691253
9789388684859
9788171327904
9788175415881
9788185487076
9789353242947
9788188569243
9788120724518
9788185434162
9788175510876
9788183302241
9789388415064
9788120733220
9788171417445
9788183302159
9789388789608
9788170358732
9788185589695
9788121267083
9788175413832
9788183151979
9788171329069
9788171416912
9788171390076
9788170353478
9788175410657
9788170353492
9788170358428
9788187606482
9788185749136
9788175511965
9789352294428
9788173431517
9789388248044
9788171418213
9789388022729
9789388028080
9789353243135
9789388121217
9789352210022
9788182904804
9788176222228
9788185220895
9788176222006
9789388162784
9789388183055
9789388183062
9788176220439
9788131102909
9788183302463
9788182904897
9788171417841
9789388320023
9788126908202
9788176114011
9788176113953
9788188230785
9788176113342
9788171417803
9788176110518
9788131102602
9788187981534
9788171417728
9788187967811
9788171244652
9788170185994
9788131604618
9788183564311
9789381084014
9788178848891
9788183564823
9788178848778
9788183760386
9788183760430
9788183423137
9788127250904
9788178848693
9788172339401
9789382420453
9789382420477
9788183760621
9788172736576
9788171691760
9788172737306
9788170662600
9789350001431
9788183761000
9789339203467
9788124608432
9789333684644
9789332899773
9789351247661
9788131607053
9789382398479
9789382398073
9789382396772
9788183743051
9788170302070
9788121213424
9788131607015
9789350180389
9788172702212
9788170228769
9788171692361
9788170594840
9788183742382
9788180698132
9788171692323
9788180694837
9788121213622
9789382396161
9789351243120
9788183423175
9789382396543
9788131605974
9788183423168
9788121939270
9788170227793
9788171695041
9788171692118
9788183760126
9788183564328
9788183761154
9788178846729
9788121214018
9789380873428
9788183762571
9789380873411
9788131605844
9788179860595
9789325981287
9788178847252
9788183563413
9788178847214
9788178847177
9789380873381
9789382629658
9788122407167
9788180698705
9788195619825
9788124801383
9788195549375
9788180699085
9788195549320
9788195401963
9788178846743
9789350534045
9789380731315
9789382629986
9789380873138
9788180694059
9789350533796
9789350533734
9788170225676
9788179759844
9788170302780
9788131605257
9789380261850
9788171691500
9788183422840
9788180698668
9788183762205
9789382460985
9788180698675
9789350906323
9789380677507
9788171691067
9789382563464
9789380902265
9788171695874
9789382579496
9789382609919
9788178847634
9788171695904
9788183762328
9789350533710
9788178847313
9789350533727
9789350532102
9789350181652
9789381138335
9789380467436
9789350530825
9788179100424
9789350530900
9788180696329
9788121512350
9788179753842
9789350530986
9789350502402
9789350531006
9788131605325
9789350502358
9788178886114
9788183423687
9788122007435
9789350981696
9788180696268
9788183702959
9788183610452
9788183702966
9788171693184
9789350501641
9788178885599
9789350501603
9788183703437
9789350501528
9788180696589
9789381867488
9788171693801
9789381608913
9788170286820
9788170495499
9789380615370
9788172681876
9788170307396
9788183700757
9788183700740
9788170588139
9788183700948
9788170286967
9788121512664
9789350530412
9789350502921
9788172681357
9788171697663
9788179104989
9788171697564
9788121512541
9788183701891
9788172682286
9788170307686
9788183702003
9788180697647
9789381843284
9788170247906
9788170247708
9788121212434
9789380502335
9788172450472
9788183423397
9789350531679
9788170593744
9789350981955
9789382171096
9788171692606
9789382171225
9789382186571
9789381162118
9788171694747
9788179758335
9788170242222
9789381141700
9789382186922
9788171698011
9788183876896
9788171698028
9789382277613
9789350531891
9788172237684
9788183565769
9789380467887
9788131607008
9788171697267
9788183567978
9788183600705
9788183569378
9788179755310
9788180695520
9788183703703
9789350501221
9789381212479
9789382036067
9788171693030
9789350981733
9788171692941
9788131606704
9789350981757
9789382059318
9789350402788
9788180695261
9789382059653
9788183704243
9788171694525
9788178881737
9789350481646
9789381209127
9788178880433
9789350980132
9788183704861
9788121226363
9789382629993
9789350533666
9788131501627
9788181520708
9788183823333
9789380752785
9788131247679
9788171696673
9788194176800
9788170843665
9789380752549
9789380108063
9789380752471
9788183561310
9788170305064
9788194116431
9789351252184
9788131605615
9788178803234
9789383692149
9788170215646
9789383721191
9788183870900
9789383721870
9789383723003
9789383723065
9788183560856
9789351252269
9789380752853
9789380752860
9788170336167
9788180430237
9788126516582
9788194643357
9789380829166
9788194614777
9788181437808
9788181439048
9788180692956
9788183764728
9788170221944
9788183764858
9788194517139
9788181472380
9788183822947
9788181476432
9788172318147
9789380772363
9788194340164
9789383285495
9789352875474
9788180430336
9788170221111
9788178804583
9788121110174
9788131600986
9788170207528
9788171696819
9788131250464
9788180690389
9789383793105
9788180690037
9789351252818
9788180690549
9788124304877
9789350740958
9789383811311
9788180690358
9788126427871
9788170194965
9788170194781
9789383838394
9788193815748
9788131105146
9789383838431
9789383838554
9788125025184
9788131105085
9788124119372
9788193707074
9788183876612
9788122419108
9789383838950
9788121223232
9788178802244
9788178802275
9788131607589
9788131200018
9788183560627
9788126710195
9789350720073
9788180690686
9788131607626
9788183872539
9789351252450
9788183420624
9788183873420
9788183873536
9789380076706
9788170995210
9788172333164
9788183873772
9788121244282
9789350724538
9788178802374
9788193845707
9788181521651
9788178802305
9788193842553
9788193838235
9788131607657
9788121801898
9788131607312
9788194229995
9788183764414
9788121509336
9788171690596
9789380852287
9788124604403
9788121205351
9788170555124
9788180142413
9788170222651
9788178843032
9788170223481
9788181291462
9789383166329
9788178844336
9788183764193
9788178844046
9788178806693
9788178843315
9788195010301
9788172337773
9789380852836
9788178844503
9789383045006
9788122410839
9788170330417
9788178844114
9788172157494
9788170309451
9788121242769
9788129519146
9789350742631
9788170812586
9789382968603
9788131607237
9788178843643
9788178843773
9788178843735
9789382974574
9788183563017
9788178846361
9789380731582
9788172336578
9788131605233
9788124608944
9789380731551
9789383067626
9788172336585
9789351250753
9788178844138
9788172764623
9788121509268
9788178843391
9788178805658
9789382885528
9788131313602
9788131607145
9788170815136
9789351251439
9788178805276
9788121502764
9788184483239
9788188867769
9788174791429
9788180522802
9788173863189
9788171560721
9788189640934
9788123764801
9788120350991
9788173045547
9788121510677
9788182747623
9788170492061
9789381506172
9789389587166
9788121505550
9788122438123
9789354420498
9788182744752
9788183152808
9788174455352
9788175248892
9788175248977
9788186514122
9788174792235
9788179754214
9788179860137
9788172333683
9788174455062
9788175250673
9788171696888
9788174455123
9788186562819
9788179750186
9788183612548
9788171413119
9788126530007
9788183302128
9788130706573
9788173719912
9788172331559
9788174367624
9788175413634
9788123771366
9788171697632
9788186569016
9788171696161
9788130704197
9788174360977
9788180690402
9788179105665
9788171415205
9788183301879
9788171693887
9788183245432
9788171415366
9788183424783
9788174791047
9788186030608
9788183152730
9788171693856
9788179105740
9788183285797
9788171693825
9788183246040
9788180690310
9788186099926
9788171415236
9788174352934
9788183564496
9788174765864
9788183244022
9788172361211
9788124608241
9788171695409
9788180692796
9788185933016
9788180694844
9788180430466
9788171885336
9788186208243
9788174875730
9788186208755
9788171697151
9788171694877
9788179758366
9788180520570
9788171416189
9788171695393
9788171695348
9788174456175
9788183562560
9788183248082
9788183248921
9788180314148
9788174878656
9788179759103
9788173912030
9788174456915
9788183564915
9788174877574
9788173913211
9788171416127
9788183153348
9788183564380
9788174877932
9788174456663
9788173880063
9788171694853
9788179759721
9788130717418
9788180694820
9788174878205
9788173808371
9788175247505
9788180547294
9788180692642
9788183569309
9788175248076
9788173807978
9788175247260
9788175248083
9788179941911
9788183151696
9788174870629
9788179756881
9788179756577
9788171415540
9788183564021
9788130717531
9788171695546
9788171883110
9788173816581
9788171416332
9788174875068
9788130717708
9788183561303
9788171414550
9788175246652
9788183301459
9788180141485
9788183301527
9788180695070
9788183301824
9788173812088
9788175246737
9788179759851
9788179759868
9788171696826
9788124119211
9788183151191
9788175413955
9788183303750
9788184570809
9788172159542
9788178846675
9788171698493
9788172157906
9788178243788
9788183763530
9788183763547
9788178270128
9788178271071
9788183304092
9788183763646
9788123795225
9788183304115
9788178312293
9788178842424
9788178807782
9788183304535
9788181295491
9788178312675
9788129114815
9788172155445
9788183304580
9788173047626
9788181434555
9788171690022
9788123908670
9788178353357
9788183303736
9788177700480
9788172230883
9788178847290
9788183422758
9788184576146
9788184576115
9788184576047
9788184576030
9788183762236
9788171698356
9788184575989
9788184575873
9788180698682
9788184575507
9788178847498
9788184574838
9788183303514
9788177585513
9788184573534
9788177558302
9788184573268
9788177559491
9788184572858
9788184572636
9788177559859
9788183762595
9788178847283
9788177565584
9788184572438
9788172762438
9788178847122
9788171787128
9788171690008
9788181437242
9788178797304
9788178795010
9788126714605
9788129101167
9788183873888
9788124107416
9788183306560
9788178796581
9788124113912
9788178797182
9788184030235
9788178797199
9788178797250
9788178797274
9788173042577
9788126709793
9788178797595
9788181583109
9788183910101
9788181582478
9788183875172
9788178801834
9788173041136
9788124120101
9788178801438
9788178800813
9788183390798
9788178801100
9788178801049
9788173030260
9788124100813
9788184487527
9788178510682
9788126717460
9788183304832
9788178805061
9788178804903
9788178804897
9788172150846
9788178357652
9788178359533
9788178804231
9788178803999
9788178803975
9788178510101
9788126708482
9788183850162
9788183306430
9788183870009
9788126715756
9788184370508
9788178803708
9788183870160
9788126933433
9788178803517
9788178542096
9788126715572
9788183421669
9788183871235
9788183306409
9788173045141
9788184576153
9788177543155
9788173053719
9788176250245
9788173294099
9788176221894
9788172700713
9788130700854
9788183302623
9788185220390
9788171418169
9788183703598
9788185211930
9788176223799
9788182904767
9788126705696
9788176224307
9788185194332
9788176126205
9788176253635
9788176255745
9788183703987
9788172701185
9788124606124
9788183302647
9788183302777
9788171820917
9788171692767
9788183302791
9788182748484
9788180697845
9788185141053
9788178901756
9788176120951
9788185137902
9788175511361
9788126703753
9788183302166
9788185495415
9788173715723
9788183302203
9788175415799
9788173713996
9788180696824
9788183701631
9788175510302
9788175511125
9788180697173
9788171693511
9788185419886
9788124606551
9788173431555
9788175972216
9788173421860
9788172700027
9788185300559
9788171693313
9788176113120
9788171693306
9788171693283
9788126909223
9788129507211
9788178970059
9788183702478
9788173201004
9788176258890
9788184576191
9788180698545
9788176467827
9788176467902
9788127267919
9788183760287
9788178848921
9788176483506
9788176483889
9788182209442
9788183760300
9788183423120
9788176487580
9788173056710
9788176501958
9788126050819
9788180698460
9788178848518
9788126924738
9788172737221
9788177223743
9788184576795
9788173055416
9788183303477
9788183761048
9788183423083
9788178847948
9788171427789
9788173053870
9788180698583
9788172730819
9788184621051
9788183302913
9788172701901
9788123776484
9788173200939
9788176259576
9788171692668
9788176259583
9788178849881
9788183303101
9788183303118
9788178849805
9788176460798
9788178849782
9788171697991
9788178849775
9788185044996
9788129510570
9788176461917
9788183741163
9788126026029
9788183423298
9788176463478
9788171419739
9788176463539
9788185019017
9788172702199
9788185002682
9788172702359
9788171797738
9788180698262
9788183706247
9788185170312
9788120353084
9788170224822
9788120352698
9789352871391
9789382629597
9789350501252
9788121295475
9789388409544
9788189473280
9788170224839
9789390660599
9789380752020
9788189471736
9789380752013
9788189469047
9788170305323
9788170224778
9789378313271
9789380748696
9788189235994
9788121295697
9789380748214
9789387195608
9788131608784
9789388020442
9788170224556
9789387195295
9788123726588
9788189485320
9789352871728
9788122309560
9789382609131
9789380752747
9788121267953
9789382420897
9789350400180
9788170226659
9788189765231
9789382460381
9788193393574
9789382460497
9789353160777
9789350404942
9788195549368
9789387297463
9789388162579
9789350484029
9788189692025
9788189652272
9789380752358
9789380752310
9789380752235
9788189630904
9788122420364
9788195348107
9789350500576
9788193555491
9788189630256
9789382974611
9788189131890
9789382993216
9789383684090
9789388540445
9788189005856
9788170419976
9788122001501
9789352074259
9789383316779
9789386768292
9788189005092
9788188965694
9789383684052
9788170772316
9789389381085
9789391139599
9788170223573
9788188827848
9788188827824
9788193797808
9788131604687
9789386761446
9788188827091
9788188827039
9789391208004
9789383684779
9788193826386
9788122410846
9788188808380
9789380731339
9788189011222
9789380731414
9789352130900
9789382998150
9789388162746
9788193665763
9788170358244
9789350502709
9789386479822
9788121204750
9789383098286
9789352667611
9789383181292
9789378313998
9789388540063
9788131103593
9789380731728
9788120810440
9789386799463
9789350502884
9789383284191
9789380731698
9789380009308
9789352290215
9789391123734
9788189011680
9789383285686
9788195280636
9788131603000
9788193342077
9789383692590
9788121211642
9788170003311
9789355181237
9789350020777
9788171021802
9789380873442
9788131804094
9788171021741
9789388322980
9789381406809
9789380873404
9789350024140
9788190638883
9789381457061
9788190881524
9788192754109
9788120802742
9789381523285
9788121266307
9788131604052
9789381709184
9788190475075
9788171021161
9788190284158
9788192956794
9788190161756
9788121266901
9789380873701
9788121214155
9789382420682
9789381212509
9788170301936
9789387671041
9788192229096
9788192229010
9788170350583
9788192537177
9789381162880
9788192093581
9788192563688
9789381209202
9789388248068
9789381084045
9788121212625
9789381234792
9789381212905
9788131520369
9788191025392
9789354495564
9788191025309
9788170003373
9789381226216
9789389253795
9789332517158
9788190995078
9788171104567
9789381234686
9789353501099
9788190080996
9788190011624
9789380801681
9789388409100
9789380829388
9788131103784
9789350180266
9788189884857
9789353242466
9788171020683
9788121267106
9788131759844
9789390620050
9789350250884
9789322008376
9789353240868
9788190007740
9789387472167
9788170227267
9788189854621
9788120807273
9789353240554
9788170304548
9788131604557
9788189833787
9788193319062
9789389381061
9788171197859
9788189833626
9789350142929
9789382396130
9788170228400
9789355946164
9789381887950
9788170249467
9789381904954
9789380852843
9788170247920
9788190006910
9789382007135
9788171194643
9788131803202
9788170244431
9788131606803
9789327235746
9788189983284
9789388409094
9788131606957
9788170229926
9789350140413
9789382186847
9788131604359
9789387537323
9789382281528
9788170352617
9788170338857
9789382337201
9789382396109
9789351941132
9789381141328
9788170214625
9789351251514
9788170841463
9788120603301
9789385755163
9789385891328
9789388789202
9789351250951
9789380261751
9788170556961
9789385909269
9789389665239
9789385909320
9789351250623
9788170175377
9789351250616
9789350533239
9788187032410
9789385909672
9788121509992
9789351250210
9789385995163
9789385995248
9789351250098
9788194252528
9789350533505
9789394852037
9789388162593
9789386611215
9789391985004
9788170812043
9788131231036
9789350532164
9788187449300
9789351282532
9789385161247
9788194116233
9788187393948
9789388162661
9788171395491
9788170186120
9788194908722
9788170557753
9789386611741
9788194116455
9788170209256
9788171395781
9789380467894
9789385161643
9788187326229
9788121235181
9788194117933
9789351252665
9788194117957
9789385302220
9789351252238
9788194272113
9789389412277
9789386608543
9788121238984
9788131250051
9789386235237
9788186771686
9789389563146
9789386235312
9788121512770
9788120201637
9788186771365
9789388162531
9789386268518
9789350980415
9788121800945
9789386283719
9789386296870
9788170815297
9788170551300
9788121903646
9789386439048
9788131609927
9788121243612
9788186732427
9788194783008
9789386463104
9789386463135
9788122412536
9788121512633
9789389530896
9789350981047
9789351243663
9789380261355
9788131608661
9789385995736
9789351246398
9788170173472
9789380261171
9789350533802
9789394852242
9788120349438
9789386048752
9788186861219
9788121511308
9789388859011
9789351131724
9788171397983
9788170334361
9789350534038
9789386092106
9789386150646
9788120831803
9788186791233
9788170812890
9789380222950
9789388789554
9789388162340
9788187332060
9788187812371
9789351483816
9788193867945
9789391490683
9789384502188
9789380663029
9789386682987
9789350531174
9789384502386
9789384502485
9788131608005
9789350530689
9788187853633
9789391504748
9789388937788
9788187818359
9788131607664
9788170997122
9788187812944
9789388022194
9789386682208
9788121226080
9788121108911
9788120353343
9788121109031
9788131607749
9788120812222
9788121106047
9788170337607
9788131611500
9789351711162
9789351710387
9788131607800
9788188449521
9789350530856
9789380626642
9788131600252
9788171322060
9789383992478
9788121106832
9788170491750
9788131300244
9789350530733
9788121229302
9789350530955
9788121503891
9789384319984
9789380026480
9789380615462
9789391214418
9789380615387
9789351483878
9789383838899
9789384625979
9788171393749
9789351380962
9789351289494
9788121244220
9789385000324
9789385000645
9789388162715
9788170997788
9788170187899
9788170462224
9788171393763
9788131605363
9789350531822
9788171394067
9788171394074
9789385144691
9788171394395
9788171394401
9788170492795
9789385144813
9789385152986
9788121109192
9788171394739
9788193998847
9789350531549
9788187644101
9789388937665
9789384649357
9788194928638
9789350531624
9788193945056
9788121100250
9788122418415
9789383784271
9788170337706
9788121245005
9788121244824
9788122007992
9788120309784
9789352701131
9788122434095
9789350021286
9788123000466
9788185218892
9788124601952
9788120810167
9789386618368
9788180901720
9788123012988
9788184541977
9788178241029
9788172237752
9788125035206
9788126903436
9788124603499
9788175300057
9788189640316
9789386463166
9788126918171
9788182749344
9789380704098
9789385401329
9788120816541
9788181433701
9788172111540
9789380156064
9788131604212
9789380156095
9788172153854
9789388162586
9789388173834
9788131604335
9788182053564
9788181580061
9788131604601
9788170338635
9789388162685
9788170336099
9788121243841
9788170335696
9788131604977
9789355946300
9788176220453
9788176221863
9788131604519
9789378313349
9789355945310
9788170335221
9788172110130
9788126402205
9789355945297
9789355945174
9788170338567
9789380027579
9789380009292
9789355941756
9788131604304
9788121264747
9789388211253
9788176222013
9788181712349
9788121296236
9788170002536
9789355010681
9789351252887
9789351483250
9789351482994
9789351481942
9789388753586
9788183305068
9788183305532
9789351480051
9788170492573
9789351362661
9789351301998
9789351301950
9789351301646
9788121507073
9789351285144
9788183390583
9789351252955
9789351252948
9788175415560
9789351483977
9789351485469
9789388658331
9788183303163
9788183303170
9788175416574
9788183303293
9789351866312
9789351864691
9788121500289
9788173715587
9789351524281
9789388684620
9788121502733
9789351710264
9789351710127
9788171788606
9789351529965
9788121504546
9788171699803
9788183391238
9789354658709
9789351252856
9789350981894
9788129117953
9789350981863
9789350981139
9789350980934
9789350980613
9788183424585
9788183424707
9788121512831
9788171697205
9788121801379
9788121906012
9788126912391
9789350674499
9789350565377
9788183560757
9789350563557
9789351115939
9789351116080
9789351246145
9789388766210
9789351252795
9789351252528
9788183420655
9789351252245
9788183421768