9789350142851
9788131100578
9788171394951
9788131100516
9789350144008
9789350145869
9788188661558
9788131100417
9789350182550
9789387799264
9789378313240
9788188643226
9788187498964
9789350300299
9788188827473
9788186791851
9788186880975
9789350302132
9789380261393
9789380261508
9788170227854
9788170226451
9788186800003
9788186791813
9789350300312
9788170224785
9788171413904
9788131607138
9788171414260
9788170224341
9789350303252
9788186787199
9788170229018
9788170229155
9789387590564
9788170229162
9788170246688
9788187374572
9788171397808
9788130909431
9788131602935
9788187317999
9788187317975
9788170244783
9788130908250
9788187317647
9788187317135
9788120803176
9788170229681
9789350301821
9788171398744
9788131100653
9788131100721
9788189652845
9789388008358
9788131103746
9788189500740
9789388028042
9788189473822
9788189473808
9788189473631
9788189473570
9788189471231
9788171323777
9788131103159
9789353469672
9789353576509
9789332704275
9788189233723
9789332704459
9788171323739
9788171197231
9789353240813
9789353240608
9789332703513
9789389845761
9789389965261
9789351251750
9789353240226
9788189652449
9789389965483
9788131605318
9788189630942
9788131104415
9788170307402
9788189630515
9789390035564
9788170307341
9788189630225
9789353240530
9789390095438
9788189131296
9788188827558
9788131101193
9788171328321
9788170303817
9789351250012
9788131605875
9788188934324
9789390544226
9788188836741
9789355180650
9788189131272
9788170301837
9789355182562
9789355941688
9788171391615
9788188827701
9788131100769
9789350097984
9789350008355
9789351250289
9789350001707
9788171328284
9788189110338
9789390384778
9789332704947
9788189110192
9788189110093
9789332705074
9789333335324
9788171325566
9788189110062
9788189011741
9788171327027
9789390435326
9788171327034
9788189005030
9788131101995
9788179100981
9789380852027
9789387214057
9789382629870
9788183305990
9788183304757
9788183304719
9788176259811
9788176259927
9788176259996
9789382629894
9789382629900
9788126903511
9788183302265
9788183302234
9788176461696
9788183301862
9788176463638
9789382711780
9788176465533
9788183248945
9788183306317
9788176257343
9788176220507
9788183335324
9788183420570
9788176221177
9788176221917
9788183420563
9789386223968
9789386223937
9788183420099
9789386223791
9788183394222
9788176224291
9788183392143
9788183391764
9789386223562
9788183391566
9788176253949
9789382629849
9789382629856
9788176465601
9788183247023
9788176466073
9788176466127
9789382974901
9789385909283
9788120834941
9788176483650
9788176484480
9788182904415
9789385606212
9788125925927
9788182903029
9789383045068
9789383096411
9788182901438
9788176501125
9788126007721
9788176505871
9788182747418
9788177227482
9789385957376
9789382974871
9788126901234
9788183241519
9789382885924
9788125057741
9788176466608
9788183244695
9789382885986
9788176467391
9789382974550
9788183241496
9788183152556
9788126901555
9788176481120
9788183240789
9788183240611
9789382974826
9788183153515
9788183153287
9788183420716
9788183420778
9788183702355
9788183566322
9788174457547
9789386608888
9789386608338
9788183564410
9788183564366
9788183564212
9788120816510
9788183563918
9788174877079
9788174878441
9788174880222
9788183563000
9788175160927
9788175243996
9788126915040
9788175246010
9788175246270
9788174456670
9788183566483
9788176117654
9788183568128
9788174354594
9789382186540
9789382186601
9788126919291
9789386611352
9788174364678
9789382206569
9789386611246
9788174453310
9788174453709
9789382396260
9788183700078
9788174454959
9788183612906
9788174455956
9788183569453
9788174456212
9788175246348
9789382420057
9788175249172
9788126914036
9789382460138
9789386439888
9788183424271
9788183423748
9789386310743
9788183423304
9788183423182
9788176113359
9789382460947
9789382471950
9789386262936
9789386262639
9789386262318
9788183421997
9788176115957
9789382629467
9788126908264
9789386551009
9788175962378
9788183424394
9788183560672
9788183562126
9788183562072
9788183561716
9788183561075
9788175360259
9788183560726
9788183560702
9788183560566
9788183424417
9788124609675
9788175413504
9788183560146
9788175414150
9789382420774
9788175510883
9788183424455
9789383096800
9788126042548
9788182472013
9788180693502
9788178796420
9788180691775
9788180691690
9788180690983
9788121102056
9789384721350
9788180690655
9788178797434
9788178797489
9788178797922
9788180690280
9788178800295
9788121200073
9788178800356
9789383662197
9788180430596
9788178800998
9788180692581
9789383285167
9788177480535
9789385125805
9788180697043
9788178540382
9788180696237
9789385161209
9789385160844
9789385160592
9788180695964
9788180695926
9788180695674
9788178711454
9788180695629
9788180695223
9788180695063
9788180694813
9788180694691
9788178794976
9788180694516
9788178801162
9788121109277
9788178801285
9788178801360
9788126700233
9788179758663
9788179757307
9788178806631
9788178807836
9788178843414
9788178847030
9788179756270
9788178849232
9788178884776
9788178886398
9788179105443
9788178901855
9788179104576
9788126705177
9788179100158
9788179100325
9788179758724
9788178804354
9788178804293
9788178802824
9788178801452
9788178801582
9788126518784
9788180313837
9788178802077
9788178802633
9789383864225
9788178802985
9788179758823
9789383864355
9789383968268
9788179759622
9788179759554
9788178803890
9788178804118
9788178804170
9788178359410
9788180697470
9788180697784
9788182050396
9788182052741
9788182052734
9789385302589
9788182052727
9789385302572
9788182051218
9788182051164
9788182051157
9788182051126
9789385302534
9788177586411
9788182050792
9788177588149
9788182050754
9789385302428
9789385302404
9788182050693
9788177557305
9788182053212
9789385302596
9788177543285
9788126053889
9788126105526
9788177541151
9788126115181
9788126115389
9788177542127
9788182053595
9788126154241
9788177546644
9789385302619
9788177543728
9788182053588
9788177544527
9788182053274
9788182053250
9788177545876
9788182050686
9788182050389
9788180699122
9788182050358
9788126718641
9788178352671
9788181521538
9788181521040
9788181520814
9788181520333
9788181474636
9788178354545
9788178354903
9789383252954
9788178355405
9788178355412
9788178355429
9788181292698
9789385161735
9788181281821
9788180699146
9789385161759
9788178351957
9788178351940
9788121002929
9788178243504
9788182050303
9788178270685
9788182050259
9788178312033
9788178330433
9789385161919
9788178351315
9788181524249
9788182050167
9788182040106
9788181891549
9788181890801
9788181820099
9788181582706
9788178351889
9788174354150
9788184353716
9788183760041
9788183874984
9788183870443
9788183870771
9788121209748
9788120809093
9788183870856
9788172736569
9788124604250
9788183872492
9788183765213
9788173717383
9789386768247
9788183764667
9788183870870
9788121209755
9788173719851
9788183764162
9788124602379
9789386611857
9788172338510
9788183877817
9788183763226
9788173051173
9788183870375
9788173040764
9788183765428
9789386611772
9789381843130
9788183705219
9788184000672
9788183870306
9788173049569
9788183764995
9788183746519
9788183765459
9789381868317
9788173054082
9788183761598
9788183762557
9788183872058
9788173431722
9788183762120
9789386652126
9789381904534
9788172682316
9788183876322
9788183872072
9788183876254
9789386910028
9788183875868
9788172930028
9788183762700
9788172681951
9789381868096
9788183760867
9788183760614
9788183764957
9789381868089
9788183760584
9788183760218
9788183764704
9788183877350
9788172701925
9788172701949
9788172612016
9788183877381
9788183871129
9788126929030
9788173051791
9788172337537
9789382126379
9788184030242
9788183821636
9788173880704
9789382059394
9789386611666
9788172736002
9788172336325
9789386611611
9788183765527
9788183872683
9789382126362
9789381763131
9788183873314
9789382059288
9788183766784
9788120811812
9789386611499
9789382006138
9788127267520
9789386768735
9788183764070
9789381617229
9788183766883
9788174351920
9788183764001
9788172731458
9788172337407
9788183764766
9788183763714
9788183765480
9788172702809
9788183704878
9788183705028
9788173816208
9789386611703
9788183874212
9788173047800
9788170622147
9788173042249
9789350904121
9789383746927
9788170492238
9789384319090
9788173047817
9788131600948
9788121507943
9788120348950
9788182748736
9788181712158
9788173049101
9788185218618
9788170336389
9789350023211
9788120607729
9788173049538
9788182749078
9788173047541
9788186471104
9788177695069
9788178351896
9788170339465
9788183872416
9788195076055
9789351252009
9788178312064
9788171697762
9788178351681
9788181521682
9789351251774
9789383252084
9788195009862
9789385302046
9789389381160
9788170334255
9788181581174
9789389381276
9789380752679
9788182050273
9788195138302
9788181580696
9788182050280
9789380752532
9788182050235
9788170338598
9788170308485
9788182050181
9789380752389
9788170308577
9788181716019
9789386768308
9789389628845
9789327296198
9788182050297
9789389657012
9789327276541
9789351251880
9789322008215
9789380752587
9788172736521
9788181524201
9788195580408
9788195551972
9788181522580
9788182050198
9788184542189
9789386768391
9789390035236
9788170336945
9788182050228
9789332701908
9788182050211
9789351251606
9789327239232
9788182050204
9789332550025
9789390035052
9788172736361
9788184551747
9788195409679
9788171697885
9788183702492
9788178270951
9789351380832
9788171695805
9788184573589
9789351420378
9788183822893
9788183856416
9788184573152
9788184573046
9788184573039
9789386682918
9789351289074
9788182053182
9788170355144
9788184572643
9788183870191
9788177544589
9788177545425
9788171696345
9789389110135
9788177554403
9788194015420
9788193560976
9788193546130
9789388937528
9788177541120
9788182746121
9788193448076
9788177421040
9788177421057
9789351432203
9788170357063
9788183767637
9789388881425
9788170356493
9788182208933
9788177540185
9788184573763
9788193513903
9788171695683
9788182054851
9788193513941
9789388937153
9788170355830
9788170355786
9788184571554
9789386689160
9788170339595
9788182050648
9788177701159
9788170352181
9789380752037
9788194687757
9789387537606
9788182050709
9788170352020
9788171697380
9788184553376
9788170351689
9788194137795
9788182050624
9788182050617
9789380752044
9788172765958
9788182050327
9788178245294
9788182050310
9788183872263
9788178270715
9788177700541
9789351251088
9788184553703
9788183871105
9789351252870
9789351252801
9788177562316
9788184570427
9789386722324
9789351252757
9788170353799
9788184570236
9788194252580
9789380748306
9788184555264
9788170353522
9788182051102
9789380748351
9789389261905
9788182051072
9789351252597
9788194448907
9788194483069
9789380772202
9788183874328
9789387496712
9788180312991
9789384588793
9788170183785
9789383784288
9789383793037
9788178802565
9788183877619
9788170182856
9789350533178
9789381209394
9789381226094
9788183877824
9788179860649
9788179759707
9789391678067
9789350534052
9788183910118
9789350980255
9788170172987
9788179759592
9788178803982
9789387195844
9788172113582
9788178804255
9788170184478
9788180313820
9789391685225
9789350530764
9789383721108
9788170189046
9788178801223
9789350980675
9788170188247
9788184203219
9789387195202
9788170187691
9789350502488
9788170187202
9789391214883
9788170186991
9788183877473
9788170186021
9789350980606
9788180314803
9788183877596
9789350980477
9788170185932
9788184202847
9788178801858
9788178802022
9789387195370
9788172140632
9789391818326
9788170305408
9788178848839
9788179756034
9788178849331
9789350561300
9788179754504
9789350562598
9788178880358
9789381523506
9788178886251
9789350740163
9789350970393
9789381523797
9788131718889
9788131718773
9788179105498
9789350740873
9788179104828
9788184110548
9788172330781
9789381574454
9788179102565
9789350905159
9788184110852
9788172333140
9788179756089
9788178847955
9788172337551
9788178847443
9789387195851
9789381406168
9788170007425
9788179758717
9789391844134
9788178804781
9788178804811
9788178804828
9788178804958
9789391844325
9789391844394
9789391844400
9788178804965
9788178805115
9789350980125
9789381842010
9788179757130
9788170003229
9789381458266
9788179757123
9789384502065
9789381484517
9788184030419
9789350501986
9788180430473
9788178801025
9788184483086
9788180697272
9789350143926
9789386835581
9789351247371
9789380852980
9789385161612
9788180696572
9788183874342
9789380864136
9788180696008
9789351247012
9789351243526
9788172702434
9789351243502
9789351243014
9788183874885
9789351134558
9789351112082
9788171699513
9788178692111
9788178710334
9789380873206
9788170246558
9789351247616
9788170286660
9789391214340
9789351247890
9788178354385
9788181476425
9788183873550
9788184501452
9789383252763
9789387496316
9788170304463
9788183873567
9789350000533
9789380852324
9788183873673
9788170304180
9788181430984
9788181296146
9788183874069
9788183874113
9788170302582
9789386826329
9788180699535
9788170302322
9788170301868
9789380852799
9788180698224
9788171699674
9789380902722
9789383284382
9788178790749
9788170220664
9789391139216
9788183876315
9789391139230
9788172682163
9788184352955
9789384649500
9788180690259
9788170206392
9788180690211
9789391214210
9788178800127
9788178800202
9789381868133
9789350981238
9789391214258
9789383575916
9788180521959
9789350501429
9788180430992
9789350501672
9789350980972
9788183877213
9789391123635
9788178796741
9788172700737
9788180694202
9789380902920
9789350301500
9788172702083
9789350301685
9788172702014
9789385144387
9789380931920
9788170228486
9788172701741
9788180694431
9788171881215
9789350305027
9789350302385
9788170224938
9788170224891
9788180693267
9789391123147
9788171881598
9788180692246
9789386906021
9788170223979
9788180692031
9789388881326
9788171694648
9788173046391
9789386551504
9788171394210
9788183761499
9788185229515
9788185220291
9788183424752
9788188808793
9788183424684
9788188827275
9788171392674
9788175543836
9788171690169
9788183762243
9788187818434
9789386551016
9788188827749
9788185211602
9788188827770
9789355945235
9788171329038
9788171328819
9788183424356
9788173420559
9788173420061
9788183424325
9788171394364
9789380626840
9788183560511
9788188683444
9788183562454
9788171396726
9788171419777
9788183562386
9789380033167
9788171396009
9789386556486
9789386556462
9788171511242
9788175332690
9789387799172
9788183561587
9788171395224
9788188353163
9788175333161
9788183561129
9788188459872
9789386556271
9788175360334
9788175360389
9788175362918
9788171580392
9788185322261
9788183762267
9788183424172
9788171690428
9789386237125
9788189131357
9788189147143
9788185094854
9788183421836
9788171323715
9789353883317
9788171323081
9788183421775
9789382629498
9788185094670
9788189233747
9788189233969
9789353761066
9788183421652
9788189261375
9788189301446
9788189304355
9788176117722
9789382629627
9788176129626
9789386235190
9788189471996
9788189473181
9788183763189
9788183421911
9788183423540
9789386682109
9789354658976
9789380642581
9789386302007
9788171328277
9788188934942
9788183423151
9788183762991
9788171328017
9788171327669
9788189011628
9789386283672
9788173200823
9788173200816
9788171326631
9788189011970
9789382563341
9788171325733
9788176114349
9788183763110
9789382563495
9788171324965
9788171691012
9789382563518
9788175247383
9788175247307
9788193319093
9788171418411
9788183701150
9788171415618
9788183700962
9789382396567
9788183700894
9789382396598
9789386611697
9788174455222
9788171414727
9788186786109
9788183569460
9788174456151
9788175246461
9788173816673
9788174456229
9788171413676
9788186791646
9788183566001
9788171413355
9788171418565
9788174456687
9788171412839
9788171412570
9788174457578
9788183701198
9788186732960
9788186732328
9788171416004
9788174353054
9788183702324
9788171417261
9788174352323
9788183702171
9788174360311
9789380534282
9788183701990
9788171416837
9789380534053
9788183702782
9788183702867
9788186190579
9789380336503
9788186089040
9788171417773
9788183701556
9789382220213
9788174450081
9788174450241
9789382396123
9788174452870
9788186715604
9788186867471
9788183565066
9788183564571
9788183563284
9788187374909
9789386556721
9788187393481
9788183563185
9789386556578
9788187418788
9788187471943
9789380179582
9788187498698
9788187498865
9788173718861
9788183562706
9788173717789
9788187606239
9789380177564
9788171419401
9788187606697
9788187606819
9788187644682
9788187644859
9788187644910
9788171419500
9789380626185
9788187374800
9788174878786
9788187036425
9789380615486
9788171411962
9788187067023
9788171398843
9788174760555
9788174760869
9788183564519
9789380199276
9789382059264
9788187223788
9788187317081
9788185753508
9788187317173
9788187317357
9788187317371
9788183564175
9788187317791
9788173806339
9788174872166
9789387587496
9788183563901
9788171418886
9788183563321
9788183563307
9788189473242
9788189473389
9789388020268
9788191009675
9789351862277
9788183244541
9788183765107
9789382885993
9789388540926
9788170802310
9789388548809
9788191008524
9789386049551
9788183242004
9788184577846
9789351711797
9788176220194
9788191056976
9789382974567
9789386049216
9788184577785
9789386048967
9788191085174
9789351711230
9788171693580
9788192047591
9789382974581
9789351711124
9789386049568
9788190990202
9788184577921
9788190987141
9788176464314
9789352081134
9789352080342
9788183249430
9788183249171
9788183249133
9788190781251
9788183764773
9788183764780
9788183248228
9789388415200
9788183247481
9788176465854
9788176465915
9788183246828
9788190832281
9788183764988
9788170813484
9788184578492
9788183246491
9789386049599
9788171693238
9788184577945
9788192061504
9788171693665
9789382974710
9789386682833
9788170492276
9788171417124
9789351640660
9788170491996
9788170491798
9788170491279
9788170462088
9788192848709
9789351527473
9788193054864
9789351523741
9789351485100
9789385606090
9788170392590
9788176488570
9788183766838
9788193295496
9788171694884
9788170358534
9788184574432
9789385462924
9788193319031
9789388881005
9789388789639
9788182904521
9789385995668
9788182904538
9788184577716
9788184577600
9789388789257
9789385995361
9788173049828
9788171694082
9788170591221
9789386682826
9788173049606
9788192426648
9789388789356
9789388789387
9788182904927
9788176483391
9788170557623
9789351710066
9789385891526
9788184576696
9788176483681
9789385721595
9788192665467
9788170493747
9788182904606
9789382885412
9788183284936
9788173054174
9788171106820
9788183763806
9789380663807
9788176224093
9788171692064
9788176224475
9789386223746
9789353240493
9788173056468
9788173056451
9788189652685
9789380663920
9788171692217
9789380702025
9788189738341
9788171105526
9788183335416
9788185026503
9789387214026
9789382629863
9789352879076
9788183306638
9788183306621
9788189884741
9789386223920
9788185046778
9788183764117
9788185046983
9788189473587
9789386682192
9789353242442
9788171245987
9788171691555
9788173159138
9788189485313
9788183763752
9788189497163
9789353242381
9789353242312
9788171197330
9788183763769
9788185054278
9788176222310
9788189526122
9789353240875
9788176222716
9789353240721
9788171691647
9789353240547
9788183420464
9788171162482
9788183306614
9788183306607
9789382711063
9789352702572
9789386682543
9788183303347
9788183303224
9788183303064
9788173055270
9788183303040
9788183303026
9788183303019
9789388269544
9789382629917
9788183764735
9788171692781
9788176460538
9789386071781
9788183764742
9788176461719
9788171692859
9788183301275
9789386062734
9788176462853
9788183301008
9789352220618
9788183300940
9788183303354
9788183304061
9789352872763
9788184873610
9788189886349
9789388161640
9789352870905
9789386223173
9788189973063
9788183764131
9788183306577
9788176258098
9788183306423
9788190004633
9789386682376
9788190004664
9788190004688
9788176258159
9788183305426
9788183305105
9788190006903
9788176259095
9788190007764
9789386682482
9788190108003
9789380731803
9788176259774
9788189741228
9789395975056
9788131608227
9788121512817
9788122440461
9788122502138
9788121261616
9788121262095
9788120347427
9788124608913
9788120813007
9788120719750
9788121512749
9788131104798
9788131604342
9788120834903
9788126917600
9788121512855
9788126917631
9788126149391
9788123909288
9788131100110
9788126132003
9788126121601
9788124609699
9788126925445
9788123908762
9788123906485
9788121501156
9788128818448
9788130915289
9788126716524
9788131101858
9788131606223
9788124608128
9788131100691
9788126901777
9788121204101
9788124105023
9788126714247
9788131605141
9788121101035
9788131104897
9788121201360
9788121100991
9788126714346
9788121243728
9788131101094
9788121212526
9788122411881
9788124604588
9788122433807
9788122434460
9788121244169
9788121200998
9788130705392
9788131100608
9788121003209
9788122408867
9788121228862
9788121202749
9788131606629
9788125059011
9788122102437
9788121803236
9788131607701
9788131105207
9788120352025
9788131100530
9788131105399
9788131103715
9788126705344
9788124606001
9788131601273
9788131603031
9788131100257
9788120330740
9788131605660
9788121209274
9788125053804
9788121512916
9788122006971
9788131606339
9788131605547
9788130714592
9788120814912
9788131230473
9788126914500
9789352700400
9788173051630
9789351527688
9788125032311
9789350255544
9788185094632
9788182745049
9788121510837
9788125059837
9788184541908
9788173048791
9789350254813
9788173049323
9788124600375
9788121508988
9788122436488
9788194426905
9788178803104
9788178805238
9789383656004
9788183870726
9788178804767
9788183764155
9788183870733
9789383692811
9788183823081
9789383445646
9788178803951
9789383318148
9788121109482
9788122412567
9788194751281
9789383721740
9789383181285
9789383166312
9789383285723
9788194201878
9788183870016
9789352874668
9788194340126
9788194426912
9788183767088
9788131231043
9789383284160
9788194465935
9788178803241
9789383252855
9788183764902
9788194538745
9788194300984
9788183870504
9789383252633
9789383252565
9788178803692
9788124602270
9788178804804
9788194587323
9789383252299
9788183821100
9788174355881
9788170813620
9788170223108
9788178848754
9788172738884
9788178848129
9789350000922
9788170226413
9788170743026
9789332701540
9789382460893
9788178847672
9789382563457
9788121206785
9788183762311
9789382618164
9788178847368
9788178847351
9788171691944
9788172735241
9788178848785
9788178849034
9788178849041
9789382396291
9789382396307
9789382396529
9788183745437
9788172730499
9788183760058
9788178848860
9788170227960
9789350027073
9788183760225
9789350026618
9789350026328
9789350025260
9788183762472
9788183762533
9789322008710
9788183763776
9788171690626
9788170209713
9788122410068
9788195009800
9788194991151
9789382974659
9788171690435
9788195080878
9788171690343
9788170812913
9788194867890
9788124604366
9788178807409
9789383098422
9789382968764
9789382885474
9788183762779
9788183763196
9789322008116
9788183762809
9788195680047
9788170224921
9788183762830
9788183763004
9788183763202
9788183763394
9788183763233
9788183763257
9788183763370
9788195196760
9788178845326
9789382885450
9788170943860
9788183876643
9788178803081
9788191009651
9788191008548
9788178353722
9788178353715
9788178353692
9788178352053
9788170174738
9788190881593
9788120834606
9788190881586
9788171105274
9788178351575
9788131104774
9788178351308
9788171565405
9788178350394
9788171104369
9788126717958
9788121109451
9788184487039
9789385161483
9789385161490
9789385161513
9789385161575
9788184420746
9788192091204
9789385161810
9788170185284
9789385161964
9788184430400
9788170184799
9788131608388
9789385516955
9788178356372
9789385719400
9788184503791
9788131104583
9788178312392
9788178312378
9788178241272
9788184570359
9788190007771
9788120823228
9788184571271
9788184571424
9788173049736
9788177691832
9788177667097
9788126723539
9788177586886
9789386302021
9788173049866
9789386439024
9788173049989
9788184570274
9789386223555
9788184555059
9788170160946
9788131104514
9789386044730
9788190648967
9789386048745
9789386048905
9788184552348
9788184553871
9788190192828
9788184553932
9788190363464
9788178245225
9788178244891
9788178244662
9788190208635
9788192426624
9788192465722
9788192473123
9788131104989
9788170998945
9788193747001
9788124120361
9789383838820
9788121107846
9788170228677
9789383864348
9788171010783
9788131607930
9788183877336
9788131607992
9788193475805
9788193466032
9788178800387
9788178799889
9788178801704
9788183876223
9788178801841
9788183872843
9789383746590
9788122417074
9788193945070
9788178802602
9788183871747
9788173030123
9788124600405
9788178801957
9788170195771
9788170195658
9788170997245
9788183874786
9788183875219
9788178802008
9788121105354
9788193423813
9788184115451
9788178798226
9789385000263
9788173044069
9789385000386
9788178796482
9788170187998
9788178796475
9789385005329
9788178795911
9789385144103
9788178795515
9789385144745
9788171021604
9788121100939
9788192704630
9789385161094
9789384726072
9788178796932
9788178797090
9788193295472
9788178797892
9789384588816
9788183990837
9788124115251
9788131608067
9789384649012
9788171020522
9788193054895
9788193263907
9788193110270
9788121102827
9789384649517
9788122427813
9788178797151
9789350142554
9789382006329
9788171692347
9788172153649
9789351252399
9789351252320
9788183421720
9789351252092
9789351251903
9789351251552
9788181434982
9788170332220
9788181714664
9789351251385
9789351251330
9788183421799
9788171698677
9788181430632
9788183421829
9788183421904
9788170336303
9788131605073
9788181520913
9788181520920
9789378314254
9788125036722
9788171780884
9788183390361
9789351280330
9788172131531
9788183390590
9789351252931
9788183391276
9788181522887
9788121245784
9788181522696
9788181521101
9788183391658
9788121244046
9788183421928
9788183421942
9788171698462
9788121512213
9788180697760
9788121512480
9788180697500
9788183424110
9788180697449
9788183424363
9789380578477
9788121512657
9789380615165
9789380615318
9789380618142
9789350980378
9789380626505
9789350980316
9789380626581
9788183423694
9788124611579
9788121241106
9789380534039
9788180699832
9789351250524
9789351250487
9788183422512
9788172234669
9788170494607
9789351249184
9788171698226
9789380336848
9788171698196
9788129116437
9789351240952
9788121511568
9789380473024
9789380534022
9788170338161
9788170338253
9789382281634
9788131601433
9789353240455
9788183301244
9788171888306
9788183301251
9788170353621
9789353241933
9788183301886
9789353242398
9788183306447
9788183151344
9788183150729
9789352296194
9788170353096
9789352220366
9788182904729
9789353243166
9788170354444
9788121267892
9789352704880
9789352704934
9788121268653
9788170356325
9788125054979
9789352879977
9788170356684
9789352838165
9788171882120
9788183244763
9789353162344
9788183249447
9788125062479
9789353240028
9788183285506
9789353240110
9789352706884
9788182904316
9788182902435
9788182902343
9789351710905
9788183304016
9789351526827
9788182053632
9788183304542
9789351484998
9788182053243
9788182053168
9788170339243
9788182051119
9788182050631
9789351482024
9788182050600
9788170338581
9788181890276
9788181715838
9789354652462
9788182054608
9788170392712
9788121265683
9788182860100
9788182748408
9789352080199
9788170421481
9788183303156
9789351941941
9788171789948
9789351865261
9788182743366
9789354390395
9789351711834
9789354390616
9789354396441
9789351711223
9788121501101
9789380651200
9788180695322
9788121513197
9789381709207
9789350530573
9789381574317
9788121211468
9789381593004
9788172681890
9788179103401
9789350530313
9789350530177
9789350909690
9788128809217
9788179102206
9789350530108
9788172682293
9789381836910
9788172682491
9789381842478
9788183700658
9789381484487
9789381484210
9788172681227
9788171694778
9789350531716
9788179757918
9789381209417
9788183569439
9788183569446
9788179756683
9788179756454
9789350531181
9789381226339
9789350531068
9789381234709
9788183612630
9788179752333
9788183700016
9788172682514
9788179101148
9789381843314
9789382059509
9788172701192
9789350492277
9789382126799
9788131534168
9788183706162
9788178849713
9788172701932
9788183740647
9788170229407
9789350250471
9788172702021
9789350184097
9788178849546
9789382281535
9789350183670
9789382059646
9789350500163
9789381867501
9789350500293
9788172700263
9789381887646
9789350502334
9788178901213
9789381919002
9788122007213
9789381991008
9788170248996
9789350502082
9788122007312
9788173051395
9788170248514
9789350501511
9788178885100
9788183703482
9788183565691
9788183565097
9788183564922
9788183560542
9788170551980
9788121220583
9788183560863
9788180522727
9788180521430
9789380752464
9789380752556
9789380752648
9788172334123
9789380752778
9788170304739
9788183562492
9788170304609
9788180430626
9788172334451
9789350726396
9789380752150
9788131605721
9789380752105
9788171697243
9788121226028
9788183560191
9788172330569
9788121225151
9789380731964
9788183560429
9788121224208
9789380748207
9789380748450
9788183560467
9789380748504
9788183560504
9789350740576
9789350740385
9789380752969
9789380752990
9788171695140
9788179860991
9788179860861
9788171696130
9788183563338
9788179860472
9788131605851
9788171695911
9788183563994
9788124608685
9788171695720
9788183564199
9788183564205
9788171695607
9788126562954
9788179759097
9788179758892
9789380864990
9789380864174
9789350560815
9788183563086
9789350560549
9788180430084
9789350536957
9788126522200
9788121922111
9788183562645
9789350536056
9788180310355
9789350535875
9788170304005
9789350535486
9788172337254
9789380852508
9788183562959
9789380852867
9788184572575
9789383684373
9789386458735
9789388332613
9789387477247
9788173200243
9788171419753
9789387445710
9789387436725
9788126914838
9788189110321
9788171395309
9789387436473
9789389563535
9788185002859
9788175246157
9788175053090
9788185002613
9788187393931
9788126923076
9788187393894
9788185813387
9788174879394
9788176465106
9788184992021
9789389965476
9788171395200
9788131100431
9789390035076
9788185094625
9789389191875
9789389204087
9788171394715
9789387671096
9789387671089
9788176259385
9788171394753
9788185107943
9789387671010
9788171394760
9788175246683
9788185094342
9789387651272
9788171394791
9788171394807
9789389347166
9788176298186
9789387587809
9789389347395
9788188965946
9788185094465
9788171416264
9788187336570
9788187332794
9788126924219
9788176500968
9789390588329
9788174792426
9788174792266
9788187067894
9789390588596
9788173919299
9788176487917
9788120810716
9788186026342
9788189473433
9788171397068
9789386835598
9788187036395
9789390620708
9789390620760
9789386768063
9788187036371
9788176501361
9789386761965
9788189473648
9789386722584
9789386682932
9789390588077
9788174870636
9788174878236
9788189131845
9788187332527
9788185843810
9789390095346
9788174877659
9788176466059
9788171415939
9788187330356
9789387214903
9788171415793
9788126902217
9788131805879
9788131774489
9789387195929
9788176467445
9788187317609
9788187317418
9788189233457
9788171415656
9788123780566
9788184578331
9788123723884
9788187169154
9788188836246
9788171394708
9788171418947
9788171418046
9788187812692
9788175415768
9789388691918
9788175415294
9788131103180
9788176221900
9788175414211
9789388789097
9788173717437
9788131101865
9788176222266
9789388162722
9788171418060
9788171417377
9788185542362
9789388812818
9788176222525
9788120800328
9788175411685
9789388859240
9789388043632
9788175411197
9788187812708
9788171417988
9788188827572
9788176124980
9788188222438
9788126909803
9788171324088
9789388337267
9788171417735
9788176117647
9789388317009
9788131102893
9788171325238
9789388269759
9788176220255
9788171322565
9788171323067
9788188237876
9788171325610
9788176220675
9788171417902
9788187818847
9788175510265
9788126912063
9788173712500
9788175417298
9788187644118
9788185731551
9788130700250
9789387671393
9788173201356
9788170005674
9789387799189
9789387698390
9788188826568
9788173201233
9788130713960
9789388982641
9789389012002
9789389012156
9788187560012
9788171392667
9788187526070
9788171394388
9789389110647
9788175248052
9788171394463
9789389136616
9788171394586
9788185141688
9788171394616
9788171418923
9788176257312
9788188808823
9788176257206
9788185163789
9788176223034
9788171418473
9788187606659
9788171308194
9788188683062
9789388020657
9788176224796
9788176224970
9788188683109
9788131609040
9788176252492
9789388937344
9788188683840
9788171418640
9788185749372
9788171393770
9788175342064
9789388937498
9788185170565
9788171393817
9789387890053
9789386682758
9788176463874
9788171414123
9788171412143
9788186562970
9789391139001
9788177421514
9788173052590
9788174456267
9788174454393
9788173052101
9788123766058
9789386554802
9788189652265
9788171414024
9788186505564
9789386682338
9788174454300
9789386554451
9788184573633
9788184573503
9788173053290
9788177558951
9788174533777
9789386611529
9789386473240
9788174342751
9788177541793
9789391139018
9789386682321
9788171398690
9788184575811
9788189741662
9788174456496
9789391214371
9788173053245
9788174455321
9788171398423
9788184575897
9788171413669
9788177540789
9788171398416
9789386618481
9788171410804
9788174457219
9788174457042
9789392757228
9788177540451
9789386682116
9788173055768
9789386611864
9788174352927
9789391928094
9788173055836
9788177545234
9788130718583
9788171414604
9788189798161
9788184577587
9788186791011
9788189612597
9788171412563
9788173053764
9789386682512
9788184576207
9788177229981
9789386611185
9788189612979
9788171398720
9788177543100
9789391685317
9788177080063
9789390678945
9788130909684
9789391678005
9788189729295
9788174733320
9788186569702
9788174357182
9789386611345
9788174355225
9788174764003
9788122007985
9788173047534
9788126915491
9788184541595
9788121901314
9788171103164
9788178350981
9788121205306
9788122436273
9788184541724
9788173047756
9789382711360
9788173049064
9788125030706
9788120804821
9788131805602
9788189738419
9788121505642
9788178241722
9788120839441
9788182744981
9789352531257
9788184480986
9788171882403
9788184541830
9788188043149
9788121927024
9788189640606
9788184541878
9788173047596
9788173044113
9788171510054
9788171393862
9789381159118
9789350533765
9788183563789
9788132110187
9788175360839
9788131601648
9788170359227
9788125918653
9788179758533
9788121214131
9788171393923
9788183565721
9788187570592
9788171695782
9789381162958
9788171394005
9788171694426
9788170301431
9788179776032
9788171694563
9788131100639
9788174455901
9788179757901
9788183566551
9788175362420
9788183569279
9789380873046
9788170303442
9788171393879
9788129105431
9788183567558
9788126913855
9788131601624
9789381136881
9789388937368
9788170369929
9788183564588
9789381136782
9788131601518
9788183563420
9789381133255
9788175249189
9788171695010
9788124608692
9788186771631
9788179758694
9788131605967
9789388937849
9788171889549
9789381136348
9788179860304
9789381136799
9788183563383
9789381136805
9788171696086
9788183302142
9788187606024
9788170555797
9789381136867
9789352668403
9789391950026
9788174455840
9789380920030
9788125918455
9789381136850
9789381136843
9788121213820
9788170302674
9788183301947
9789352352586
9788125040989
9788130912714
9788179757499
9789388409483
9788131602423
9788183247795
9789382059547
9788178881966
9789350500972
9788171325580
9788174450104
9788131602065
9788175511286
9788171884889
9788174353832
9788172700898
9788183249119
9788186565889
9789382006558
9788131102428
9788187853657
9788170357087
9788172700553
9788131602010
9788131606407
9789350502242
9788173713552
9789388540551
9788185495170
9788171692842
9788183245418
9789388642675
9788185381978
9788171324415
9789388337021
9789388337069
9788121208956
9789350258071
9789352872787
9789388409063
9789350281055
9788171692552
9788178849812
9789382186410
9789350302170
9789352871735
9789382120384
9788178849898
9788173051401
9788171692675
9789382076636
9788171692729
9788170243977
9788178849980
9788172701420
9788170244455
9788183247498
9788183704298
9789350502631
9788126705078
9788179757154
9789350530528
9789350530542
9788173717703
9789381484982
9788183700368
9788183241168
9789350530672
9789350530696
9788179105146
9789350530719
9788175248106
9788179505809
9788183700139
9788179750940
9788183612890
9789388859110
9788183611510
9789350531044
9788131606148
9788175411678
9789388859509
9789381218679
9788186771013
9788183301060
9788131603314
9788175364530
9789350530535
9788173717604
9789381868140
9789350530467
9788122005448
9788171327614
9788170355106
9788122004854
9788179101360
9789381843031
9789381840030
9788126912360
9788171693405
9789381763360
9788125047551
9788171412037
9788171417452
9788131601914
9788187680147
9789350530122
9789388789134
9788187661382
9788171413447
9788179103463
9788125045052
9788173717543
9789350530436
9789381574584
9788183241175
9789381406731
9788131605684
9789350534205
9788171698431
9788187317838
9788187317814
9788183422857
9788183422505
9788126317424
9788121509787
9788183304078
9789355182203
9788170308713
9788180699641
9788121240345
9789380250526
9788183422208
9788173911637
9789390425013
9788131605219
9788131605202
9788181280428
9788131604298
9788181285096
9788131600832
9789355185020
9788121505277
9789380186108
9788174870940
9788183304146
9788171414512
9788171398096
9789380326863
9789351248866
9788187374282
9788180696725
9789351710493
9788120347502
9788180697050
9788187336693
9788170307525
9788180697333
9788131611951
9788183303521
9789380571751
9788183303569
9789391139186
9788131901106
9788171697809
9789351528593
9788171698004
9788180697937
9788170494959
9789355010599
9789351243113
9789351526315
9788185933238
9788171415823
9788183423052
9788121242783
9788131601198
9788173918254
9788120340831
9788174762689
9788121245227
9788183305501
9788130911199
9788181930842
9788172113186
9788187036203
9788170337669
9788170337676
9789351282426
9788183305594
9789351480099
9788183390163
9788170337775
9788186117354
9788172111083
9788125028444
9788181711984
9788174791054
9789378314513
9789351362531
9789390660278
9788121260527
9789351306801
9789390678303
9789380031477
9788126432103
9788187317289
9788129111494
9788187317159
9788170331988
9788131605127
9789380156699
9789380146171
9788131605103
9788121243674
9788170339304
9788187107378
9788182053199
9788171396702
9788130934525
9788181520616
9788181520692
9788121263375
9788181520777
9788183420419
9789351483496
9788181520883
9789390595174
9789390595822
9788182050655
9788181521095
9788171415397
9788183304740
9789350980781
9788172247829
9788186791127
9789389347067
9788171394777
9789391504083
9788180430862
9788171394784
9788183562294
9788121220460
9788172333980
9788175246676
9788183561389
9788174456236
9788121266383
9789389347005
9788172333720
9788121512848
9788170305163
9788170305217
9788121220590
9788175246638
9788171394869
9788180562969
9788183303194
9788183560528
9788180619205
9788183303279
9788180619526
9789350740170
9789353870263
9788121298339
9788183303071
9788180430640
9788170555148
9789353245900
9788170352471
9788121298117
9788175248090
9788182900424
9788187498926
9788171394456
9788129137098
9789380828855
9789350538098
9788120352148
9788185753812
9789352080236
9788131605752
9788171394647
9788131605745
9788182749283
9789353270001
9788121916394
9788130914268
9788175246850
9788171398713
9788186791356
9788131603949
9788121222204
9788172333102
9789350740224
9788180693359
9789350760161
9788172053567
9788186791721
9788180693595
9789350780350
9788121225441
9788171697175
9788121701372
9788183560184
9788121513241
9789391214241
9788171395408
9788131604175
9789380663371
9788131600597
9789351711094
9788171697342
9788187418351
9789380626864
9789350980293
9789389605266
9788171395460
9789391139315
9789380626369
9788180696183
9788170306344
9789350742891
9789353900984
9789350742839
9789391214784
9788171394999
9788173816710
9788175246416
9789350740736
9789350740828
9788175246195
9788131100363
9788120350946
9788121224840
9789389381269
9789380731926
9789350740989
9788182741256
9789380731827
9789380731810
9788183303330
9789350741689
9788171395293
9789350742020
9789350742143
9789350742204
9789380731636
9789350742518
9789350742679
9788171324293
9788178849959
9788183764421
9788126708079
9788178356945
9788194186694
9789387587830
9788120835269
9788173200762
9788178804217
9788178355788
9788183822374
9788178355771
9788177540505
9788173200830
9788183772303
9788191085105
9788178804507
9788189630393
9788178804705
9788178804712
9789387651388
9788172869052
9788131103555
9788189630683
9788178804859
9788194426943
9788121200790
9788173200717
9789383684724
9788172862473
9788176461344
9788193945025
9788178356990
9789383784264
9788170007357
9788131608395
9788178356983
9788171419579
9788193993224
9788183871549
9788185057002
9788178356976
9789383721924
9788178803425
9788185091648
9789385462214
9788131607459
9789385493904
9788189005412
9788178803210
9788178356969
9789385493973
9788185094410
9788194116424
9789385493980
9788178804910
9788178353791
9788183872393
9788170813415
9788184576528
9788176258791
9788194802853
9789386611734
9788178806723
9788121203456
9788178807379
9788126719389
9788185150079
9789385957024
9789387799226
9788190840606
9788178806679
9789385995033
9788170223337
9788194867876
9788121204118
9789383045082
9788190821360
9788178351391
9788183763813
9788170811329
9788184576474
9788131104712
9789385909825
9788121201483
9788185133447
9788177540895
9788178805054
9788184489071
9788188827220
9789386611932
9788178805092
9789387671300
9788170222064
9788183764506
9788178805139
9788194673279
9788170816188
9788184576757
9788178806525
9789387671355
9789383252114
9788170815525
9789387671362
9788171690060
9788178805788
9788178805900
9788173054341
9789387671386
9789385909801
9788170174752
9788189630133
9788189072018
9789382974864
9789387195745
9789387195141
9788170089407
9788184578706
9788178797243
9788176467124
9788184001549
9789385161056
9788178797526
9788176466875
9788184578737
9788184114843
9788170189459
9789384649531
9788193342039
9788189473471
9788192640020
9788174355652
9789384568344
9788171567973
9788184842517
9788178543413
9788183877657
9788178799810
9788184846256
9789385161032
9788171021819
9788189473730
9788171426218
9789385055980
9788184577778
9788171021321
9788192856711
9788173150326
9789386799203
9788126714070
9788178796147
9788189473198
9789385144479
9788171021468
9789386768674
9788184578690
9788176497855
9788184577884
9788189304768
9788189301422
9788178795447
9789385144851
9788184113372
9788171569571
9788170188322
9788173043710
9788184114065
9788121105866
9788178800509
9788193859810
9788173030987
9788122419085
9788173191329
9789383838295
9788170007982
9788126909636
9788189110352
9788126711031
9788193747049
9788193772119
9788170184980
9788121000529
9788121108362
9788184577594
9788178357553