9788185753522
9788122007916
9788185484679
9788130700922
9788185938967
9789350501870
9789350501030
9789350980811
9789380615011
9789350501795
9788170195207
9788185445922
9788170194811
9789350501115
9788185832326
9788185832241
9789387587588
9788185689562
9788171418497
9789350501337
9789387587465
9788121512695
9788186227572
9788171417032
9789380626499
9788185375076
9788186211380
9788186208939
9788186208748
9789380565132
9789380626215
9788185375878
9788186208632
9789350500309
9788170189619
9788171417247
9788185421698
9788170209928
9788170209218
9788171417599
9789380565231
9788186030028
9789350501009
9788193984154
9789350980453
9788121942904
9788171699094
9788171699179
9788123912868
9789380864181
9788171699346
9788184354737
9789380918518
9788171788538
9788171789290
9788131803639
9788184353969
9788171880812
9788171881987
9788123918150
9788171882748
9788171699070
9789350537565
9789380852393
9788171698127
9789391928735
9788184552560
9789380752303
9788171697793
9789380752365
9789380752518
9789380752563
9789380852225
9789380752594
9788171698271
9788171698288
9789350537534
9788171698318
9788179100820
9789391985318
9789350561195
9788171882861
9789381406946
9789381234747
9788121212113
9788172112080
9788184113105
9788184113020
9788184112955
9789387297449
9789381159279
9788124106389
9789387266025
9789350902646
9788172330262
9788184110845
9788184110715
9789350740972
9788121513227
9788171884834
9789350562383
9789381030332
9789381052310
9789381052952
9788171886470
9788131609323
9789381084151
9789350565001
9789387436206
9789350973769
9788184204285
9789350729434
9789350740606
9789350740774
9789381141113
9789350537459
9789380752068
9788121222143
9788171693085
9788184774603
9788171692651
9788184671933
9789380748092
9788171692989
9788170183310
9788184578645
9788170183419
9788184578553
9788171693139
9788170180593
9788171693481
9789391504861
9788171693849
9789380748085
9788184873535
9788184577570
9788171692163
9789380655086
9788170184522
9789350531587
9788185054285
9789387587236
9788171692156
9788171692187
9789387587175
9788171692194
9788185024981
9789380731223
9789380731421
9788171692408
9788171692507
9789391622077
9788184577198
9788131609095
9788171696598
9788171696154
9788120326439
9789350535851
9789380748191
9788171696338
9788171696505
9788184570786
9788171695928
9788170006084
9788171696741
9789380748689
9789350536940
9789350537046
9788170005247
9788171695935
9788171695485
9788171694273
9788171694761
9788184576948
9788184576825
9788171694457
9788171694587
9788171694594
9788184576450
9788121933490
9788184574210
9789350533888
9788184575781
9789350534298
9788120805620
9788170129950
9788171695294
9788130717487
9789350300329
9788170223047
9788190717359
9788170338130
9788170841838
9789388415095
9789388415088
9789388415040
9788195288700
9788195290468
9788190712989
9788170993391
9789388414432
9789388409940
9789352220038
9788170337812
9788190626040
9788190583541
9789352501687
9789388415156
9789388415248
9788120350359
9788190821261
9788123019697
9788191006131
9788120351042
9788170803461
9788121299831
9788122411072
9788170804444
9789389381146
9789388540469
9788170811367
9789352017607
9788170812128
9789351251927
9789388540018
9788195161171
9789388332682
9789388332569
9788191008555
9789352776627
9788190044103
9788190007757
9788131105139
9788170999089
9788131105115
9789389845105
9788190002615
9789389845327
9789388332361
9788170999805
9788189983130
9789381617182
9789352837199
9788131104903
9788131104873
9789322008932
9788131105221
9789322008253
9788190115100
9789352702961
9788190383462
9788121296625
9788131105634
9788131105580
9788170337423
9788131105542
9788131105511
9788190208680
9788170997269
9788190208666
9788170998136
9788131105351
9789388173384
9789388173315
9788131105283
9789389350883
9789351711445
9789322008949
9788193439302
9789351431428
9788131602171
9789388891509
9788131602089
9788131602072
9788194247326
9788120417922
9789388881210
9788122426663
9788121506540
9788194293729
9788170353157
9788194483007
9789388859615
9789388812276
9788131601617
9789388937085
9789388937290
9788193523582
9789388937641
9788193945094
9789388982511
9789389110074
9788120352674
9789388982405
9789388982375
9788193945001
9788170355342
9788193998878
9788193772171
9788194083184
9788193746899
9788194116417
9788193713334
9788131603147
9788193307380
9788193279434
9789388754538
9789388789219
9789388789394
9788170351252
9788122412048
9788170350873
9788194867692
9789351710578
9789388789264
9789388789196
9788170352860
9789388789189
9788170350286
9788170711230
9789351710868
9788131503959
9789388754866
9788170801207
9788194793229
9788170351870
9788194749721
9788192490298
9788170410379
9788131601341
9789388789653
9788131603734
9788192745688
9788192715971
9789389341201
9789351252436
9788194556275
9788194556299
9789388789615
9789388789424
9788170495741
9788192665412
9789351710035
9789352940936
9789353029326
9788130717746
9788171396542
9789380028897
9789380031231
9789350183489
9789380031569
9789380031897
9788131606414
9788171396375
9788187877080
9788171397723
9788171397136
9789350183526
9788130928814
9789380069753
9788170248972
9788187606680
9788187526056
9788188237166
9788131100264
9788131100271
9789378313806
9789390588398
9788170285083
9789350142776