9788120309784
9788188204786
9789350465011
9788174468680
9788192510736
9789380902869
9789380902838
9789355180148
9789393674364
9789354790805
9788131604403
9788172702045
9788186782613
9788173200397
9788188204786
9788185199542
9789388881272
9788181523631
9789380902616
9789351119609
9789382395638
9789322008659
9789374953723
9788184501285
9788120804043
9788124301999
9788190781213
9788183244510
9788181714954
9788180611544
9788192155012
9789350251027
9788124606056
9789380902104
9789380902142
9788120615090
9788124111192
9788184500356
9788173200007
9789351116110
9788180304651
9789350513316
9789387648647
9788194522904
9788178240039
9788121511735
9788183702812
9788172930936
9788125036548
9788131602294
9788184112351
9788174454164
9788190402545
9789350909959
9788121508834
9788184113341
9789351118817
9789381176009
9788184354577
9789385077876
9788189886233
9788176463379
9788120322219
9789382630531
9788176256162
9789350026281
9788176760362
9788172700492
9788184112337
9788170330172
9788129510679
9789351115144
9788184110630
9788185931470
9789380704227
9788172334055
9788188643370
9788174143341
9788131602249
9788183292955
9788171324835
9788176299626
9789381136553
9788173025563
9788183210430
9788172050429
9788184112207
9789382471356
9789381523988
9788189267575
9789350247266
9788184501391
9788175251243
9788181710208
9789351524274
9788170352587
9789381325391
9788170354406
9788131102947
9788124606650
9788120820326
9789380573250
9789381325018