9789381226254
9789381269794
9788121212212
9789350300985
9788171418589
9788170229575
9789382398615
9789382396253
9789391844165
9789383166251
9788181522702
9789385161797
9788181522962
9789383101856
9789391928247
9789383101849
9788181524027
9789350536964
9788181524263
9788181524348
9788181581051
9788181582492
9789383101795
9788178351551
9788181522023
9788181521668
9788178352787
9789383252497
9788178354866
9788178354859
9788178354408
9788178354392
9789383252756
9789350742655
9788178353852
9789383252091
9788181520852
9789383252466
9788178353647
9789391985059
9788181521224
9788178352794
9788181770448
9789383101689
9788178355078
9788181895141
9788126149964
9789383101368
9788177542998
9789350535424
9789350535417
9789350535356
9788126132393
9789383101252
9788177542301
9788177541984
9789383101177
9789383101146
9789383101108
9789383101092
9788177541434
9789383101399
9788177544756
9788177557084
9788178243238
9789383101610
9789350536575
9788121000727
9788178312316
9789350535967
9788178245393
9789385302268
9789350535684
9789383101542
9788178190686
9788177648751
9788177584165
9788177568363
9788177561012
9789383252831
9788178356341
9788182054578
9788178800578
9789383864218
9789383838752
9788178802725
9788178802589
9789383784486
9788121108874
9789383784370
9788178802183
9789383784349
9788180313578
9788121103329
9788126515684
9788180430541
9789383692514
9789383692446
9788179915868
9788126709090
9788178803319
9789384568191
9788179100622
9788179103159
9788179104194
9789350896570
9788178901848
9789394852075
9789384568290
9788126548170
9788178847726
9788179756546
9789384568597
9788178803562
9788178803487
9788179860168
9788121103046
9788178800561
9788181288998
9788121200097
9789385161179
9788180696220
9788178541150
9789385161322
9789385161438
9788178358789
9788178358772
9789385161728
9788180698149
9788180698163
9788126716852
9788180698378
9788180698484
9788180699344
9788180699955
9788121004084
9789385161049
9788126715411
9789385000379
9789350728413
9788121102230
9788178797137
9788180691058
9788121101851
9789385000331
9788126713882
9788178710884
9789385098383
9789385144875
9788180695100
9788180695346
9789350561294
9788180695582
9788126114184
9789383101009
9788174453921
9788183424370
9789386235473
9788170194217
9789386262271
9788183422321
9788176113670
9789382471301
9788183423106
9789386302113
9788124610770
9789350501412
9788183423670
9788120819566
9788170194705
9789386397768
9788126910120
9788183421614
9788183421461
9788183421423
9788176222624
9788183420129
9788183420242
9788183420259
9788183420433
9788183420457
9788183420549
9789350980866
9788183421171
9788183420686
9788183420723
9788183420730
9788183420754
9788176220293
9788183421164
9789386463180
9789382420781
9789391214555
9788183424479
9788174790880
9788183564663
9788183564885
9789386611123
9788183565110
9788174457707
9789386611161
9788174456335
9788183568227
9789386611192
9789350500071
9789382396604
9788183700634
9788124607251
9788183700856
9788174792082
9789332704916
9788174872289
9788175334571
9788175415706
9788170195351
9788124609668
9788124609606
9788170195450
9788175360426
9788183561143
9788175244771
9788183561518
9788175332911
9788183562119
9788183562140
9788183562188
9788175249226
9788176223928
9788183392068
9789383098927
9788176480628
9789385462443
9789383096619
9788126021468
9789383096596
9789383096534
9789383096466
9788170175100
9788182902350
9788182903470
9788182904378
9789385721571
9788176484015
9788183078382
9788183152211
9789386048332
9788126025473
9789385445071
9789383096725
9789383096961
9788170172840
9789383098651
9788177540987
9788177540680
9789383096985
9788182055278
9789383096947
9788120835986
9788182207646
9789383096909
9788120836150
9788121204255
9789383096824
9789385302992
9789382974673
9789391504687
9788170193586
9788120833326
9788176259569
9788183304658
9788176259187
9788183305136
9788176258685
9788176258012
9788176257923
9788176257718
9788183306690
9788183306713
9788176251389
9788183391184
9788170188636
9789350980798
9789386223586
9789386200471
9788125046578
9789382885122
9788176466615
9788176467858
9788176467810
9789350519875
9788183244091
9788183244107
9788183244206
9788183245449
9788183249256
9788176466257
9788176466240
9789386056139
9788176465908
9788183248235
9788183248938
9788186786178
9788179101438
9788123744209
9789389347548
9789388121286
9788192173870
9788170335443
9789352940929
9788171328550
9788187393573
9788194556343
9788121265768
9789354437731
9788170557685
9788187393085
9788187392972
9789332701397
9788189765194
9789388789288
9789351710639
9789389965278
9788131520284
9789351710745
9788189866617
9788192075280
9788121243124
9789388757652
9789388121323
9788170339083
9789351251118
9788123711409
9788131104996
9789351251934
9789388725859
9789388691376
9789351710158
9789332701816
9788191008593
9788171106608
9789388121194
9788194428015
9789354356612
9788194418528
9788189652623
9789351523826
9789388121187
9788170307815
9789354351167
9788171398430
9788171398447
9788171398461
9788194352136
9788193272602
9789388789660
9789388121224
9788193027516
9789388121248
9788170352990
9789380179728
9789380179681
9788170419440
9788170492528
9788189729424
9788192668901
9788171328260
9788194522980
9788188934805
9788170552598
9789388121279
9788131104828
9788131101162
9788188836659
9788171398478
9788190098526
9789389351286
9788170998334
9789388162654
9789352703746
9789351252252
9788131244654
9788170843955
9789326351461
9789388162609
9789355946188
9789380031224
9788131604199
9788131100882
9788170842897
9789352700189
9789351251538
9788131100295
9789355994998
9788188827060
9788121509206
9789352220625
9788188643165
9788171393954
9788131220269
9788190568111
9788190461702
9789352294923
9788190430944
9788131604267
9789352544103
9789351252214
9789327216981
9789389350746
9789388162111
9788189983048
9788190974271
9789332549715
9788131604090
9788187661580
9789388162258
9789388162159
9789388540674
9789327291162
9788131300213
9788131303443
9788131101117
9789388162142
9788131101131
9789387671430
9789389965292
9788190974233
9789380156385
9789388540131
9789388540001
9788190003322
9789388162272
9788188827831
9788190830508
9789351251408
9789380106519
9789388162364
9788171396993
9788190821339
9788190821315
9788170998983
9789352028085
9788189110185
9789351710295
9788194899082
9788131605486
9788131602430
9788171195374
9789389110746
9789380179971
9789380179858
9789351252962
9788170337362
9788193475898
9788170354437
9788187130031
9788122407747
9789380179810
9788120352308
9788122407174
9788131601976
9788170357483
9788195331291
9788170357711
9789387587748
9789389404555
9788121508452
9788170354802
9788193963623
9788195280643
9789380199436
9789380235790
9788122418392
9788131103029
9788170355335
9788193790694
9788171323012
9788131104293
9788189233198
9789380261041
9789380261188
9788171193929
9789388937955
9788170355670
9788170355113
9789351250593
9788131103098
9788193560938
9788189233167
9789389412284
9789351423478
9788186791752
9788131103739
9788189630621
9788171304868
9788170358091
9789389137590
9788195317813
9788171398492
9788189630713
9789351251866
9788189640859
9788120341883
9789350904817
9789351529279
9789351526117
9788181710949
9789350252024
9788182747548
9788173048449
9788125055693
9788121903400
9788173047893
9789382059202
9788170187479
9788182749979
9788173043116
9788182747395
9789350258873
9788189640354
9788173047169
9788185094526
9788174792389
9788173047848
9788172764203
9788183700665
9788183420037
9788183420013
9788176223836
9788183300971
9789350305089
9789382629764
9789382396581
9788131103999
9788183700849
9788183420082
9788183702973
9788183702928
9789386611222
9789382630999
9788183703017
9788174454508
9788176223614
9788174350275
9788174456007
9788183420587
9788120827400
9788170185949
9788174455826
9789389381177
9788131105498
9788176222938
9788174455345
9788176223096
9788176465038
9789351251965
9788183420426
9788189983987
9788189995041
9788183249553
9788170186212
9788121208482
9788176250115
9788170999362
9788174454539
9788183281607
9788126902903
9788174454515
9788174454089
9788190006941
9788183391610
9788183701136
9788183306836
9788183306737
9788170338079
9789350502181
9788176256391
9788176257121
9789386110282
9788174353856
9788170223344
9789389381139
9788176258128
9788170188629
9788126919604
9789382186373
9788176371537
9789388162692
9788174361462
9788183304689
9788183304665
9788120338487
9788176259934
9789391123598
9788190178358
9788183302586
9788131608166
9789350304129
9788190006989
9788190006675
9788174351227
9788183391467
9788183391122
9789382630289
9788195288717
9788183390972
9788176462570
9788176461948
9788189526085
9788126904976
9789350304044
9788176254427
9788171302444
9788176256131
9789382332701
9788120829725
9789386223395
9788131105184
9789386071866
9788183420617
9788122007183
9788183420600
9788183562997
9788183420631
9788121512459
9788175412910
9788175412941
9788189652937
9789350500460
9788170195191
9788195076031
9788170194750
9789332704824
9788175741461
9789350981207
9788131104750
9788189630522
9789353240035
9789388121262
9788183565172
9788183420648
9788174457257
9788183424301
9789382460206
9788183565677
9789386397263
9788121208444
9788176018579
9789382460244
9788183565912
9789350502860
9788183423854
9788174456397
9789350500187
9789382460442
9789386556240
9788175410190
9788174720344
9788183560719
9789386556523
9788175245549
9788175246300
9788183563260
9788174877604
9788174877529
9788183563543
9788183562539
9788175249097
9788131104453
9788183562249
9788120817326
9788189652425
9789350500996
9789386556493
9788189652609
9788126913527
9789350500910
9788189630973
9788183564144
9788174870919
9788183561372
9788131104439
9788174791795
9788189652708
9788183560795
9788175363519
9788183564403
9788131104422
9788183423762
9789386397140
9788183566261
9789386262714
9789382563440
9789350501689
9789386262417
9788183422048
9788183569095
9788171015375
9789386261069
9788189886332
9788126908585
9788176117555
9789382629504
9788121512626
9788183421676
9789352872534
9788183421409
9788175242876
9788121290661
9788189915445
9788183569231
9789391214173
9788183421041
9789350466285
9788176220330
9788121208451
9788121208468
9788121295598
9788189973032
9788189981341
9789350501801
9789382563365
9788183568463
9788124610657
9789386262783
9788195096190
9788183566353
9788183566421
9789382460688
9788183423656
9788174456298
9788174456274
9789382460787
9788183423649
9789352873616
9789350501443
9789386392756
9789350981115
9789382460909
9788171106769
9789386322982
9789350981030
9788183423229
9788195013234
9788126909575
9789352872930
9789382460930
9789386296771
9789386286468
9788121207515
9788174456113
9788183422734
9789382471486
9788183422482
9788176127776
9788130718682
9788183247016
9788180692420
9788178790398
9788170353461
9788131771853
9788178542966
9788178541525
9788180696473
9788170353010
9789350538296
9788131800584
9788180696978
9788180696985
9789385161667
9788180697067
9789385161698
9788121507769
9788180697579
9788180697616
9788120606364
9788180695537
9788193317204
9788180693892
9788180692536
9788180692734
9788121101585
9789385055928
9789350564943
9788180693649
9789350564912
9788180693922
9789351482956
9788180693977
9789350563571
9788121915182
9788180694714
9789350561966
9788180695148
9788180695186
9788170417651
9788122428339
9788180698323
9788178352695
9789383252442
9789383252312
9788170003243
9788192632254
9789389347340
9788194556282
9788178352701
9788178352688
9788122432770
9789350537305
9788181521781
9789351710165
9788178352428
9789383181230
9789351710233
9788178352411
9788170492818
9788192668918
9788180698385
9788192958217
9788180698453
9788180698804
9789383284122
9788178357355
9788170418580
9788180699542
9788178356808
9788178356334
9788181501219
9788178356198
9788178355054
9788181438751
9788192686080
9788194483076
9789383252725
9788192668949
9789383285549
9789350564981
9788170585428
9789351480594
9788179750216
9788179750612
9788178849430
9788179756157
9788170354567
9789384568511
9788178807911
9788178805948
9788179758274
9788179758342
9788178805184
9788178804743
9788178804538
9788178804286
9788126599882
9789384568733
9789384588052
9789384568184
9788178886657
9788178886862
9788179103647
9788179100608
9788179101889
9788179102145
9788170354369
9788179103128
9788178990859
9788179103609
9788179103951
9788179105023
9788131603185
9788131603086
9788194116240
9788178901688
9789394852266
9788178900278
9788179105016
9788126573035
9789389012200
9788131703823
9789383656660
9788178801179
9789389212617
9788193539392
9788170355687
9789383692613
9788131724675
9788121109871
9789383468621
9788194247319
9788178800233
9788180690167
9788193462126
9788178797113
9788121101967
9788180691355
9789388881128
9788180318580
9788131716977
9789384588311
9789388937825
9789394023253
9788193906590
9789351301028
9789350741030
9788178803159
9789383864300
9789388937917
9788178802558
9788178802091
9789388937702
9788178802541
9788170355601
9789383784363
9788178802176
9788178802138
9789383784172
9788194556305
9788170588924
9788131608234
9788120724051
9788126022724
9789388454049
9789351252313
9788170842811
9788182880795
9789383096459
9788182900721
9788176563758
9788182901162
9789383096442
9788182902060
9789350533482
9789350981597
9789385540059
9788190777063
9789382993841
9788182903937
9789388454094
9788120351127
9788190821346
9788182208926
9788190974349
9788190974325
9788177540765
9789350534335
9788177540390
9788190935401
9789383096954
9789383096916
9788182744455
9788177540017
9789385302961
9789385302978
9788182500952
9789383096886
9789385302985
9789391685010
9789350532997
9788176485784
9788182904149
9788176467056
9789352220472
9788176467988
9788183242783
9788183242790
9789350516164
9788176467407
9788176467360
9788176467032
9789352211777
9788176467018
9788176466981
9788183245395
9789352500062
9788183245487
9789388409025
9788176466134
9789388409827
9789382974772
9788176484688
9788176482370
9788182904545
9788121298094
9788183070751
9788183071642
9788121204859
9788131243138
9789350531709
9789352210855
9789385995576
9788170844914
9789385995156
9788170185260
9789350531402
9788183153447
9788170185437
9789382974819
9788190983358
9789388540513
9789383101832
9788126112586
9788178351407
9788178351179
9788178312699
9789351710998
9788178311654
9789385302008
9789388789035
9789388789011
9788182050532
9788182050587
9789350535806
9789385302329
9788178224855
9788121500913
9789351711261
9789383101528
9789383101504
9789391844004
9789350536568
9788178351490
9789383101733
9788170005605
9788192214337
9788181524430
9788181524454
9788170005667
9788181582317
9789383101788
9788181716026
9788192084008
9788181820440
9788178351537
9789351710929
9789383101672
9788194783534
9788192084039
9789383101603
9789385302503
9789351711292
9789351711308
9789383101153
9789351711940
9789383101238
9789383101191
9788194843023
9789383101160
9788182054165
9788177541762
9789383101139
9789388668859
9789383101122
9788177541601
9789383101085
9788177541502
9788121299893
9789383101078
9789383101047
9789383101245
9788182054141
9788177559477
9788170087373
9788177558289
9788177558272
9788177558258
9789383101474
9788182053236
9788182053267
9788121500418
9788177544398
9788177542752
9788177543483
9788126155071
9788177543308
9789351711582
9788177543148
9788194793236
9788194793243
9788171320820
9788183565059
9788171699339
9789380852737
9788171698912
9788171698776
9789380138725
9788121219686
9788121219778
9789380829609
9788121243476
9788171698424
9789380752976
9789380752938
9788121243384
9788184503197
9788187649557
9788187644897
9788171698202
9788187812975
9789380852775
9789380156606
9788171396665
9789387436459
9789380935829
9788171880638
9789391047450
9788184354027
9789350300138
9788171395569
9788171788071
9788171699766
9788171699575
9789327282429
9789350303733
9788171699315
9789350293324
9788171396177
9788171698134
9788187644729
9789350300183
9789380748313
9788171696772
9788171696697
9789387537637
9788184571684
9788171397471
9788184572223
9788171696253
9788184572599
9789387537828
9788171696055
9789380179414
9788171695850
9788171695706
9788184573817
9789380179506
9788171696789
9789380748344
9789390660261
9788171696918
9788184551891
9788171697755
9788123748764
9788187606901
9789380752112
9789351246268
9789351246275
9788184552959
9788187606604
9788171697144
9788171397440
9788171397457
9788184553765
9789350183731
9788171397464
9788171885312
9789387436381
9788171695560
9789350301364
9789350301357
9789381617168
9788172333171
9789350301326
9788184110883
9789350301319
9788188827183
9789381605059
9789350301272
9789350301265
9789391123017
9789381574614
9788172316280
9788172233808
9788184112450
9788172333652
9788184110531
9789374734742
9788171393855
9789391123055
9788172337995
9788122404425
9788124114339
9788188827718
9788172336424
9788131100752
9788131100745
9788131100714
9788188827411
9789381763308
9788184030730
9788188827299
9788124108826
9789387195882
9789387281264
9788188793006
9788171888191
9788188643301
9789350300855
9789350300732
9789387436084
9789389965360
9789381162927
9789327247039
9789381141694
9789327264616
9789350300398
9789391123000
9788170247395
9789387436237
9789350300244
9789378313875
9789387436367
9789387436046
9789381226315
9788188775071
9789381226599
9788170309383
9788171394968
9788131100479
9789387324855
9789387889545
9788121211932
9788124104194
9788172110185
9788131100394
9789378313233
9789350300954
9788172081898
9789381234099
9789381226704
9789387436022
9788184573909
9788171694976
9789381843260
9788171418305
9789380179896
9788171418084
9788171398607
9788170305644
9789380574103
9789380199412
9788187077947
9789380565279
9788186099704
9788170304357
9788171398614
9788130708751
9789380540610
9788171416882
9789380199801
9788120344518
9788185843025
9788186249031
9788171398591
9788185683324
9789380615349
9788171398485
9788185733418
9788171398522
9788185753072
9788185753164
9788171418671
9788187317074
9788185753591
9788171418602
9788187317029
9789332704145
9788185771960
9789380615264
9788187067153
9788171416844
9788185622118
9788171415984
9789387587755
9789332705012
9788171413379
9788186771129
9788171413584
9788186771679
9788186771693
9788171414956
9789387587731
9788186791653
9788171413614
9788186786185
9789351250401
9788186791042
9788186791523
9789380261546
9789332704794
9788171416813
9789332705135
9788130712109
9788171412006
9788130712369
9789380261218
9788130712390
9788130712444
9789332704688
9789351250531
9788186562598
9788186565216
9788186565339
9788186569030
9788171416134
9788186857168
9789387587991
9788187317432
9788131605943
9788171694891
9789387587137
9788184578621
9789351247241
9788171692828
9788171692569
9788171692545
9788171692521
9789380748078
9789380731971
9788171692514
9789380731377
9788184981049
9789332703018
9788185015668
9789387671102
9788171692309
9788184578409
9788171693436
9789380677699
9788171693467
9788171694808
9788184575514
9789387537866
9789387587014
9788184576535
9789380748139
9788171694334
9788121224468
9788187418672
9788171694099
9788171693832
9788171693726
9788171693573
9788187418474
9788171693535
9788171692248
9789390620142
9788187317494
9789387587359
9788187317968
9788171641796
9788171641468
9788171641109
9789390035618
9788171582082
9788171567652
9788187317784
9789351251095
9788171419913
9788185431703
9788171419319
9789380625287
9788171419166
9788185504254
9788171642076
9788185170657
9789387587229
9788120803169
9789350143148
9788185054247
9788171691586
9788187374398
9788171691210
9788121226424
9788171691043
9789380651538
9788171690824
9788185141084
9789380642710
9789387587342
9789380642550
9789380179759
9788185170596
9788172338220
9789389137927
9788173053504
9788173420764
9788173056482
9788189304324
9789382036517
9788183763981
9788183873512
9789350301968
9788183873208
9788183873147
9788183767200
9788131103104
9789351251859
9788173055935
9789353572655
9788183873048
9788171328161
9788171324514
9788121265171
9788183872973
9788183872850
9789350301975
9788188836796
9788173046162
9788173431876
9788173056291
9789381991275
9788131103135
9789350301883
9789389776164
9788183760522
9788170223443
9788172702762
9788188836673
9788173714771
9788172730574
9789325986008
9788183874052
9789350301890
9789350303351
9788183873956
9788131103142
9788171328147
9788121266147
9788183873819
9788183765671
9789350981689
9788173048272
9788183766555
9788183872638
9788183872584
9789350302088
9788183871594
9788183871402
9788183763387
9788170226420
9789353870584
9788188934232
9789350302217
9788183763158
9788171328642
9788183870795
9788170336426
9789350302316
9788173043994
9788171328314
9788183870481
9788183852241
9788170225775
9788124602751
9788183870436
9789350302392
9788183870061
9789354423147
9789386682024
9789350302187
9788172736477
9788183871617
9788183762649
9788170336464
9789353915841
9788172762520
9788188836901
9789389615234
9788170228394
9789350302576
9789382006671
9789382006541
9789350302545
9788173045257
9789386682260
9788189131555
9788189235642
9788189233754
9788183871754
9789350302163
9788189233600
9788183871648
9788173200960
9789386835659
9789386652010
9789350303344
9789351251743
9789387160095
9788124119082
9788172612849
9788172681678
9788183876605
9789350301753
9788173054716
9788171321872
9788183874489
9788124605912
9788172681906
9788189473044
9788171322169
9789350301784
9788172682156
9789386611949
9789355942081
9788189110475
9788183877114
9789386611710
9788183765336
9789387195189
9788172338404
9788170224259
9788171324941
9788173053689
9788183877718
9789350303146
9788183704083
9788171324996
9789387195615
9788173054075
9788172361228
9788188836239
9788173816543
9788173049880
9788120809109
9788173814044
9788189110307
9788183765442
9788171325542
9789381887837
9788173049521
9788183875912
9788171327270
9789381991046
9788173049293
9788183874946
9789386863898
9789350301814
9788171326273
9788170330424
9789350301869
9788195549399
9789386910011
9788183874861
9788173043840
9789380829456
9788175360082
9788173201318
9788187566519
9789380005881
9788120336087
9788123762524
9788120819634
9788122436563
9788186701249
9788182050969
9788173048128
9788120345003
9789352766796
9788178357683
9788171692316
9789386611116
9788126717996
9789386608055
9788170196815
9788131604731
9788171691975
9788171419159
9788171691715
9788170358077
9789386682161
9788120351752
9789391985073
9788131803561
9788173053528
9788171690701
9789388789455
9788178792590
9789385144950
9788171397822
9788178793740
9788171419128
9788173054297
9788170307556
9788173054037
9788170262053
9789388859912
9788171691685
9789386682550
9789386682185
9788173056543
9788131761014
9789386611093
9788170421702
9788171324262
9788171690213
9789385161285
9788174456656
9788174791788
9789385161704
9788171691319
9788171324521
9788170337263
9789388789738
9788171676088
9788120804494
9789390588985
9788131104378
9788171691197
9788121003780
9788120804784
9788129521125
9788174782779
9789386682369
9789387587410
9789388789806
9789390588879
9788131605455
9788130907987
9788178356624
9788126717231
9788171690831
9788178795614
9788171419715
9789386682567
9789385160509
9788171691616
9788170358350
9789388789813
9788131104408
9788170338789
9788171691579
9788126715497
9788171690916
9788171513963
9788131601129
9788131601174
9789389341065
9789385098161
9788120334342
9788174456250
9788178804361
9789386611369
9788131700938
9788171416615
9788131700006
9788178803906
9788130712574
9788171412365
9788171416547
9788178804590
9788174363220
9788173717314
9789387587700
9788178805528
9788171412457
9788130712499
9788131103678
9789386611284
9789390430086
9788174369734
9788131103708
9788130712291
9788178803432
9788178803395
9788170222408
9789391139414
9788171410699
9788178802770
9788120815650
9788178802749
9789388937948
9789389184495
9788178806518
9788178807119
9788173431890
9788120352230
9789388022255
9788170305033
9788131103326
9788171414949
9788171414536
9788173912740
9788130718774
9788171243273
9788173913631
9789386611536
9788173917257
9788174350299
9788130718552
9788179100684
9788171414963
9788171414970
9788174352279
9788170337898
9788131103623
9789386611727
9788173811999
9789394569003
9788178884790
9789386611765
9788126706341
9789390371969
9788126706433
9788178849065
9788178844657
9789388008341
9788171416417
9788120803787
9788171416967
9788171324095
9788178798400
9788171323029
9788171418503
9788131731826
9789385000041
9789384649753
9788174455178
9788178798998
9788178800325
9788170005209
9788178800103
9788171418466
9788171418428
9788131103074
9789388881388
9788170353744
9789389212792
9789385000416
9789385000546
9788131103005
9789385000881
9789389605303
9789385000997
9788131104309
9788170303169
9789385055966
9788130907727
9788171418732
9788178795652
9788173200649
9788171323630
9788171419104
9788170357001
9788131726891
9788178802299
9788173421877
9788174454355
9788178801520
9788178801728
9789390095094
9788178802053
9788174454232
9788171417681
9788178800400
9788171417537
9789389188400
9788171417292
9788130704302
9789388937658
9788178802190
9788131609521
9788171418008
9788178801216
9788173201820
9789386652119
9788171193776
9788178800943
9788178800929
9789390058549
9788120409941
9788131103081
9788178800868
9789388902823
9789388892018
9788131602157
9788131104262
9788171418350
9788178800080
9788131606360
9788171692330
9788176115216
9788176481205
9788170246732
9788131101179
9788176481465
9788171395057
9788176481755
9788172017989
9789386582652
9788127268404
9788131101599
9789387436299
9789385995040
9788170184348
9788131101803
9788170185611
9789391214289
9788170194224
9788131230503
9788172050726
9788170943068
9788131608319
9789388409490
9788170185727
9788131608289
9789386235411
9789386235367
9788176467117
9789386235305
9788131104965
9789386235275
9788171395026
9788171889938
9788120346956
9788131100226
9788176502900
9789388454155
9788171396849
9788170338932
9788126729937
9788171395668
9788170173601
9789391678012
9789387436718
9789390692972
9788120821057
9788131100035
9788171699506
9788131100042
9788131100097
9789385485060
9789387436428
9788171699919
9788176489881
9788170180647
9788131104927
9788171882502
9788171395545
9788176485258
9788170194385
9789385606328
9789387436435
9789385606397
9788170843962
9788120807044
9788171885909
9789391504069
9788176466387
9789387863071
9789391123109
9789386200969
9789386215864
9788176259972
9788176259910
9788176259668
9788176259415
9788176259033
9788172333355
9789387195127
9788131100677
9788176258142
9789391214364
9788176257893
9788176257862
9788172610531
9789386200143
9788172610425
9788131604427
9788131105061
9788131100738
9788176256186
9788176224871
9788170999225
9788176255172
9788176225052
9788176254045
9788172338787
9788176253536
9789387195875
9788131101056
9789386200396
9788176299855
9788176466318
9788131105443
9789388317641
9789386863225
9788172113100
9788131105719
9788176465779
9788176465670
9788172152178
9788131604311
9788176220521
9788176465304
9788176465113
9789387307094
9788128804793
9788120807938
9789386920843
9789386235107
9788170998099
9788176463997
9788176463881
9788172700225
9789386062284
9788120808089
9789386062727
9788171394043
9789387266001
9788176461559
9788131100646
9789386110176
9788131101063
9788176372282
9788171396962
9788172764791
9788171396986
9788170351788
9788178351599
9788171693788
9788171694044
9788171326860
9788171694211
9788171397730
9788173048463
9788170743057
9788178351520
9789386556387
9788170233343
9789387587076
9788171694921
9788178330761
9788171694983
9788178351605
9788171397716
9788171397709
9788178271484
9788175362239
9789391818364
9788173048074
9788178243054
9788131608852
9788170071013
9788126928590
9788171695669
9788170795216
9788171397693
9788171397686
9788171397754
9788173049484
9789385302367
9788178351933
9789389719987
9788173052040
9788174879363
9788178352657
9789386556615
9788171692583
9788129508720
9788171397761
9788171693047
9789389347487
9788170581925
9788131104446
9788170584230
9788171693115
9788171693214
9788178351612
9788130912271
9789388789325
9788178351926
9788178351919
9789389742787
9788170594116
9788171693382
9788175246430
9788178351674
9788175246454
9788178351667
9788178351650
9788178351643
9788178351629
9788131608791
9788177906844
9788171397259
9788171698301
9788171697687
9788171697694
9788173030093
9788170249146
9788177541717
9788131262979
9788170307976
9788171397280
9788171698097
9789388540520
9788171102723
9788170173519
9788171397273
9789386761347
9788170194651
9789389347937
9788120811195
9789388540230
9788170194552
9789390692835
9789385302640
9788171698615
9788171698622
9788170816454
9789389965537
9789387472136
9789386392084
9789389350166
9789386768193
9788120810914
9788171697434
9789387799141
9788177587500
9788129136985
9788171696147
9788171105533
9789385302435
9788171696185
9788177583861
9789385302541
9788177582321
9789391685157
9788170800514
9788120838161
9788126724888
9788170801436
9788131314975
9788171696642
9788177544886
9788171697427
9788170249191
9788175416031
9788131104729
9788175416390
9788173044335
9788170801559
9788131606421
9788131607732
9788177542509
9789388684989
9789388684903
9788120800373
9788171697182
9789387671201
9788131103241
9789383252619
9788183306584
9788183422628
9788189233259
9788183421843
9788189110512
9788189110314
9788189110284
9789382563471
9788183422192
9789382563358
9788183423021
9789382629511
9789354390487
9788183423212
9788183423236
9788121265744
9788183423328
9788183423380
9788183423427
9788124610817
9789353870423
9789382629580
9789380179834
9788121267816
9789382629795
9788183390965
9789382629788
9788183391627
9789353240400
9788189652401
9789382629757
9788189630751
9788183420020
9788189430092
9788189630386
9788189630287
9789382629665
9788183420440
9788189612962
9788183420556
9788189485733
9788183421058
9788121265119
9788183423878
9788183423915
9788187418054
9788124609019
9788183562621
9788187680048
9789380179124
9788183562652
9788183562829
9788187498940
9789380179605
9788187392354
9789355182012
9788187332220
9789380179803
9788183563857
9788187317920
9788187317876
9788187317807
9788183564069
9788187317630
9788187818403
9788187853077
9788187854050
9788183562195
9788188827626
9788188827589
9788188827244
9789382420200
9789356630710
9788188808274
9788188808052
9788188775057
9789378313103
9789378313196
9788183560771
9788188661527
9788183560801
9788183560849
9788188617029
9788121245593
9788187972884
9788183390651
9788189652814
9788121268011
9788122433531
9788182901087
9789351483151
9788193248140
9788182904217
9788182904460
9789351659624
9788192668994
9788192665498
9788192549705
9788121502634
9788182904866
9789351710325
9788183150057
9789382974932
9788192430263
9788183150545
9788192313764
9788183152372
9788193319024
9788193319048
9788182748019
9788122423846
9788193747070
9788193747063
9789383101306
9788182054110
9788182054127
9788182054158
9789383101214
9788182054219
9788182054226
9789383101115
9788193589335
9788182054844
9788193482513
9788193466094
9788126041381
9788126040643
9788182535442
9788192295794
9789351710424
9789353041120
9788183304139
9788190672443
9788183301930
9788190283762
9788125040965
9788183302999
9789352584253
9789382629887
9788121295918
9788183304627
9789351710479
9788190006644
9788190004657
9788183306553
9789352872824
9789352872923
9789352877409
9788183335096
9788125030072
9789352081196
9788190781220
9788183249218
9788190789196
9788192173801
9789351711803
9789382974017
9788191008586
9789382968191
9788183244190
9789351711957
9788183244749
9788183244961
9789382885962
9788190881548
9788183246545
9788183246613
9788190842211
9788190821322
9788190821247
9788121298698
9788183564304
9788187075202
9789383101450
9789380748467
9788184572612
9788184572490
9788183870313
9788184572032
9788184570915
9788184570335
9789382006046
9789380748443
9789381991480
9788183850995
9788183871228
9789381991312
9788183871600
9788183871679
9788183871846
9788183871860
9788184552881
9788184551792
9788183870054
9788183823050
9788187067627
9788183766036
9788184577662
9788183765220
9789382036494
9788183765367
9788184577495
9788183765497
9788183765541
9789382007173
9788184575316
9788184573749
9788184574364
9788183767019
9788183767071
9788184574333
9789380748153
9789382006701
9788184574272
9788184574043
9789380752495
9788183872508
9788183872515
9789381162187
9788184203196
9788183877459
9788184203134
9788184202960
9788184201482
9788124116890
9788183877800
9788124115879
9789381226650
9788183873024
9788183990912
9788121211826
9789381843017
9789381425022
9788184030464
9789381512784
9789381574010
9788184110456
9788184203226
9789381136393
9788184203516
9788123926629
9789380752617
9789380752914
9788184501933
9789380852454
9788184489941
9788123908861
9789380852874
9789380935799
9788183875752
9788183875905
9788123919485
9788183875974
9789381030486
9788121213653
9788183876469
9788183877077
9788124119044
9788183765169
9788123780894
9788184577853
9788186565476
9788183614511
9789382396697
9788186771877
9788186771570
9788186771495
9788186771150
9788186580110
9788186568101
9788183701402
9788121232524
9788186514375
9789380428413
9789382186915
9788186413142
9789380565187
9788183702744
9788186208113
9788183703062
9788186771990
9789380261966
9788183611053
9789382396703
9789380261386
9788183564601
9788183564779
9788183565127
9788183565165
9788183565585
9788183565684
9788183565875
9788183565929
9788186791820
9788186791776
9788183567985
9788186791585
9789380261843
9788183568340
9788183568890
9788183568968
9788183703376
9788183703611
9788184578676
9788183763523
9788121209953
9789380642741
9788183763011
9788183763028
9788124604731
9789380655048
9788183763325
9788183763448
9788185082028
9789382059431
9788183763684
9788183763707
9789380663470
9789380663739
9788185046419
9788183764513
9788183764520
9788121224581
9789380642536
9788185208046
9788183761895
9788185211800
9788185931784
9788185843049
9789382059370
9789380615233
9788185771687
9788185753959
9789380615295
9788183705561
9788183705776
9789380618937
9788185495941
9788183741224
9788185431659
9788185402826
9788185294117
9788183761376
9788185211909
9789383101412
9788124108581
9789327241594
9788181524010
9789350533833
9789350537503
9789351251996
9788180695704
9789350537480
9788195009817
9788195012510
9788180695728
9788180697180
9788195076086
9788179757161
9789383968237
9788179757192
9788195161195
9789350300145
9789350300121
9788180691300
9788181524652
9789350251355
9788180690242
9789350537510
9788179757451
9789351251392
9789383243136
9789350301043
9789350537572
9789383793303
9789383864171
9789350300534
9789350537558
9788179756980
9788181521842
9788194891604
9788194891628
9789351252221
9788180697999
9788126546381
9789332703407
9789350537541
9788179757055
9789351252108
9789383158225
9789350500644
9789383284009
9789350301241
9789350501122
9789350535820
9789350980187
9789350980309
9788182050037
9789350535721
9789350535691
9789383692217
9789350535592
9789350535578
9788180520655
9789351251910
9789383101627
9789384402181
9789351251897
9788180696534
9788179759257
9789322008260
9789384402969
9789350980200
9789383284214
9788180696596
9788195288731
9788182050174
9788179758175
9788180690006
9788181580511
9788180696022
9788180696046
9788180696121
9789350536889
9789350536834
9789383101818
9788179860748
9788179758687
9789350181669
9789350536810
9788181582362
9788195551941
9789351251811
9788195619832
9788180696886
9789350536162
9789350535233
9788180695407
9789350301555
9788194320869
9789383285945
9788121200714
9788194216971
9788121513296
9788180690952
9788180692925
9788194216995
9788121513272
9789383784387
9788181471628
9788194244608
9788194247302
9788179104682
9789383784400
9788126703579
9789351252689
9788180693472
9789350302194
9788180693755
9789383784356
9788194216964
9788194216940
9789350530597
9788180691737
9789350981627
9788121512343
9788179101537
9788179101605
9788179101773
9789350303559
9789350980439
9788194114130
9789350532171
9788121513326
9788180692185
9788182052840
9788182052833
9788182052826
9788179103319
9788182052819
9788182052758
9788181521576
9788179104903
9789383784417
9789383252039
9788194556381
9788194340133
9789350502556
9788182050730
9789350301715
9788122412581
9789350500170
9789350537596
9788180694851
9789383252169
9788194802891
9788122412079
9788122412055
9788126536030
9788180695049
9788182050372
9788180698880
9789332703636
9789332704138
9789350500019
9789383252237
9789351248668
9788179105474
9789350740644
9789351250470
9789383784165
9788180694134
9788179753170
9789384502218
9789383359080
9788179755686
9789332704619
9788180699689
9788180690563
9789350980538
9789351248316
9788179754849
9789350502976
9789350532263
9789350501535
9788173048043
9789354420733
9788186791165
9788121500463
9788121917803
9788170173823
9788170304395
9788121942805
9789352533251
9788182050983
9788124600399
9788121506632
9789350904152
9788174791887
9788124608364
9788124608524
9789380615424
9788171690206
9788171416653
9789380318691
9788130712475
9788171690282
9789350502655
9789380428857
9789391208165
9788171676804
9788186562130
9788170187875
9788170187981
9788186318263
9788121227964
9789350981252
9789350406601
9789391139223
9789380318448
9789387587311
9789380642826
9789350981375
9788186771839
9789350981344
9788130717340
9788186771143
9789380298320
9788171690893
9788121226523
9788171415717
9788186623534
9789350530320
9788185141312
9788185141664
9788185170534
9789350502174
9788186264645
9788170189480
9788185753522
9788122007916
9788185484679
9788130700922
9788185938967
9789350501870
9789350501030
9789350980811
9789380615011
9789350501795
9788170195207
9788185445922
9788170194811
9789350501115
9788185832326
9788185832241
9789387587588
9788185689562
9788171418497
9789350501337
9789387587465
9788121512695
9788186227572
9788171417032
9789380626499
9788185375076
9788186211380
9788186208939
9788186208748
9789380565132
9789380626215
9788185375878
9788186208632
9789350500309
9788170189619
9788171417247
9788185421698
9788170209928
9788170209218
9788171417599
9789380565231
9788186030028
9789350501009
9788193984154
9789350980453
9788121942904
9788171699094
9788171699179
9788123912868
9789380864181
9788171699346
9788184354737
9789380918518
9788171788538
9788171789290
9788131803639
9788184353969
9788171880812
9788171881987
9788123918150
9788171882748
9788171699070
9789350537565
9789380852393
9788171698127
9789391928735
9788184552560
9789380752303
9788171697793
9789380752365
9789380752518
9789380752563
9789380852225
9789380752594
9788171698271
9788171698288
9789350537534
9788171698318
9788179100820
9789391985318
9789350561195
9788171882861
9789381406946
9789381234747
9788121212113
9788172112080
9788184113105
9788184113020
9788184112955
9789387297449
9789381159279
9788124106389
9789387266025
9789350902646
9788172330262
9788184110845
9788184110715
9789350740972
9788121513227
9788171884834
9789350562383
9789381030332
9789381052310
9789381052952
9788171886470
9788131609323
9789381084151
9789350565001
9789387436206
9789350973769
9788184204285
9789350729434
9789350740606
9789350740774
9789381141113
9789350537459
9789380752068
9788121222143
9788171693085
9788184774603
9788171692651
9788184671933
9789380748092
9788171692989
9788170183310
9788184578645
9788170183419
9788184578553
9788171693139
9788170180593
9788171693481
9789391504861
9788171693849
9789380748085
9788184873535
9788184577570
9788171692163
9789380655086
9788170184522
9789350531587
9788185054285
9789387587236
9788171692156
9788171692187
9789387587175
9788171692194
9788185024981
9789380731223
9789380731421
9788171692408
9788171692507
9789391622077
9788184577198
9788131609095
9788171696598
9788171696154
9788120326439
9789350535851
9789380748191
9788171696338
9788171696505
9788184570786
9788171695928
9788170006084
9788171696741
9789380748689
9789350536940
9789350537046
9788170005247
9788171695935
9788171695485
9788171694273
9788171694761
9788184576948
9788184576825
9788171694457
9788171694587
9788171694594
9788184576450
9788121933490
9788184574210
9789350533888
9788184575781
9789350534298
9788120805620
9788170129950
9788171695294
9788130717487
9789350300329
9788170223047
9788190717359
9788170338130
9788170841838
9789388415095
9789388415088
9789388415040
9788195288700
9788195290468
9788190712989
9788170993391
9789388414432
9789388409940
9789352220038
9788170337812
9788190626040
9788190583541
9789352501687
9789388415156
9789388415248
9788120350359
9788190821261
9788123019697
9788191006131
9788120351042
9788170803461
9788121299831
9788122411072
9788170804444
9789389381146
9789388540469
9788170811367
9789352017607
9788170812128
9789351251927
9789388540018
9788195161171
9789388332682
9789388332569
9788191008555
9789352776627
9788190044103
9788190007757
9788131105139
9788170999089
9788131105115
9789389845105
9788190002615
9789389845327
9789388332361
9788170999805
9788189983130
9789381617182
9789352837199
9788131104903
9788131104873
9789322008932
9788131105221
9789322008253
9788190115100
9789352702961
9788190383462
9788121296625
9788131105634
9788131105580
9788170337423
9788131105542
9788131105511
9788190208680
9788170997269
9788190208666
9788170998136
9788131105351
9789388173384
9789388173315
9788131105283
9789389350883
9789351711445
9789322008949
9788193439302
9789351431428
9788131602171
9789388891509
9788131602089
9788131602072
9788194247326
9788120417922
9789388881210
9788122426663
9788121506540
9788194293729
9788170353157
9788194483007
9789388859615
9789388812276
9788131601617
9789388937085
9789388937290
9788193523582
9789388937641
9788193945094
9789388982511
9789389110074
9788120352674
9789388982405
9789388982375
9788193945001
9788170355342
9788193998878
9788193772171
9788194083184
9788193746899
9788194116417
9788193713334
9788131603147
9788193307380
9788193279434
9789388754538
9789388789219
9789388789394
9788170351252
9788122412048
9788170350873
9788194867692
9789351710578
9789388789264
9789388789196
9788170352860
9789388789189
9788170350286
9788170711230
9789351710868
9788131503959
9789388754866
9788170801207
9788194793229
9788170351870
9788194749721
9788192490298
9788170410379
9788131601341
9789388789653
9788131603734
9788192745688
9788192715971
9789389341201
9789351252436
9788194556275
9788194556299
9789388789615
9789388789424
9788170495741
9788192665412
9789351710035
9789352940936
9789353029326
9788130717746
9788171396542
9789380028897
9789380031231
9789350183489
9789380031569
9789380031897
9788131606414
9788171396375
9788187877080
9788171397723
9788171397136
9789350183526
9788130928814
9789380069753
9788170248972
9788187606680
9788187526056
9788188237166
9788131100264
9788131100271
9789378313806
9789390588398
9788170285083
9789350142776