9788181466785
9789381217313
9788170236214
9788176014472
9789352501229
9788180060458
9788187496434
9788120331457
9789351288145
9789350250013
9789380601403
9788126532032
9788175544062
9788126475186
9789387578968
9788190340373
9788129111401
9788178082493
9788187111207
9788120605022
9788187680277
9788176930178
9788176018340
9788189766665
9789352501861
9788180619632
9789350258866
9789380565644
9788184485967
9788126729043
9788172080549
9788178080468
9789382146445
9788187107798
9789351525431
9789382846000
9788187107347
9788120605497
9788175967120
9788188224050
9788120807105
9788184481624
9788170580546
9788188204670
9788178803593
9788174465702
9788185107516
9788126538348
9788122404586
9788188951772
9788185636351
9788173811425
9788179070574
9788120348172
9788135683961
9788190210409
9788186706060
9789351112228
9788131706763
9788178801780
9788172731762
9788120777200
9788173913921
9789350502167
9789381301746
9788176291552
9788178542713
9789382565888
9788183071765
9788120613669
9789351521792
9789380902845
9788180387722
9789382471097
9788124601976
9789354656347
9788194879008
9788186514856
9788186471425
9789380138619
9788125040088
9788178981987
9788184500653
9789352703425
9788184501254
9788178352022
9788187478430
9789380902715
9789381221709
9788173030024
9788181522924
9789380049465
9788181522955
9788187879046
9788184501377
9789388257633
9788185832289
9789351523734
9789350465011
9788174468680
9788192510736
9789380902869
9789380902838
9789355180148
9789393674364
9789354790805
9788131604403
9788172702045
9788186782613
9788173200397
9788188204786
9788185199542
9789388881272
9788181523631
9789380902616
9789351119609
9789382395638
9789322008659
9789374953723
9788184501285
9788120804043
9788124301999
9788190781213
9788183244510
9788181714954
9788180611544
9788192155012
9789350251027
9788124606056
9789380902104
9789380902142
9788120615090
9788124111192
9788184500356
9788173200007
9789351116110
9788180304651
9789350513316
9789387648647
9788194522904
9788178240039
9788121511735
9788183702812
9788172930936
9788125036548
9788131602294
9788184112351
9788174454164
9788190402545
9789350909959
9788121508834
9788184113341
9789351118817
9789381176009
9788184354577
9789385077876
9788189886233
9788176463379
9788120322219
9789382630531
9788176256162
9789350026281
9788176760362
9788172700492
9788184112337
9788170330172
9788129510679
9789351115144
9788184110630
9788185931470
9789380704227
9788172334055
9788188643370
9788174143341
9788131602249
9788183292955
9788171324835
9788176299626
9789381136553
9788173025563
9788183210430
9788172050429
9788184112207
9789382471356
9789381523988
9788189267575
9789350247266
9788184501391
9788175251243
9788181710208
9789351524274
9788170352587
9789381325391
9788170354406
9788131102947
9788124606650
9788120820326
9789380573250
9789381325018
9788192012612
9789350251461
9788171392193
9789381714621
9788187067955
9789381301463
9788189235970
9789381416112
9788126508181
9788192430270
9789350726228
9789385909931
9789380326672
9788176462587
9788121506779
9788170339533
9789326350617
9789380704777
9788121104265
9789388337113
9789381484906
9788171694730
9789385909047
9788186419557
9788170521426
9788182209190
9788131604649
9789386310927
9788194393214
9788187036029
9788181580535
9788187107668
9788121925587
9789380902333
9788183421744
9788187588016
9788176212557
9788184354010
9789350903810
9789350286609
9788185274249
9788130915326
9788121108393
9789381484418
9789351116745
9788120619227
9788178798417
9788178542614
9788188805730
9788174533418
9788172158842
9788176467582
9789352020362
9788170020554
9788191080179
9789380731254
9789352700752
9788195680610
9789380318929
9788120814080
9789352700776
9789381574935
9789382974161
9789382460190
9788189738990
9789350741252
9788170333043
9788187782209
9788175054639
9788124608104
9788185026657
9789350502297
9788124601792
9788170309192
9788122424515
9788131604793
9788188569502
9789351521044
9788182203921
9789350133309
9789380902937
9789381136584
9789381189221
9788187332497
9789381189047
9789385999444
9789386806147
9788183702294
9788123768526
9788120613409
9788120500464
9788170999690
9789381416105
9788181914309
9788129514394
9788185019123
9788170354529
9788184550801
9788131601655
9788184111439
9789352701919
9789350741221
9788184112887
9788172051518
9788184352979
9788184353877
9788185990200
9788173717147
9788170814184
9788171106219
9788190728812
9788183422888
9788186852217
9788185091693
9788182522435
9789381138618
9789381136379
9788170336983
9789385909191
9788170355502
9788172612443
9788170582816
9788176115230
9788126548279
9788190416917
9788177421330
9789380318943
9788131606599
9788187943440
9789381138786
9788184114676
9789383575350
9788120833937
9788170999980
9788181521170
9788183243254
9789384649234
9789382630197
9788181523624
9789381523353
9788177907957
9788183875141
9788172333904
9789350359839
9789350741245
9789380902432
9788170354420
9788131521069
9788131603956
9788176463614
9789386618207
9788183150675
9789386056856
9788186208212
9788131603765
9788176483537
9788170351368
9788186469118
9788120343702
9788183700900
9788178790558
9788178792729
9788184112900
9788173156786
9788170337881
9789352025718
9788182749108
9788126126293
9788178297453
9788131602546
9789380031934
9788170357759
9788179940129
9788126726264
9788183283250
9788185141589
9789388958240
9788172737481
9789381991763
9788176760683
9788184200126
9788123013138
9789350531419
9789384649609
9788185133942
9788170595076
9789382443551
9789382563112
9788121803656
9789354168055
9788129500571
9788129301239
9788174350763
9788193310205
9789382127604
9789350742037
9788173055867
9788129108456
9788172701376
9788170357988
9788172611064
9788184515763
9789356611290
9789383864522
9788182746688
9788131301777
9788177420425
9788186514290
9788131219775
9788170949657
9789381136812
9789380318936
9788184352993
9788176484398
9788126159345
9788131262177
9788126406067
9788190738699
9788178541433
9789381136072
9788183285315
9788123009070
9788190116251
9788120346383
9789350742099
9789380031996
9789385302039
9788170994565
9788184550962
9788183241274
9788173044342
9789387472334
9789386761286
9788190210003
9789350252697
9788172702878
9789381406038
9789386228369
9788190171335
9788126909711
9788185094458
9788175969186
9788130920672
9789350905067
9789386056290
9788170355533
9788121510035
9788131253472
9789380677736
9789390658060
9788171322503
9788171921522
9788124601679
9788184050516
9788126132676
9788172700980
9788192485454
9789381839133
9788183240987
9789353166274
9788179754078
9788126900275
9788189886073
9788183602310
9788170339953
9788181522665
9789380252162
9788181970183
9788121505826
9789387284135
9789386223623
9789386223678
9788191024876
9788170210900
9789383864010
9788172054434
9788170804963
9789350742617
9788184112214
9789352132775
9789380033662
9788170357445
9789352021710
9789381226063
9789381156193
9788184112863
9788170173243
9788174370198
9789386618535
9788189233488
9788186190708
9789381212196
9788131304730
9789386554857
9789387496767
9788121299466
9788176113496
9789383316540
9788183873758
9788121205559
9788131602911
9788126701537
9788186339091
9788189886363
9788183242806
9788185091099
9788183704427
9789351524243
9788185689975
9788191056952
9789386262721
9788189000219
9788188617012
9789350904169
9788121508001
9788131313411
9788171690572
9789351523116
9788174876270
9788194897828
9788121101301
9789382630630
9788189131258
9789381325278
9788120611467
9788172248819
9788183240109
9788120603639
9788131607350
9789381136423
9788186791387
9788172054618
9788128807169
9788120314757
9788186775974
9788189630058
9788170248088
9789381136126
9788187330080
9789380752051
9788172732929
9789350257692
9788131600337
9788122412093
9788177587395
9788170750895
9788173914492
9788191008920
9789385676017
9788126130269
9788181500076
9789382281009
9788190804608
9789380252971
9788123787237
9788174451750
9788170556640
9788189396145
9789386551672
9788185054377
9789380138916
9788172156954
9789385302077
9788120349773
9788188683772
9788126909698
9788124610978
9788183701334
9789384625962
9788182200036
9788176114165
9788130905334
9789387693210
9788183243636
9788183703741
9789380012629
9788181520357
9788126164776
9788120722187
9789384502195
9788181980359
9788123719511
9789388409278
9788170354833
9788120836167
9788170306276
9788172013325
9788125040224
9789355481108
9788190995009
9788120615397
9789390658381
9788192932712
9788120620537
9788176482127
9788131605400
9788190210492
9788176018630
9788188934522
9788175966284
9788126113736
9788184500134
9789380472706
9789386551177
9788170339168
9788183241533
9788125064435
9788186211342
9788126135196
9789350249406
9789350671283
9788185819099
9788131607121
9788178795539
9788183390941
9788193330685
9789380252308
9788176372589
9788178541396
9788183422260
9788186089088
9788126524488
9788170304333
9788171021437
9789383723393
9789350848036
9788170950783
9788176480338
9788176113472
9788126145140
9789331317872
9788188827145
9788170358121
9788190884112
9788172612641
9788124603635
9789380731438
9788173056086
9788184030525
9788194937227
9788120813762
9788183772457
9789380833309
9788122116496
9789382206255
9788131603246
9788120610101
9789381608760
9788187107064
9788189500436
9788184502602
9788171699278
9788181521798
9788120804500
9789351523635
9788174364401
9788170308454
9788187153214
9788184555127
9788176483612
9788187393054
9788187036739
9788126132515
9788176223737
9788192493107
9788193248102
9788182902312
9788170999126
9788187680185
9789383575183
9788178794907
9789380318912
9789381162477
9788121205405
9788121205412
9788171698851
9788121205429
9788176482462
9788124119990
9788176482189
9789388028783
9789385516115
9788184553024
9788184112412
9788186230152
9788125055167
9789350970058
9789350501085
9788176480567
9789381843406
9789387809734
9788181521033
9788129116161
9788121100915
9788170353751
9788187780458
9788181521316
9789384052409
9788172764944
9788178796093
9788183422901
9788176113724
9789381608593
9788192229065
9788170336723
9789350000274
9788183701259
9788189866983
9788189942670
9788172146078
9788185119830
9789380252148
9788174873941
9788176060578
9788126110834
9788183701129
9788175971448
9788124609842
9788170339137
9789382396505
9789380836454
9788175331662
9789380252124
9788183690133
9788178359298
9789380663548
9789380252209
9789380252100
9789352703845
9789383980567
9788183422062
9788178540610
9789380252285
9788170214632
9789380252223
9788183702218
9788125020455
9788183701501
9788192022796
9789380252087
9789380252926
9788190110310
9788124606896
9789383243228
9788189297060
9788120335691
9789350907320
9789352702091
9789386322265
9789350258040
9788129117762
9788126126279
9788184115154
9788170821205
9789380308388
9788189612139
9788124120064
9788186937907
9788184352986
9788181431363
9789385462986
9788126111916
9788181520869
9788189612412
9788131105344
9789388409742
9788189612429
9788132102915
9788170998655
9789380317489
9788126128273
9788131602683
9788190662406
9788182904040
9788126108497
9788183606011
9788187909125
9788131531358
9788184555134
9788173800955
9789380833460
9788170792963
9789386224163
9789389188424
9788192044606
9788176116077
9789385000836
9788183422079
9788126126200
9789382299523
9788188934744
9788120610392
9788124606995
9789351072393
9788178797366
9788181521873
9788174880567
9788174880574
9789380037196
9788189899271
9788193909492
9789386551719
9789389137644
9789389136227
9788183704335
9788178795195
9788170354789
9788184554083
9789351529118
9788176482219
9788178794914
9788176482134
9788129115218
9789386761170
9788181521507
9789380601014
9788172933661
9789380833057
9788131258163
9789386150776
9788120339293
9788120339637
9788186939185
9789383252817
9788190805506
9788178797069
9788170210085
9788191085143
9789380162546
9788126568161
9788191005967
9788120310490
9789383243235
9789383660377
9788181521262
9788187067528
9788178840727
9788180618604
9788180568053
9789383723454
9789383784202
9788170194798
9788178540993
9788121265430
9788192173818
9788170354185
9789313199762
9788184030280
9788120810853
9788195619849
9788172933913
9788173056215
9788195042739
9788183740609
9788184555271
9788124606803
9788183424332
9789382220343
9788184957990
9788174530448
9789389347852
9788183690287
9788175860957
9789352864348
9789386551047
9788176110495
9788170355366
9788131602454
9788184504156
9788170356257
9788170998693
9788131211915
9789381136492
9788170861225
9788131249024
9789387863453
9789350247228
9788188934706
9788131305553
9788131308813
9788130711867
9788184113150
9789351070689
9788171885077
9788131601853
9789327269765
9788120417328
9788172157722
9788123721996
9789382443667
9788184891409
9789350863985
9789380318165
9788131605028
9788187981114
9788185753621
9788170249023
9788183302593
9788131605585
9788170305330
9788183240796
9788176484459
9789386200020
9789382711711
9789382711759
9789382711926
9788170995555
9788176472791
9788183246026
9788176482578
9788183335980
9788125060536
9788182901858
9788186793886
9788176113229
9788176113595
9788126101627
9788176115186
9789351461050
9788178236308
9788193448083
9788182522886
9788182749085
9789352709885
9789351521235
9789352533183
9788171921317
9788194401810
9788171798025
9788184430363
9789381421307
9788126105953
9788180615979
9788125063124
9789381421352
9789381421338
9789381421284
9788184353013
9789381421239
9788184501261
9789383447633
9788184202670
9789380852218
9788184115550
9788188934980
9789383158799
9789380772059
9788189304805
9788189928353
9788183423090
9789380702094
9788183701235
9788185305011
9788185622194
9788181521583
9788183701433
9788184980530
9789352705177
9788189798949
9788126117918
9788183703581
9788183746328
9788124603062
9789381906859
9788184553321
9788121248662
9788124119907
9788184551907
9789382885115
9788189588014
9788181478146
9788184503883
9788125053620
9788184502756
9789380026190
9788184502725
9788190712996
9788181477958
9788178795980
9788192745633
9789385462474
9789351112563
9788131600641
9788193054802
9788170421450
9788131601426
9789385961120
9788173055485
9788131602409
9788176484763
9788170355083
9788170355076
9789385462948
9789389136364
9788176258555
9789385360619
9788177421224
9788177563375
9788178240800
9789385285950
9788170304326
9788178542287
9788170249757
9788192070018
9788170248965
9788178795850
9788131607206
9788131254080
9788176223249
9788131607268
9788122415056
9788173049712
9788173044175
9788172735654
9788173719981
9788172702656
9789322008352
9788172521196
9788172333744
9788172158439
9788174367426
9789332703803
9789351250999
9788120817425
9788131249116
9788129516855
9788129519252
9788129708502
9788175967816
9788193842591
9789386392688
9788170999218
9789386245229
9789388241038
9789388372992
9788131246306
9788126908639
9788178796512
9788173054358
9788179915349
9788131608265
9788131805954
9788179751770
9788179653180
9788131733660
9788170070030
9788191063523
9788131709948
9788170175537
9788121801225
9788121298377
9789384588939
9788178797380
9788120613867
9789350252406
9789350903629
9788120339453
9789383316083
9788123916460
9789395449588
9789351223979
9789392340413
9788194991335
9788170995203
9789386243546
9788190712958
9789351980353
9789386655691
9788183422307
9788189643362
9789350252772
9788171012480
9788184201604
9789381162538
9789386761224
9789387894921
9788183421218
9788183393201
9788131246580
9789386235589
9789350302347
9788184483536
9788184482782
9788131503089
9788183284967
9788131500583
9788122427677
9789386223029
9788131609187
9788126904433
9789351484868
9788181437136
9788173049170
9788131248799
9788184354041
9789386235459
9788124610824
9789381212189
9789382460671
9788183702454
9788172338817
9789332556065
9789382281047
9788171884841
9788187812982
9789353438913
9789350742495
9788126518166
9788172735722
9789381748305
9788120305991
9788172731427
9788126516537
9788173813320
9788128700095
9788124119662
9788183990844
9788183990806
9788173806711
9789332559547
9788129118646
9789381212622
9788189149789
9788130901725
9789383808595
9788183703864
9788126533695
9788193882948
9789351104292
9789350024911
9788130713922
9788129702067
9789332704749
9788171675005
9788175332522
9788187498872
9789381868324
9789351252825
9789332705258
9789332704930
9789353571443
9788188836758
9789332704497
9788181521378
9789350740477
9788176501750
9789390658497
9788126123230
9788121000536
9788178793405
9789388982498
9789385462078
9789380376110
9788182053229
9788188836383
9788170338628
9789384649562
9788121501163
9788177421637
9788131608890
9788188836338
9788184846751
9788170304661
9788184956832
9789384053000
9788177569506
9788186019221
9788177581737
9788131605714
9788122007299
9788131603994
9788121248655
9788178540313
9788176500470
9788120327221
9788176488839
9789350531686
9788176482141
9788178796574
9788170005421
9788170005728
9788186737002
9789350740583
9788123756851
9788185822877
9789350302910
9788181712783
9788126578436
9788123755649
9788185026961
9788186706671
9789385724428
9788131604632
9788170338093
9788170006428
9789383099610
9788188643455
9788181520937
9788170231912
9788188836734
9788183242295
9788184489026
9788170305057
9788129112569
9788171887279
9788170307747
9788187680314
9788131605578
9788184112085
9788170309208
9789381523148
9788170005278
9789387284111
9789381604687
9789380031941
9789380031965
9788173042324
9789380317434
9788172736545
9789380031972
9788170194378
9788170243984
9788189612696
9788170249108
9788172730307
9788183877602
9788131609804
9788172612177
9789350906460
9789380540825
9789350971888
9788131605806
9788128818301
9788185749990
9788188965779
9788170332053
9789380250472
9788184555493
9789381136058
9788131787960
9788121265416
9788187359654
9788184553161
9788188836628
9788121511759
9788120353480
9789388511278
9788188836697
9788188836970
9788184502978
9788131313336
9788131601907
9788184502497
9788121265157
9788170669708
9788184481891
9789380833293
9788170005230
9788184500462
9788184500882
9789381136157
9788184576917
9788185708195
9788184203349
9788185458540
9788188237739
9789381406366
9788187606598
9788185113227
9788184113891
9788185078052
9788187498810
9788170339496
9788123778457
9789354358234
9788184114355
9788184114546
9788130901534
9789381212714
9788185026749
9788130917337
9789350142813
9789380731360
9789351242895
9788184202120
9788184202786
9788184577709
9788186791226
9789380031927
9788126406555
9788193555408
9789386262448
9788183422727
9788176114646
9788178795478
9788181980298
9788176113878
9788126909650
9788192054940
9788178796260
9788178796550
9788178796680
9788183701662
9789386551085
9789386551757
9789384649616
9788183700542
9789386608062
9788178886527
9789383252343
9789383989485
9788194293743
9788174369826
9788126908837
9788183421881
9788190100038
9788125007029
9788177583250
9788177585414
9788178296906
9789352544868
9788126110506
9788183150330
9789385494130
9788176488556
9789385161926
9788183241960
9789385957031
9789382968702
9788176482011
9788176480765
9788176480260
9789351527411
9789382792291
9789351710912
9788193107416
9789386223050
9789386235329
9788174364371
9788182522428
9788126509294
9789382135159
9789383784028
9789382135043
9788183702393
9788194991397
9788173201646
9788173719271
9788174353597
9789382127154
9788121200400
9788183703406
9789353029494
9788126528813
9788183703338
9788120340503
9789387284562
9789352533770
9788174363473
9788173049705
9789350900833
9788190164009
9788126118267
9788173201615
9788120813465
9788126118854
9788126119073
9788170661269
9788176480659
9788120347137
9788123910437
9788131605226
9789385995446
9788176461467
9788126523030
9788180690976
9788178540573
9788126119875
9789380854229
9788176115704
9789381030349
9788183703390
9788131247112
9789386235350
9789380026404
9788123915838
9789385161131
9788176220903
9788176222075
9788126134724
9788183301121
9789385161292
9788121108980
9789386223012
9789388540506
9789390435937
9789390435746
9788131601082
9789381891056
9788170304494
9788126115518
9788170336914
9789395449083
9789350534410
9788188836468
9788183772662
9788185095639
9788182903883
9789350515891
9788184574289
9788188836352
9788177421378
9789350980590
9788183772389
9788178242071
9788177551075
9788170354062
9789350501764
9788170340126
9788184896480
9788122007732
9788131603642
9789352700233
9788185015538
9788170351047
9788131604137
9789389342833
9789385462436
9788184553642
9788185141107
9788131604854
9788123925646
9789380618029
9789395449106
9788188237586
9789380817286
9788124603116
9789380618951
9788170356929
9788126113835
9788185375519
9788170337287
9788120349766
9788170337652
9788188836666
9789389587081
9788184551686
9788131602621
9788184552584
9788176487832
9788187879206
9788126515240
9788189738839
9788186264256
9788176483056
9788189986193
9788189612634
9789383992676
9789381234129
9788120338272
9788131607299
9788188955848
9788181523068
9789386322319
9788121295512
9788120806535
9789351248576
9789353500405
9788131609965
9788187966012
9788184112467
9788174950543
9789350141502
9788126551361
9788183422024
9788172334208
9789381421277
9788170171829
9788183701228
9788189886097
9788170174516
9788129508997
9789383221080
9788184112641
9789384649302
9788184113082
9789383316748
9788172361365
9788131608241
9788187644873
9788171641062
9788170194194
9788184030129
9789339221195
9788189766726
9788171194520
9789381574522
9789380428468
9788170249399
9788180690747
9788123764924
9788183422345
9788172018245
9788174367655
9788183422338
9788183422314
9789395449007
9788187169017
9788170249832
9788170248781
9788181437303
9789390692873
9788183701952
9788170248309
9789388176484
9788174456984
9788171307623
9788184114713
9788170244349
9788131727973
9788178542812
9789382579076
9788121105927
9788187330028
9788179860908
9789395449779
9788187418528
9788126540631
9788179941232
9788121109567
9788177831931
9788131725191
9788131609224
9789384106935
9788126720491
9789389423051
9789350741917
9788190974288
9788131604229
9788185573045
9788131604717
9788170245681
9788188204748
9788178540672
9789380318950
9788186505465
9789380704050
9789380031132
9789380340074
9788121202633
9788178541907
9788131606070
9788187812869
9788131606247
9788170249900
9788120343665
9789352210558
9788126124923
9788120340282
9788185264462
9788121929967
9788131604892
9789350741092
9788192219530
9788170194170
9788178797212
9788186986844
9789350906965
9789383158638
9788170219910
9789380618760
9788178797168
9788178796987
9789380012018
9788126526444
9788178796086
9788131606285
9788173199226
9788121512671
9788175413931
9788171412334
9788126909773
9789382443865
9788189886455
9789381234181
9788184113754
9788175412996
9789386608208
9788194065494
9788171548620
9788194116295
9788175332195
9788171691166
9788129511935
9789351247869
9788183422949
9789386262929
9788121213158
9789354437656
9788184114805
9789350251904
9789381141434
9789351243007
9788193513910
9788171106479
9788171106271
9788171105502
9789381136591
9788171103577
9789382471752
9788176115650
9788189239039
9788194293712
9789388264860
9788189757885
9788174210814
9789386611659
9788172700232
9788173812804
9788120810464
9788173625305
9788172930462
9789386608253
9788173043215
9788183746182
9788195009879
9788183797382
9789353165116
9788173150678
9789382171324
9789352874705
9788172336714
9789326350884
9788184110937
9789327225525
9788183701679
9788183701648
9789327297942
9788184111965
9789381574133
9788184112238
9789332549982
9789386611048
9788126917372
9788190764322
9788171698066
9788170998785
9789352028917
9788131603284
9788176481373
9789383096572
9788183241540
9788125063971
9788121205511
9789380852898
9789382885016
9789389152142
9788184551358
9788176464055
9789386237002
9789382968658
9788170623304
9789380852515
9788184554106
9789380852362
9788120608054
9788131601310
9788184551914
9788183150170
9788131508565
9788131601709
9788176372718
9788170353133
9789380930053
9788184354072
9789351480761
9788131603680
9788184354232
9788120408456
9788121265195
9789350303603
9788120416482
9788170804031
9788176295369
9788176483957
9789382711858
9788184354744
9788184354775
9788121205603
9788171921584
9788182748941
9788126917907
9788121512046
9788170941156
9788126017287
9788121904933
9788188827428
9788188826346
9788190757768
9788189738969
9788189738266
9788190193696
9788190638876
9788122007800
9789351710462
9788188683918
9789350500347
9788190691925
9788121512558
9788122433791
9789352878468
9789350404249
9789350501290
9788192222738
9789332518599
9789350004784
9789350402801
9788188836765
9789352837182
9788123734194
9789380031903
9789350144343
9789351243083
9789351710844
9788122007404
9788192698366
9788190255813
9788192125459
9789354655807
9788122421781
9788193110263
9789350252048
9788189972400
9789350025420
9789380012247
9788193665701
9789380031866
9788189126001
9789351249931
9789350022344
9788192173856
9789350534595
9789350741818
9788191019278
9789350303214
9789332704732
9788123017686
9788190995054
9789350303740
9788188934553
9788131609859
9788187107002
9789383181353
9788181478993
9789383284054
9788180696435
9789383284276
9788180694479
9788171395002
9788180522987
9788131100301
9788180520907
9788180520754
9788171397426
9788126515370
9788171397433
9788180310430
9788180302411
9788126533114
9789383793273
9788130910123
9788126565405
9788121105989
9788130900803
9789384502027
9788130717432
9788130702926
9788129300584
9788181521248
9788131103609
9788171696178
9788182050563
9788183700771
9788170358138
9788124608593
9788124608975
9788131601457
9788131601297
9788120611900
9788170493709
9788170494270
9788170592730
9788170803072
9788170805212
9788131249086
9788170893394
9788183249577
9788131203033
9789388248051
9788131105337
9788170998709
9788131105023
9788171012961
9789383098569
9788126115396
9788126139422
9788171104413
9789384588502
9788178800745
9789382396116
9788176256315
9789386223548
9788176250597
9789386223579
9788176225182
9788176223638
9788172931476
9788176117616
9788176117609
9788173200106
9788176116336
9788126922741
9788176114622
9789386262868
9788176112307
9788120819856
9789386478665
9789386551481
9788175412309
9788175349339
9788173712531
9788173719455
9788174871404
9788174462817
9789386611178
9788174351203
9788126904655
9788172702540
9789384721947
9788172701727
9788178796352
9788178796192
9788178796178
9789385161063
9788171697229
9788129119520
9788171698325
9788171698578
9788178352008
9788171698592
9788121000956
9788186852002
9788171885282
9788177562767
9788120838123
9788120807655
9788172154806
9789385462030
9789385909016
9788176483513
9789385936289
9788126901340
9788176466264
9788176373043
9788176372640
9789382396222
9789386611208
9789381212707
9788131603871
9788120346482
9788170308393
9788170007517
9788185170602
9789389776478
9789389563252
9788185273983
9789381301142
9789389412215
9789380626604
9788131604526
9789381406304
9789380626567
9788184550351
9788185425276
9788170339267
9788185616865
9788131604069
9788131709306
9788185026077
9789380731155
9788184114119
9788184572247
9788131608326
9788184501216
9788123909226
9789380864082
9788170193425
9788131609934
9789381136577
9788121213363
9788123781853
9788170306818
9788170300502
9788184620207
9789381212646
9788170302346
9789382171331
9788184620696
9789380741321
9789380731391
9789389347500
9789381406373
9788131610213
9788186660317
9789380536743
9788186230688
9788170354888
9788170355755
9789381574805
9789395449045
9788170356455
9788183767347
9789395449090
9788131602102
9788131603291
9788183746731
9788183703901
9789382059882
9789382126607
9789380317120
9789382135128
9788183702348
9789382171201
9789395449182
9788120352223
9788170175391
9788186208656
9788184030587
9788170353546
9788170352846
9788184110920
9788185990767
9788186017623
9788170353942
9789381748275
9789381763193
9788184110944
9788131603406
9788186505373
9788170086413
9788192304625
9788183334419
9788123027883
9788186230046
9788190723763
9788170173649
9788172240332
9788170173557
9788131608562
9788173200724
9788170003427
9788173200779
9788172332983
9788194991120
9788172339845
9788172334024
9788172337902
9789325961203
9788195759033
9788172611033
9788173814808
9788122406535
9788172860776
9788194975748
9788170005414
9788170020011
9789350303627
9788172150402
9788170338529
9788171395439
9788122006438
9788171394982
9788171394975
9788171394111
9788171326037
9788171322695
9788131103487
9788171106707
9788170353676
9788171092574
9789350501627
9788170998891
9788131603024
9788194849018
9788131602485
9788170355984
9788170820116
9788131255070
9788131534434
9789350350300
9788170358671
9788170357117
9789350144183
9788121943215
9788131608180
9788170337751
9788171885947
9788171698639
9788170193913
9788170196822
9788170211716
9789350740910
9789332704640
9788171696444
9788171696321
9788131607435
9788170222231
9788170246497
9788171696307
9788170303237
9788171693276
9788171419197
9788171418688
9788170305118
9789350537053
9788171412556
9788171412259
9788171397860
9788170332091
9788131105566
9788126722334
9788174355232
9788184110722
9788189652432
9788183874335
9788189630539
9788183875059
9788183877053
9788124118009
9788184110104
9788189497286
9788189131487
9788184111484
9788184112122
9788184112528
9788184112603
9788184112795
9788184112818
9788184112931
9788189652630
9788189738181
9788183870719
9788183796453
9788183421485
9788183421706
9788183421713
9788183423373
9788124610480
9788183423908
9788183424295
9788183424318
9788183424387
9788183424462
9788183602167
9788183700504
9788189866075
9788124605424
9788124604342
9788189233402
9788189131371
9788174456052
9788184893823
9788123903026
9788184541601
9788184550757
9788184552676
9788184553512
9788184554328
9788188836406
9788185163536
9788184113457
9788185170619
9788185731315
9788185771823
9788185832128
9788186505793
9788186565681
9788186737392
9788123913391
9788184354546
9788184354270
9788184351118
9788184113464
9788184113945
9788189110291
9788189012434
9788189011550
9788184114096
9788184114157
9788184114218
9788184114638
9788188934836
9788184114669
9788184114690
9788184114737
9788184114898
9788184204087
9788125015796
9788183390125
9788190115155
9788177585841
9788193035597
9788126901098
9788193022511
9788177420890
9788192496702
9788192493114
9788192485430
9788178350295
9788183304108
9788178350325
9788178356365
9788178357515
9788178358765
9788192125497
9788126716289
9788178540702
9788193056950
9788176466738
9788193081211
9788176465984
9788126916962
9788194194279
9788126913961
9788194194200
9788175962187
9788176112741
9788176113113
9788176115544
9788193378878
9788176124263
9788176222747
9788176224550
9788176298469
9788176298933
9788176299909
9788178791722
9788191085204
9788178802145
9788180692444
9788180699047
9788190595216
9788190439879
9788181524232
9788181891211
9788126330423
9788126117574
9788126102440
9788126048755
9788126025800
9788126021970
9788182882508
9788126001743
9788183213028
9788183247030
9788180695612
9788180692253
9788191063516
9788180616778
9788178803463
9788178803869
9788178806884
9788178849249
9788126705719
9788179759516
9788191008500
9788126547074
9788179922712
9788126539789
9788126519996
9788126508327
9788190804691
9788180522185
9788180522758
9788182200487
9788182054417
9788121703277
9788120811805
9789382171041
9789382126997
9789382126966
9789382126089
9789382059622
9789382059226
9789350981658
9789350981672
9789381991206
9789382171249
9789386906090
9789381868218
9789387214194
9789381574904
9789389137767
9789381406137
9789381301043
9789381212776
9789382171195
9789382171256
9789385462450
9789382885603
9789385509520
9789385909337
9789385957086
9789385957338
9789385957383
9789382968979
9789382968757
9789382968450
9789382885580
9789382332985
9788120832657
9789386141064
9789386223074
9789386262257
9789382460152
9789386554789
9789386578488
9789386611109
9789381138762
9789387436213
9789381136911
9789352102280
9788121266222
9789354093869
9789389423082
9789353436599
9789389423068
9789389423037
9789352838301
9789388317016
9788121407922
9789381136607
9788121500234
9789351711742
9789388789301
9789388789400
9788120615298
9788121504935
9789351252658
9789351252917
9789354659973
9789387894952
9789378313530
9789380031583
9789381136119
9789351118107
9789390660827
9788120806368
9788120806153
9789380731841
9789351247531
9789380633251
9789390544332
9789380615189
9789380326191
9788121237741
9788121238175
9789380261911
9789390095254
9789380179841
9789351251187
9789391642006
9789381406380
9789383252176
9789391950682
9789385000768
9789383202744
9788121201957
9789383316618
9789383793228
9789393674227
9788121513036
9789391985042
9788121104715
9789393674128
9789384463434
9789393674562
9789383514274
9789391985165
9789393674142
9789385302084
9789393603050
9789383692729
9788121701891
9788121104937
9789391685096
9789383098729
9788131805015
9788182743601
9789390595167
9788170121084
9788125031420
9788120340237
9789381406281
9788187392828
9788124608586
9788171397792
9788130927527
9788180431012
9788171397365
9788171397785
9789387671195
9789387671126
9788171397778
9788188836567
9789380179650
9789355181039
9788121109222
9788126515257
9788187818311
9789380106922
9788187812210
9788171393916
9788131100325
9788188827169
9788131100318
9788178801155
9788188827435
9789387799240
9789378314414
9788188827732
9789388002592
9788187928263
9789380033679
9788188827756
9789355945532
9789355945303
9788171397815
9789383096602
9788171397839
9788171398119
9788185891026
9788185860367
9788185832418
9788185708232
9789387587625
9788121229265
9788185396606
9788185297767
9788121101219
9788185170541
9788180693779
9788185094656
9788171691739
9788185026886
9788171692354
9788180694127
9788171693108
9788184578454
9788184576771
9788171418183
9789387587649
9788186208311
9788186921494
9788187317777
9788171398546
9788171398577
9789380199320
9788188934225
9789383575848
9789380261225
9789387648753
9789387587908
9788130711874
9788130901589
9788186791103
9788130718002
9788186771747
9788180690631
9789380317458
9789380318615
9788171416783
9788130904399
9788171324903
9788131101872
9788178840710
9789351710301
9788131600368
9788192430256
9789351710356
9788192226606
9789384502324
9788122436181
9788192102351
9788192075297
9788178807737
9788170554875
9788170801726
9788121407830
9788121299817
9788190821377
9788131249963
9789352072897
9788170841364
9789352080205
9788178803807
9789384502492
9788178900797
9789354390784
9788170358602
9788194085041
9788193766910
9789388937610
9788122419948
9788193539569
9788193431139
9788170357773
9788170358015
9788122425949
9788170358688
9788192665436
9788193192252
9789351523338
9788122430172
9789351528005
9789351529521
9788192693965
9788170492634
9788192668987
9788170494911
9788190638838
9789352533008
9788178803524
9788171324101
9788171243679
9788131103470
9788131103166
9788189320140
9788121266741
9788189233693
9789388008235
9788189131913
9789353883485
9789353945466
9788190216012
9788180315954
9788189110499
9789388008198
9788184573497
9788178801391
9788189110239
9789388008129
9789354356001
9789354390265
9788171199013
9789388043755
9789353240851
9788189612146
9789388264884
9789352551125
9788131105290
9788120795136
9789388162623
9788131105108
9788189983246
9788189981563
9788189981365
9789384082239
9788171021062
9788189866914
9788123712956
9789353240219
9789353240523
9788131104354
9788189630379
9788131103982
9788178803302
9788171695300
9788184552904
9788171696000
9788175364639
9788183569415
9788174456106
9788183566209
9789386611154
9788174457479
9788183564991
9788178351476
9788183564076
9788178311852
9789386556028
9788183423366
9788175418257
9789386552921
9789386551511
9789385302091
9788183423663
9788126909810
9788183423625
9788183423618
9788183423601
9788174456045
9788174456038
9788183701303
9788178351483
9788173200434
9788173201370
9788183762434
9788173421723
9788173716973
9788173717000
9788173717253
9788183741910
9788121202107
9788181524041
9788183702850
9788181524072
9788181524256
9788181525031
9788178351544
9788178351513
9788178351506
9789386611307
9789386611239
9789386392404
9788176113182
9788173055904
9789382974857
9788177544602
9788183245999
9788176466431
9789383101290
9789382968955
9788121202770
9788176467933
9788120833432
9789382974765
9789385995354
9789386283559
9789385995330
9788121202787
9789385957345
9788121202794
9789383098880
9789382974949
9788182902138
9788182900561
9789383096992
9788177557497
9788176465564
9788176465359
9788120839533
9788126909087
9788183422017
9788178241159
9789386235749
9788183421683
9788183420679
9788183420662
9788176223270
9788183420105
9788176224598
9788183391931
9788183391573
9788176250887
9788183391542
9789386223357
9789385302305
9788183304771
9789385302336
9789386102393
9788173056277
9788173055355
9789387537712
9789381136515
9788184370737
9788121213882
9788171828449
9789380935812
9788184351859
9788178791739
9789387436244
9788172030339
9789381136508
9789385152498
9788181439000
9788178543482
9788180696688
9788121213370
9789385161469
9789381209110
9789381212066
9788121003247
9788184113402
9789387376793
9789387436558
9789380852805
9788184485066
9788171698585
9788171696680
9788171696802
9789380748498
9788171697137
9788184553420
9788171697397
9788179101254
9789387537224
9788184552003
9788171697892
9788171698035
9788121220576
9788171698219
9788178795317
9788171698455
9788178795119
9789387496408
9788121100830
9789380836850
9789381406144
9789381406434
9788183765091
9788173025648
9788172736279
9788172762773
9788172763732
9789386761958
9789386761354
9788173024603
9788173024610
9788173024627
9788173024641
9789382006107
9789381406854
9788173025716
9788173040450
9788120811720
9788173043208
9789382006145
9789382006688
9788183765770
9788183765282
9788126718351
9788172735852
9788183872706
9789386768636
9788172731052
9789381574881
9789383252558
9789381574980
9788184110890
9788181521088
9788172333331
9789387214002
9789381763346
9788172336455
9788184030068
9788184030006
9788172338183
9788172338251
9788172611842
9788172681845
9789381868201
9788183875035
9788172702236
9788178353586
9788194194224
9789380752082
9789350300305
9789389347753
9789351242888
9789351242673
9788170006534
9789351251446
9788131758625
9788121511995
9788170309055
9789391685140
9788122412246
9789350300510
9789350301029
9789327229868
9789350301371
9789327220650
9788170183570
9788170183730
9789350980392
9788170301769
9788170352051
9789350301388
9788170352099
9789332701311
9789389341188
9788170352907
9789350180174
9788194447429
9788121509541
9789389341256
9788194538790
9789350181355
9788170249498
9789390620548
9789350537091
9789350537077
9788170249177
9789351246466
9789390660193
9788170005254
9788131901236
9789350004647
9789333323352
9788170339113
9788170337294
9788121509916
9788122407150
9789350501559
9789350501436
9789389449709
9789350303412
9788195551903
9789350500798
9789389184211
9789350303726
9789350303979
9789389165807
9788170197102
9788121512428
9788121702157
9788170220077
9789389350845
9789350145661
9789350502389
9789350302125
9788194991366
9789350909454
9789391490522
9789350908617
9788131715895
9788131604250
9788131719275
9789350502853
9789351110095
9789350501863
9788173044328
9788126918706
9788173043864
9788121907132
9788184485103
9788124114780
9788120820845
9789380704036
9789350905142
9788183332439
9788184487640
9788173051777
9789389423075
9788184578683
9789380467924
9789380534503
9789351250326
9789350302453
9789380534237
9788183771061
9788183767354
9788186339107
9788183767217
9789382006763
9788183765664
9788183765657
9788183765626
9788173048937
9788183765510
9788186562321
9788183765473
9789386682772
9788183765398
9788183765381
9788173049835
9788186339381
9788183765312
9789380428802
9788173052651
9788173052958
9788183764759
9788173055164
9789380318639
9789350302446
9789350302439
9788183870528
9789380540078
9789381843307
9788172612085
9788183876414
9789350301760
9788172682521
9789387155848
9788183875899
9788183875769
9788171418077
9788183875165
9788186047231
9788194216926
9789386827555
9788172730956
9788183873697
9788172731236
9788130701134
9789386806215
9788120810679
9789350302033
9789351250302
9788183871518
9789386722607
9789350302200
9788171416981
9788173024634
9789350302262
9789350303313
9788183764605
9789387195622
9788174350640
9788183761611
9788183761130
9789386652003
9789350303566
9789386643209
9789391123512
9789350303672
9789386611895
9788171415724
9788171415700
9789386611802
9789386611550
9788121209496
9788186762684
9788173056208
9788121209359
9788130717296
9788174351807
9788183702645
9789386611482
9788183702485
9789386611475
9789386611383
9788130717302
9789382281306
9789382332145
9789380261928
9788171414468
9789350303498
9788183762427
9788186732809
9788130716831
9788183763820
9788183763790
9788126923328
9789386682291
9788173191022
9788173191381
9788183763660
9789350303399
9788171416592
9789380318394
9788186702871
9788183763288
9789386682154
9788173200625
9788183763141
9788173200731
9788183763103
9788183763042
9788173201226
9789390425334
9788183762960
9788183762755
9788183762731
9788183762724
9788183762717
9788183762656
9789350303405
9789380578286
9788172338466
9788171692958
9788171698363
9788121220927
9788120804470
9788170301172
9788171640874
9789387537163
9789387537064
9788171419920
9788184550573
9789351242710
9789387509221
9788171698240
9789380752631
9788185420486
9788171419630
9788185733760
9789351242536
9789350257913
9789380837383
9788184500431
9789387436749
9789380852546
9788184488562
9789380852713
9788185616681
9789380615448
9788184486063
9789351249405
9789380615325
9789380626529
9788185220192
9788184553208
9789380642208
9788184578430
9788184672367
9788184577839
9788184841978
9789380748108
9788184577082
9788171694310
9788171695171
9789350144268
9789380748160
9789390620395
9789380731278
9788184573879
9788185054452
9788184573558
9789387587243
9789380663180
9788171690688
9789387537699
9788185170176
9788171696901
9788171696932
9788184553734
9789350183748
9788171690503
9788184553628
9788171690312
9788171699056
9788171699148
9789350301401
9788172335359
9789350301227
9789350301234
9788172155476
9788172247201
9788172316242
9789380615288
9788172332730
9789381574898
9788184111873
9789381608814
9789381617038
9788184110586
9789387195974
9789380615226
9789380852829
9788184030501
9789380615202
9789381763353
9788172335489
9788124112687
9788172336356
9789390514694
9788185861500
9788184030303
9789390495818
9788171418237
9789380578996
9789350301395
9789350301203
9789350301197
9789350301098
9788120340749
9789350300077
9789387436527
9789380864426
9789380902821
9788123915517
9789380920115
9789387436497
9788185749617
9788123916798
9789350300152
9789387436480
9788171887286
9789350300237
9789387436268
9789380615301
9789350300282
9789382396062
9788171418619
9788170245902
9788172052171
9788172054236
9789350300725