9788185116556
9788185116648
9788185116655
9788185116662
9788185116686
9788185604893
9788190149907
9789311128184
9789350231944
9789350233719
9789351610618
9788184040418
9781107570894
9788185109855
9788131417386
9789382664123
9781445496795
9788120352964
9788120757219
9788121501415
9788121618496
9788121908412
9788121934596
9788122438796
9788172160326
9788174093189
9788174468659
9788182091023
9788185495804
9788187798019
9789351441403
9789354600159
9789380298849
9789387578654
9789387994041
9788126547432
9789385462306
9789387894945
9788185749815
9780199596959
9789391549985
9788131530757
9789351102519
9788188818167
9781445482767
9789351106012
9789380601915
9788184048872
9788126557684
9789388028264
9788126534234
9789380601946
9788132109990
9788180280269
9789354245831
9788172160357
9788178242224
9788180549687
9788126535682
9788126527861
9788126553143
9788171948871
9788173668517
9789350234259
9789350714713
9789356223509
9788197519093
9788126535163
9788125031963
9781510419124
9788125041092
9789332549333
9780000044914
9780813074245
9788126523481
9781421540658
9781421542126
9781421553696
9781550175066
9789390514038
9781422157381
9788173703034
9789388104180
9788173198090
9789388991179
9788121934695
9788173715167
9788174468376
9788174469052
9788184047097
9789387672406
9789694250984
9789937711609
9788172339173
9788174530974
9788131512159
9788131703014
9781107439573
9789386347329
9788174452702
9788173711169
9788184047479
9788181283399
9788121502795
9788125049968
9788126521371
9788178240268
9788180280245
9788190061544
9789350714195
9789351197645
9788126524235
9788125927761
9788189959531
9781902741482
9788131201633
9788121503983
9788125903376
9788178552163
9789350042441
9789350713402
9789388266888
9789388750264
9789698550066
9780070607941
9789387964037
9789352832439
9786030157549
9788121503044
9788170543909
9788170690276
9788172330354
9788173669842
9788184043266
9788185116631
9788185116679
9788190339728
9789350235751
9789351103141
9789382258094
9789385497124
9788121702102
9788184355130
9788186050569
9788185116525
9789351107910
9788187358015
9788121501125
9780691195070
9781421506012
9789361313684
9781783788507
9780143527961
9781421516097
9788185984650
9788125043171
9780190859190
9780393977905
9788120339507
9788121612104
9788121918596
9788122408270
9788122413168
9788126523214
9788126545933
9788126562312
9788131209394
9788131215302
9788131514092
9788131517109
9788131531907
9788170944447
9788172338701
9788173714511
9788173716874
9788181284983
9788193095638
9789350717349
9789350719152
9789355017932
9789358701777
9789380381459
9789386070159
9789388754453
9789389152012
9788122443172
9788131209325
9788170949961
9789386418180
9789694072845
9788178510835
9788177229370
9788173717581
9788190074506
9788170948506
9788126529469
9788193095720
9788177584394
9788126707386
9781137608376
9781137608345
9789380601557
9788170947691
9789380601489
9789380601809
9788122426038
9788170945406
9788189975760
9789380032153
9788182744271
9789383260133
9780749457006
9788122431360
9788176498630
9789380601410
9788174464453
9788174468499
9788174468529
9788183230322
9789351198086
9780101069366
9788178241364
9788125040583
9788171947379
9788173716928
9788184042832
9788190484510
9789350711590
9789350711842
9789351381617
9780000051400
9780000179067
9788182964518
9789311122700
9788173198526
9788184047035
9788120334847
9788121940474
9788125910114
9788175967793
9788183329293
9789325964822
9789384857912
9788131212608
9780201060249