9780521778336
9780010809237
9780780381360
9788174469809
9781032969824
9780691208749
9780877626756
9780014319275
9780070991477
9780173537305
9780205146093
9780205299706
9780316190213
9780002884631
9780787255718
9781508967736
9791576076803
9788184702194
9781138581616
9788170193340
9781625315489
9789350717394
9780316200271
9781942719144
9788126567614
9789386237910
9788181479785
9780136030942
9781292157412
9780367267643
9789608742901
9789695570081
9789387702608
9780205301171
9788170421573
9781581138191
9788119380602
9781607283164
9789383419524
9789162849153
9788170193432
9780471376224
9780817619268
9780367268589
9781302915636
9788174969828
9783037680681
9781472254405
9789380428741
9789385935930
9788170190073
9788170191711
9780721667799
9780333295045
9788131244470
9789698459024
9789388266772
9781442394544
9788184731910
9789385062452
9781588621108
9781731807014
9781731807595
9781731824738
9781731832771
9780536605818
9781506363035
9789380397207
9789384566005
9788170191483
9788170193616
9781071605714
9780715616574
9780077159740
9781071604441
9789076078830
9788776267582
9788125036777
9780071077361
9789462260504
9789385935909
9798897101986
9798897101542
9789381302309
9789390831760
9789355870292
9789355870315
9789355870346
9789355870353
9789355870490
9789355870568
9789355870919
9789355870926
9789355871008
9789355871220
9789355871510
9789355871572
9789355871640
9789355871657
9789355871817
9789355872128
9789355872456
9789355872456
9789355872814
9789355873224
9789355873422
9789355873620
9789355873712
9789355873781
9789355873934
9789355874016
9789355874399
9788184736007
9798897102082
9789388983037
9789392219580
9789392219689
9789393213099
9789393213624
9781731802354
9781731823977
9780536609885
9780070458260
9781581334623
9780009392344
9781071603970
9788170191353
9789388750813
9788170191247
9789616564939
9780536627957
9780192868268
9780075870821
9780683020830
9780702014574
9780721649054
9789380376080
9781264268580
9788130931562
9789382618072
9788126564446
9788177393873
9789350713969
9780536621313
9789694073606
9788184046991
9780130892362
9789353502188
9783131449719
9788190339773
9788181470737
9788177395228
9789384247669
9789971909031
9780582304109
9788121500203
9788126562213
9788181280848
9789384139421
9789386016386
9789388653008
9788181281357
9788131524091
9788125036753
9788126557851
9789339221072
9781784159030
9788173157707
9788184040609
9789789699698
9789384247591
9789384247645
9788170690566
9789384092696
9789384092719
9788184896558
9789124031060
9780000028730
9789355732828
9789353502478
9789694150697
9788182203426
9788184049367
9789352137015
9788131521564
9788193746714
9781107400597
9788126525720
9781837260447
9780882680170
9788126547401
9789355732446
9783055001567
9789382358343
9789389368239
9788176497589
9788189645755
9788184892710
9788126559831
9788177588217
9781837733323
9781974716975
9781470419189
9789353167936
9788125035213
9788125037019
9781999014407
9781032103341
9781935622680
9789352870998
9789352871018
9781684059102
9780230226517
9781581137026
9788121503006
9788126559862
9788131219485
9788190097109
9789380397467
9789531543828
9788100001028
9788126560509
9788126564453
9789332507586
9788170191544
9788170192299
9788173718298
9788182747135
9788188791194
9788193095775
9789382358060
9789385462009
9789387702448
9789387225107
9788180521072
9789748279855
9788182746220
9788178555508
9789380607443
9789380601939
9789381505687
9789698780128
9781668074749
9788174468369
9789350712542
9789350712672
9789350717646
9788126535170
9788121503747
9788172332051
9788173710483
9788175981768
9789350719855
9788125033882
9780521132831
9780241770573
9781837731787
9788181284907
9781493970810
9780750203890
9781932705546
9788126557080
9788183240949
9789353222529
9788126536863
9788131905555
9788126564781
9788126558346
9780230226951
9780230332935
9788121501842
9788125036821
9788170690559
9788183876742
9788184894455
9789386754035
9789694073729
9788177395020
9780195604399
9788178244587
9788173719592
9789355732903
9780198745648
9781910695029
9788125051756
9788175981492
9780230327733
9789389811339
9788173818677
9789352131808
9788125026204
9780071321075
9788173716799
9788194922865
9780000023346
9788126564149
9788175981812
9788184350791
9788189161620
9789350940747
9789355733610
9788170071587
9789350781296
9788125047063
9781032250182
9788126533183
9788126569717
9788126577484
9788126556786
9789352133819
9788125043997
9780070700598
9798987926420
9788126508273
9788126527588
9781732266261
9781580759977
9788174466822
9788125019169
9780007506385
9788126320936
9788177584073
9788184045215
9789351102045
9789355732590
9789385503153
9789386418265
9788172330903
9788126552733
9788126549221
9788184046748
9788184702248
9788121502436
9788125032670
9788125043225
9788126513727
9788130930138
9788170690504
9788170891925
9788189161057
9789311126197
9789350713419
9789380164137
9789380376028
9789381626351
9789388983389
9788189902209
9788180302961
9788180303029
9788126520237
9789352606603
9788125041672
9788126550494
9788175364806
9789380601908
9788122417180
9788178245164
9788178244624
9781138349834
9788125026525
9789350716724
9789389368109
9788181283047
9789390514694
9781338300789
9781338572612
9780603580796
9788126534401
9780912516424
9781480576353
9788121504195
9788121942812
9788126539505
9788170543299
9788172330231
9788173717338
9788190150446
9788190629430
9789380376103
9789386189141
9789698181062
9788189645458
9789350941294
9789350042038
9789332518704
9788122427226
9788184896879
9780199577217
9789352532179
9788187815563
9788126541829
9780070666931
9780198814351
9788170368243
9788173714153
9789350710166
9789350714638
9789388266826
9788125039143
9788126510016
9788126540150
9788126557646
9788126557905
9788131533215
9789384363130
9788125024934
9788126539567
9788126550906
9788126559770
9788131531778
9788126544127
9788126523313
9788170691211
9788126557608
9780755484720
9788121503532
9788121508780
9788172161453
9788178442808
9788182930056
9788184894462
9788188790364
9789350622520
9789385880162
9789386189035
9788132105077
9780071074278
9789381017807
9788176498708
9788178241944
9788181281982
9789380931081
9780199543359
9781940660301
9781771610452
9788126503865
9788178241234
9788178242989
9789355731975
9789385000188
9788178243290
9788173410314
9789698780012
9788170949640
9788172334338
9780340872512
9788126550883
9788126551538
9788180280399
9780000045010
9788125041665
9788125041467
9780071009133
9788121504362
9788126557356
9788173664359
9789352532186
9789384857998
9788194046486
9789383182954
9788126536061
9788173713927
9788176465489
9789351194019
9789389447569
9788132214083
9788126556212
9788126566198
9789390897018
9781138047495
9781138347106
9788180280313
9788189011345
9789354420665
9789383166237
9788176255929
9788120343108
9788126572731
9781665905664
9788132210771
9788177000665
9789350713617
9789350719770
9788131522851
9788131519004
9788131510995
9781259062537
9788126540723
9780198800705
9788126529605
9788120310759
9789383166183
9788125942566
9789355732347
9780194517942
9788186693612
9788125915454
9780853657859
9788121925990
9788180699696
