9788170847311
9788171106219
9788171106455
9788170522263
9789350737521
9788182234338
9788131247723
9788131247686
9788131249796
9788182204935
9788182200241
9789351626398
9789351626237
9789351626213
9788181894854
9788181894700
9788185860831
9788174181398
9788174181961
9788174182753
9789386867865
9788179921784
9789393559609
9788193547571
9788193547595
9789387809734
9789387023796
9788121109512
9788121107792
9788121109444
9788178312668
9789378313011
9789729867255
9788174450876
9788174456984
9788189059316
9788179755549
9788170226987
9788170565710
9789380376356
9788173818905
9788173815553
9780199485215
9780199487295
9789380048857
9789380048390
9789380048642
9789390095315
9788182744653
9788171324446
9788179101803
9788186098929
9788186098967
9788186098370
9788192304700
9788185002972
9788185002828
9788183619721
9788170331971
9789350183588
9788186030653
9788186030325
9788186030608
9788189750992
9788189750732
9789350141656
9788173294341
9788173292149
9788173292972
9788182882638
9788176505338
9788176506601
9788179935798
9788179935330
9789384716516
9788176482950
9788170866503
9789386516824
9788187392293
9788187393054
9788174733245
9788174733702
9788188643387
9788188643189
9788179751572
9788179756034
9788170662020
9788177565492
9789381162606
9789382127567
9788189431457
9788189431440
9789390588169
9789381842492
9789381842096
9789381189580
9789381189269
9788121105392
9788121106030
9789383419562
9789383419869
9789381484920
9789383721740
9789380864365
9789380864082
9788194877219
9789384109080
9789380829616
9789380829807
9788186117101
9788186117118
9788183562256
9789350562857
9788178540498
9788178540719
9789381841051
9788184804522
9788184805765
9789393701732
9788196026998
9789393701725
9789357310161
9789351364603
9789352773268
9789353575984
9789350291832
9780674988286
9789937890601
9789390620456
9789390620524
9788183601092
9788187943242
9789382396161
9789352210978
9789380700663
9789380700076
9788188757398
9789382460671
9789382460312
9788181580481
9788181581051
9789385503719
9789385503696
9781608763993
9781634831642
9780198069089
9789382616726
9780670091980
9788172343309
9788172343361
9788172343354
9788185218076
9788174879622
9788174878960
9788173880049
9788173880704
9789383514168
9788194340126
9788126722075
9788180313356
9788170287063
9789937330725
9789937330435
9788195124848
9789351941996
9788121909327
9788194739548
9789390449309
9788171382415
9788185616803
9789383221349
9788172054151
9788172054229
9782902776696
9789380927053
9789380927343
9789388891660
9789381582442
9788170591436
9788170592396
9788170948377
9788170944423
9789381054666
9788188071265
9788188071357
9788184553840
9788184577990
9789381094181
9789385161735
9788195042739
9788180521249
9788183212830
9789390265220
9788189076252
9788189076801
9788182994102
9789381022573
9789381325193
9789390062096
9788183210669
9789383313662
9788174732866
9788184820461
9789383234868
9789381506271
9788889757567
9788179756607
9788179756041
9788183640725
9789388799744
9789380847023
9788195382637
9789384406578
9789381031308
9789380943947
9788131909294
9789326354424
9789382624394
9788185578644
9788121702263
9789385000164
9789937646550
9788192889917
9781555282813
9789391028299
9789384678135
9781922385819
9788181524621
9788187330257
9789698780227
9789380852553
9789381484357
9789937524513
9788187586739
9788187586388
9789380326986
9789391730109
9788186937013
9788170846581
9789380864266
9788189798598
9789381484111
9788195393701
9788129512017
9789357377799
9789380702025
9789350601341
9788171829910
9788177582451
9789350899274
9789380262697
9788893913225
9788185116181
9789810106966
9788190627108
9789252061960
9788195463657
9789381043127
9789326354868
9789326354813
9789380292601
9788192674353
9788179507087
9788189630065
9789380739076
9789351625728
9788176210751
9788934803362
9788124114988
9789390221790
9789353574062
9789353576547
9789937597043
9788194844310
9788185244648
9789382396307
9788173411045
9788171640706
9788186117361
9788186117217
9788186117255
9788186569405
9789380262765
9788181892072
9788189580476
9788192752556
9788187352006
9788194407157
9788184370508
9788189934088
9788185499604
9788176381161
9789381952030
9788187966906
9788186099926
9788191038224
9788176471329
9788187418573
9788185503158
9789388766210
9789381951637
9789384761585
9788193423882
9789380336541
9789380336718
9789391759315
9789380615004
9788170493105
9789382460084
9788131000106
9789383582952
9788193785034
9781626007222
9789937594301
9780070482937
9781743074497
9788179753408
9788177663839
9788193631300
9789350911105
9789388550161
9789380247199
9788170815327
9788171680641
9788174507044
9788194921073
9789381054611
9789937260930
9788177083125
9788193029022
9789351376361
9789387198005
9788170495024
9781035422357
9788184541052
9788184541144
9789380081182
9788181151018
9789350761540
9788171105731
9788186782545
9788171641024
9788172210496
9788172210519
9789382624431
9789382025054
9789380768090
9788178280646
9789390500666
9788193425367
9789381951248
9788123010410
9788181820105
9788173808371
9788185362014
9789394502772
9788188791224
9788186116494
9789380661278
9788171197859
9781398202986
9788174345523
9788170287285
9788186208458
9789383751914
9788187332442
9788178127378
9789937945424
9789385854217
9789350180617
9789389152395
9789746609227
9788131256534
9789694073750
9789387195790
9788122902570
9788170589914
9788177793857
9788192763941
9789937056199
9788194783008
9789352313143
9789937708661
9788175413764
9788188808120
9788193859834
9789385955792
9788189996079
9781569300053
9788178690254
9788189634117
9782757213629
9788193610466
9788172086770
9788182650169
9789382543930
9789390477173
9788179824306
9789385909474
9788192932415
9788193476567
9780835675352
9788192227542
9788182060760
9788174765598
9788176580885
9789381384046
9789385539602
9788186265178
9789356803824
9788193272602
9789325982444
9789744801845
9788183284998
9788184732016
9788188965625
9788192552606
9788120836198
9788189852221
9789350864883
9789381484487
9788193532218
9788171011032
9788186995884
9788122409437
9788185708713
9788184767858
9788171241743
9788183161787
9789382114437
9788187392224
9789326352314
9788174876867
9789380567785
9789380262550
9788193440926
9788177145472
9789382848271
9789390449651
9788179755815
9788179756423
9788174877765
9788189959456
9789380515045
9788181338969
9788184617696
9788193773406
9788183764711
9788193238943
9789385670626
9788187644354
9788180697081
9788176370158
9788120842885
9789382352969
9789386088857
9789385593048
9788191010053
9788173232398
9789382749103
9788192664811
9789380146768
9789383233823
9788183212038
9788126045556
9789381467053
9789384788179
9789382998648
9788183150873
9788183151252
9788188808373
9789380864037
9789380146416
9788183151382
9789350253700
9788187418900
9788183155250
9788171680597
9789352072859
9789351710189
9788126340484
9789384168629
9789326355520
9789380906409
9788183154208
9788183153928
9789390973644
9788183152006
9788126312818
9789380631189
9789390659395
9788126319480
9789326351621
9789391214579
9788183154253
9788183154222
9788175101760
9789326354738
9789383838806
9789387919600
9789326354714
9789390659562
9789380864488
9789395533010
9789381467398
9788126317868
9789326350532
9789380677477
9789353243296
9789326355803
9788189982003
9789326352567
9789326354691
9788194020110
9789352296576
9789326353083
9789390659029
9789386810052
9788126318681
9789326354936
9788126319008
9788186050408
9788193655542
9789385445200
9789390885145
9788126306152
9789326350631
9789326350921
9789387919877
9788171640577
9789326351188
9788126318575
9789351710790
9789326351638
9788126340002
9788186117279
9788194454779
9789351485698
9788183249256
9789381043493
9789326351423
9788183248235
9788188466658
9788178441245
9789380146881
9788183210492
9789384385132
9788193231937
9788192301259
9788126320974
9788126315833
9788126319312
9789381325179
9789387919839
9789385593185
9788184030396
9788174140210
9788123764238
9788122412277
9788186423752
9788171107360
9789326353090
9789326354547
9789352298068
9788123910888
9788123928999
9789326352116
9788126311552
9788181820853
9789326350563
9789387919273
9788126311415
9788126308361
9789351710264
9788185891316
9788123773629
9789380864136
9788185375359