9788184355055
9781902382548
9781906613013
9781906613037
9781906613075
9781904634812
9781906613068
9781906613006
9781906613112
9788177395099
9788184896183
9788173715082
9789385621895
9788194051039
9788172162658
9788184732542
9788184732528
9789348314673
9788184894585
9788178244785
9789351100294
9788178292236
9781631028298
9789351293743
9789355852663
9780016755866
9788181471239
9798218846480
9789971973971
9780804202596
9788181780959
9788199254886
9789810182441
9798902072270
9789357788342
9780063347458
9789392196454
9788175812598
9780065549706
9788185127996
9780016756399
9789396111446
9789359719849
9780016755255
9780070472778
9788183325714
9788188569229
9788187680307
9788172299224
9788174732019
9789399445517
9780739081518
9798296350770
9781902382562
9781902382470
9788177584141
9789352137954
9789394752283
9789355000859
9789381269527
9780022446864
9788173701207
9789395576871
9788173668401
9780022124571
9789367258606
9789386224842
9789350719947
9788130910864
9788184894615
9788126549276
9789386221759
9789390427208
9788187680239
9789385621734
9788180522062
9788198120991
9788181471758
9783443951085
9780068954897
9788189059224
9789348734600
9789373177618
9789372447088
9789348569134
9788123905938
9788123904771
9788182964204
9788131788028
9788131790977
9788181374882
9789352137008
9789350239544
9788122435351
9788178291451
9788126106691
9788170366782
9789381535820
9788170195009
9789361038143
9789810185473
9789352271399
9798901765265
9788122612905
9780000146441
9789311122717
9789367259764
9789367256572
9789812557148
9789396954401
9780199574735
9788177395112
9788131224632
9789388689076
9788178695433
9788120334601
9788187495253
9788193895115
9788172112820
9788184049824
9788185990910
9788193303658
9789694690391
9788125045762
9788187746393
9788184046458
9788186762158
9789334073034
9780006974864
9789396465402
9788180280085
9789399443612
9789386232076
9789396521153
9789311121529
9788123900520
9789382616368
9789380931876
9788126577743
9780888993045
9781728260167
9798217090150
9798217090167
9798217090174
9788170463221
9789385932564
9788178556062
9789352530540
9789381510308
9789311121536
9789370024007
9788198885722
9789356190436
9789357687584
9789385288494
9781405127264
9780195669459
9780071072496
9788120344549
9788173711596
9789391406721
9789354425486
9789395469197
9788192896199
9788121509077
9798902317395
9789388597432
9789367000205
9788195777327
9788192682815
9788187784609
9789359157702
9789348048097
9788186693605
9780063574823
9788184028768
9788197400766
9788186921807
9788194118596
9789352818150
9781732025639
9788195777334
9789382134824
9788184044522
9789392880346
9789334170610
9788192976006
9780198895312
9789381335901
9788183990981
9788193611951
9788195284757
9781401945831
9780985000882
9781035034321
9781590791950
9780915066506
9780930794668
9789395469166
9788190829274
9789357320467
9788194719588
9788172866921
9789381209271
9789387791381
9788125056454
9783443950682
9788186782774
9788123900087
9789388725774
9788168972018
9780063574540
9788126554904
9789359661308
9789387672666
9789350235096
9789386224804
9788170948315
9788170949510
9788170949138
9789351192657
9788126560844
9788184782462
9789386189059
9788130930824
9781743625804
9789350238196
9789351442134
9789351101888
9788120347915
9788187721161
9788184975604
9788173293221
9789385616402
9788187746126
9788121501330
9788174531551
9788188479764
9788188479177
9789381626092
9788131515082
9788188260003
9789348314550
9788180600906
9788188683154
9780552779111
9789380283715
9788194303114
9789384030070
9788190117623
9788121508735
9788179308301
9789384061371
9789350671306
9788121500302
9789391855314
9788193895184
9788176493956
9789391855321
9789352134137
9789352837861
9789351760146
9788173667473
9788172130800
9789391855482
9789361030451
9789385621284
9788172112936
9788174530400
9788184045673
9789391855093
9788184042207
9789350943892
9789385621338
9789384385033
9789384385170
9788178120812
9789358705003
9789349562615
9788195478606
9789351732556
9789386386823
9798180220752
9780071241762
9780190137977
9789355204752
9788123919454
9789334287837
9788174732033
9788181475473
9788178555522
9788173703119
9789351190899
9789389368079
9780241634523
9780241626474
9780735241381
9780385698207
9780385687843
9781039056480
9788187540571
9781543342963
9789367255407
9788125056423
9788122611861
9788178440378
9789311124223
9789311122441
9789381431283
9789389109191
9781447228387
9788126567232
9788126578900
9781035091393
9781501191732
9780143427476
9781509881093
9781471125263
9788126563371
9781804090909
9781349959556
9789394613119
9798217191642
9780593981764
9789386215468
9789381535028
9788171568079
9781788640008
9780571550098
9780571551828
9783943638028
9781423437871
9780571551248
9781858680255
9782122611579
9788178121406
9789960966687
9788179292150
9789382026525
9788178120218
9789311127736
9788125045915
9788178121758
9788178120287
9789363471771
9789363475243
9789357891516
9788194719502
9789396611359
9788194471332
9788125045908
9789354424298
9788131228234
9788181890092
9788178122427
9788178120478
9789311128818
9788199261341
9788185263441
9789395576765
9789394387676
9789391406738
9788196984144
9789386516268
9788196342364
9788196342319
9789391045265
9789381018996
9788125045892
9788120843417
9788126569991
9789385152832
9789386850393
9789350046821
9788175545427
9789386850201
9789386309303
9788120344617
9789383260812
9789385152726
9798903421442
9788181930637
9788176212458
9788195478651
9788178440484
9788184046939
9789380658025
9788171853632
9788175256972
9788173669040
9788174532411
9789385621222
9788198149206
9788184041811
9788174530202
9788131508534
9788174532183
9788185094779
9788184045062
9789395576642
9788178122755
9789376500789
9789388757119
9788170462828
9788178242927
9780241997116
9789357171663
9788122129533
9781137464675
9788199947351
9788125045885
9789383296316
9781405959919
9789370038691
9788126136582
9788178126586
9788171946464
9780521682596
9788125045861
9788175250376
9789355014665
9789311127781
9789376881147
9788125045854
9788178121741
9789380644318
9789351194750
9789387672314
9789350042755
9780199482153
9788125045847
9788125045878
9788182091634
9788180542848
9781449403102
9781529019131
9789351038528
9789381269480
9788178555829
9788182964181
9788178555515
9788131809006
9789386224613
9788125060079
9788173666377
9788184040050
9788173668838
9788125914440
9789390760978
9788183553339
9788183554909
9789364022149
9788120345911
9788182200203
9788170641094
9788173199523
9789356610774
9789386243522
9788195393718
9788174530196
9783443950569
9788119756896
9789369582877
9789369585830
9789386500908
9789389109238
9789394885851
9788122903652
9788199154155
9789387968691
9789380550305
9789380574158
9789380628660
9788168536326
9788193425671
9789350586037
9789386763716
9788178120300
9788178121130
9789350947265
9789367253342
9789385827976
9788175993396
9788126565139
9788126564538
9788126578979
9788126575091
9788194643036
9789356296206
9780752266558
9781878424495
9780753448397
9780670090471
9780670082476
9789381431870
9788172345563
9781501134845
9788126578825
9780753448403
9781509823239
9781913738242
9788175993358
9781509816057
9781740511384
9780670091515
9781740511438
9780860370987
9781740511421
9780857425904
9789385932557
9781869433819
9788178120416
9788131808979
9788131809143
9788125060062
9798885699907
9788193434888
9788194809852
9788183323543
9789396902204
9788129142269
9789350555934
9789347027871
9798129107823
9788131214954
9789381335451
9788131208229
9788181467157
9780875161969
9799788195121
9781782442592
9781846841804
9788170641056
9789380644196
9788131809709
9789351194699
9780863111082
9789385152849
9789386036834
9789385724282
9789382618379
9789386224910
9789384028237
9788170949947
9789380283982
9788177226065
9789350716694
9789386189134
9788122421101
9781608270156
9781608270163
9788130902968
9788176496070
9789386850232
9789385879111
9788186302040
9788122310443
9789350235812
9789388754316
9788189059491
9788195838592
9788189059521
9781107675513
9789382363026
9798903924936
9789384030506
9788178791302
9788184620276
9781626569492
9789351037477
9789387894631
9788188260027
9789380444505
9788126536443
9788172764876
9781405121583
9789387894303
9789351190868
9788184041460
9788122427271
9789382618447
9789350651520
9788170977988
9789352512942
9789381626436
9788170544234
9789350943779
9788188128037
9789311125527
9789361030536
9789361034442
9789361032011
9789361030024
9788121615730
9780749449131
9789386309013
9788120797765
9788178122595
9788178120904
9788186877357
9789388536714
9788199018051
9788199899339
9789355180896
9788178121628
9788170553014
9788181370075
9780330330091
9789371970587
9788193771303
9798887335582
9788192976075
9789375798828
9788170540847
9788192803043
9788192803074
9788192803005
9788192803067
9789311127033
9789833517763
9789361855153
9788177227611
9789332516649
9789381398876
9789394613614
9789386215055
9788126572458
9781569571569
9781509846771
9780753449387
9781509897520
9780143505723
9789354710681
9789354710841
9789354710445
9789354710520
9789354710964
9789354710605
9780143306511
9780330473415
9788182964372
9788170641001
9789359663654
9788173663192
9789350238936
9789388426305
9789350237038
9789358119954
9788131702284
9789360003739
9789351194767
9789382730200
9789356278271
9781638502500
9789364875202
9780190137205
9780190137236
9780190137212
9780190137229
9780190137243
9780190137656
9780190137267
9789351761457
9780947655617
9788186762899
9789380485140
9789361034855
9789387984660
9788192054001
9789350716687
9789350008270
9781406337686
9788131207031
9788131203507
9788178122373
9788178122694
9788178122182
9789359739014
9789391925338
9789387441262
9789391080044
9788181438133
9789361036057
9788131761106
9788131217122
9788169001861
9789351038269
9781403929648
9789388632294
9789350044193
9789351550143
9788184070330
9781850157212
9788173702907
9789364028929
9789357546287
9789352129270
9788197505928
9789349227552
9788173620492
9788178120713
9788170640882
9788121618540
9781685231903
9788181371881
9789386500854
9789351100089
9788173702891
9789387578807
9788170947349
9788122432626
9788197282744
9788189161309
9789386850263
9789383074792
9789350238189
9789388689571
9788131900550
9789384465056
9788185501000
9788188479429
9789380658407
9789387578609
9788176559478
9788187812654
9788131941904
9780976302995
9789387578814
9789327280074
9788187812234
9788120417359
9789386385925
9781543342970
9789380408026
9789352134748
9789810615598
9788171853755
9781543345483
9788174532480
9788175543423
9788187671763
9788174531391
9788131901175
9788184040302
9789380619965
9789394613041
9789385827853
9789388302814
9789385827815
9789388302159
9789366118734
9789381431573
9789385827594
9789394613508
9789380480947
9789381431696
9789385827945
9789384544973
9789384544386
9789391067908
9789381431146
9788175993341
9788172345556
9788126563487
9788126560035
9788126565177
9789381398944
9780330525893
9781447210863
9781523089062
9788172345532
9789381431733
9788126561292
9781569571811
9788126561414
9789380480572
9789381431689
9789391067861
9788175993716
9781447210894
9788172343804
9788131203231
9788172340759
9781743629093
9788172341572
9788172343163
9789394879379
9789382578727
9789357004206
9788182963948
9789388537650
9788173702501
9788125942634
9789385054983
9780952999485
9789385160110
9788185566511
9789350717431
9789371368971
9788129118486
9789363924246
9789386883988
9788125032953
9789334138078
9788120046863
9788123928661
9788123925936
9788131801864
9788181376862
9788125026099
9789364481106
9789367257623
9789367257869
9789367251232
9789386585431
9789380200132
9788178120355
9788178121338
9788197912948
9789350261248
9789392950773
9788195904853
9788125028987
9788129116789
9788129105721
9789370036185
9789391256944
9788129119858
9789370038479
9789370030336
9789370038622
9788131229590
9788129119032
9788129119643
9798129108073
9788129145628
9789361564741
9789361560378
9789361562150
9789361560118
9789370034723
9788174732026
9788174730626
9789361565014
9789350230312
9780863112065
9788175300217
9789386036872
9788193432013
9788170948926
9788170949749
9780521704120
9789351106456
9789325984592
9788125017226
9788181469359
9789382898771
9788190850100
9788199018099
9788193432501
9781789290905
9789387444041
9788186117132
9788192594880
9788173660078
9788180140761
9780007341283
9788170557746
9788195267477
9788170559559
9789350947678
9788190636292
9788129709288
9780190137144
9788188260034
9788126317400
9788131809723
9789394613782
9789388302326
9788119554898
9788189988760
9789391067311
9789384544027
9789385827273
9789385827136
9788172344627
9788126572489
9789380480886
9789386832733
9788119554133
9788170461593
9789351037682
9789381431511
9789381431535
9788193234556
9781492604723
9788172344634
9789385827808
9789395761055
9780143482024
9789350126868
9788178122007
9788178556581
9789388563000
9788181371478
9788178120195
9788178122014
9788177394634
9788177000092
9788183329453
9788178122649
9789347749810
9789386827104
9788178121376
9780333937341
9789394752931
9789371978224
9788178793856
9789348960115
9788195676866
9788120417489
9789398961155
9789390540334
9789393683298
9789392536021
9788186089194
9789384328375
9788193770412
9789350943885
9789380834528
9789334148251
9789362979940
9788121615709
9788172345006
9788172344047
9788172343460
9788172343149
9781509819072
9781509818983
9781509819010
9781509818990
9781509819058
9788172345013
9780330473019
9789363320000
9788170556022
9789361034220
9788170554912
9788199127685
9780330470544
9788170640622
9788121619431
9788121614887
9789380644264
9789380644172
9789380644226
9789384370602
9789347749827
9788181372758
9789384028077
9788177392401
9788122417289
9788122314625
9789387486645
9788188569588
9788175543942
9788175545175
9788183556811
9789351037507
9789352130528
9789350237045
9789350237052
9789386025630
9789350040171
9781407533797
9781781861400
9789380032757
9789384753627
9788192554198
9788192554150
9789388333689
9788190367844
9788187111962
9788131905296
9788194977674
9788192813431
9789395019095
9789382536840
9789386191090
9789386224408
9788184774658
9788121614801
9789380283296
9780007518982
9789388850568
9788171020751
9788130932200
9789351472124
9788125022206
9788187863229
9788192153421
9788121612098
9788180141492
9788180140617
9788190584128
9780992846121
9789311123738
9788170230489
9789387984585
9789387984523
9788131924037
9788187553021
9789311126838
9788182658455
9788190000208
9788174531728
9789385621239
9789381626382
9789386585912
9788194920977
9788131965573
9788131965658
9789380005300
9788197852251
9788123924052
9789385616167
9789353529048
9788186877432
9788170943150
9788177394658
9788171946228
9789351870340
9780333904459
9789698263478
9788194562634
9788197467455
9788123773131
9788130001234
9788184871388
9788178553245
9788188230846
9789386832610
9789381431290
9789381431627
9789385827952
9789385827884
9789384544423
9789381431764
9789385827754
9789388302029
9788189988531
9789381431481
9789380480893
9789381431610
9788189988555