9789380707006
9788177146035
9788188459018
9789390588824
9788124117811
9789382396642
9788170175032
9789326351819
9788185495460
9788120842816
9788121407069
9789380292861
9788120805460
9788131601372
9788120841529
9788171856800
9788122408324
9789382618805
9788189738990
9788189059552
9788178242859
9789383963348
9788180615092
9788185984650
9780718186517
9781484244197
9788179930526
9788170247395
9789381345122
9788183210133
9788186201893
9788185680293
9789382629399
9788125914761
9788174453365
9788195580477
9788178542614
9789382629405
9788177023114
9789381574010
9789937814478
9788173714092
9789391446215
9780198092001
9789390789214
9788193366974
9780241644645
9789390891306
9788120416109
9788192047508
9788179941911
9788183765015
9788131610138
9788131243763
9789387890053
9780195683325
9788193110249
9789698181048
9788189471422
9788189471941
9781665905664
9781544612195
9788173719158
9788186714935
9788186047118
9789556651522
9788182203518
9789390521166
9788125053446
9789383864034
9788185396248
9788120619265
9788183763844
9788178241661
9788189471316
9780545668866
9780670078318
9788172333362
9789389152371
9789384363130
9788181710475
9789383166015
9789382629146
9788189471972
9788189471873
9788189471309
9788187285045
9789382629153
9789382629276
9789382629061
9789382629252
9788189471248
9789380930794
9788187374770
9788122406535
9788193945186
9781546622512
9789211013931
9786050827637
9781543953466
9788182903869
9788183763943
9788183763929
9788121510349
9788189973902
9788121513104
9788185170664
9788185680019
9788183210058
9788185680088
9788126320950
9789551358143
9781544811314
9780670090082
9781771611862
9789352870844
9788189473433
9788183761093
9788192544557
9780359159109
9788174534217
9788186050156
9789385302398
9788183764292
9780811842969
9788189473778
9788125060901
9789385445019
9789381951484
9789706667076
9781413765922
9780521630726
9789390588879
9788174873941
9788176018579
9789550028351
9788183765244
9789385302145
9788194991380
9788121504393
9780139085918
9789381574898
9788183210461
9781543981803
9788120353657
9781782224808
9788496627277
9783748139775
9786077723103
9788125036807
9781492991083
9786078237623
9789380179513
9783921508756
9788125028697
9788788415278
9788194243809
9781978032576
9781902806044
9789386817136
9789392025679
9788189059026
9782916914497
9788498482379
9780133286182
9789387357297
9781638606314
9783905752250
9781846648366
9780571540723
9789383848041
9788474778878
9788183764995
9789384721619
9788183210096
9788174533166
9788409280407
9789990809176
9788409274086
9783662610596
9788183210164
9781543965216
9789389671858
9788854406612
9783844804058
9788172335830
9781849205047
9789380836102
9789694710129
9780486837215
9781530060399
9781422101179
9786079828608
9789655263459
9780316760942
9788183615617
9781591027720
9785484010431
9780648906001
9788496987425
9781582550152
9781731807014
9788185589503
9788126127542
9789991054322
9788460676591
9788486083632
9783832537982
9789020721881
9789552403200
9788428103008
9788492417308
9788376095943
9788494244964
9780300176872
9789558156186
9789556650310
9788126110285
9788126127603
9788886208307
9782757202838
9789556652017
9789350257944
9781137349743
9781926648118
9788496585317
9781569027448
9784899740674
9783037780619
9788492569588
9780156060844
9781783530199
9789251097311
9788189617974
9783437237805
9783410262565
9789042905801