9788190820424
9788179681077
9788179681091
9788179681220
9788178557069
9780142181454
9788180560415
9789350487907
9788181430861
9788131907405
9788131805725
9788122301175
9788122200829
9788173669835
9788179916223
9788180566752
9788185053134
9788122312454
9788170298731
9789385609206
9788131910740
9788131905531
9788170211419
9788173861130
9788131905654
9788131905524
9788131901748
9781845576264
9788180561535
9788180561504
9788120784437
9789354770555
9788184974706
9788131900710
9788120731417
9788120757400
9788120767270
9788131914946
9788180560538
9781781750117
9789351212232
9788180565700
9788131918401
9788122202335
9788184975963
9788122421903
9788122202274
9788131901984
9788180565458
9788180561498
9788180562341
9788131900833
9788192549712
9788180561832
9788170216322
9788170216223
9788131902509
9788171820368
9788170213741
9788178125312
9788170216919
9788175974401
9788178123721
9788178125336
9788178125329
9788180562631
9788170211198
9788188600809
9788180562679
9788170213840
9788170213499
9788170215554
9788131901670
9788131905142
9788180564697