9782874910227
9783446228481
9789251078631
9781138581944
9788126540617
9788179061633
9780838505564
9780952274469
9786188331242
9789608616387
9789387511064
9780521738323
9780801047558
9789985099032
9788172336905
9781880687376
9788184890273
9781138581715
9781406774207
9789814670241
9780367268244
9780606368889
9789350714942
9780780381353
9788193231951
9789380033761
9789382291053
9788188237999
9788170193753
9781138583122
9788170193296
9781942483212
9789382258131
9788130923642
9789380428123
9788178001937
9781634607810
9788178243160
9788184040760
9780969553878
9781484285466
9780241648995
9788184355352
9780367269500
9780763796396
9788184049411
9788181930460
9789389996142
9789698721206
9780727759795
9781138583184
9789937007979
9788185822297
9788189738204
9799693517520
9788179930700
9789381302378
9788180387623
9781852522131
9788193424704
9781529186376
9788125042792
9788125029106
9789351503217
9781534969223
9789385724237
9780241745793
9780304331710
9789351424444
9788189920814
9788190904612
9781584795865
9789384247492
9788185119427
9781529982015
9781529981988
9788185211732
9780077167813
9781526802552
9788184350043
9788130100388
9789380376387
9789381302644
9789384247348
9789359718316
9788125038672
9788184047844
9788184046762
9789693522365
9788173716638
9788183243841
9789694072807
9788125054504
9788172335816
9789384139100
9780645081725
9788121919340
9788125042679
9788184049749
9789699370052
9781591749356
9780367025304
9781784159399
9789388266895
9788183240925
9788130909967
9788130910192
9781444144161
9789382358770
9789386392404
9789382358756
9780632025657
9788171946495
9789630538718
9788121507127
9788120842953
9780241634653
9781581138184
9788170041900
9789076041438
9781844140374
9781529668773
9781471804106
9789385160912
9788188573622
9788120349445
9789382358732
9789382730057
9789385494123
9788188573981
9788170193234
9788189645809
9788189645267
9788188573929
9788174469274
9788184890259
9789352134656
9780230527287
9788189645250
9789381575734
9781032634265
9788172333997
9788193036129
9781844471614
9788126515707
9788176292252
9788174468840
9788126528370
9781843545033
9788186049051
9789698917029
9789384385101
9788126550838
9788187680079
9789381302576
9781316616321
9788125042020
9780195604429
9789389368611
9789387925489
9789389662528
9788186050156
9788174468888
9788184045567
9783030113872
9781307295061
9789380376301
9789381302798
9788173872242
9788125030492
9788174455246
9781137535573
9788174468420
9789350620274
9788174469298
9788170690368
9788184046786
9788171390007
9788190629409
9788170892403
9788185680156
9788126559695
9788126548781
9789383154203
9789380376745
9788177001952
9788180520044
9788186117316
9788189645113
9788178244693
9788178243443
9788180302978
9788186623060
9788180303036
9788125022541
9780230328884
9780230327726
9788132116011
9781338299427
9781484290910
9781530740628
9781801086776
9798282305388
9781511894302
9788189645441
9789339203405
9788121941501
9788121507998
9788184420517
9781728261478
9788121502771
9788186791332
9789698460235
9788187644941
9788190339797
9789350233986
9788125056195
9788126552672
9788126515271
9788125032397
9788126538683
9789387578944
9788132232438
9789351100324
9788126541089
9789390911950
9788184620849
9788126528097
9788184350814
9789380607276
9788188790340
9788178241661
9788178241333
9788120334441
9789350717417
9788178441207
9788188790357
9788190864213
9780333778227
9781510434929
9788125032168
9788172332747
9788181289162
9789694071299
9788126523955
9788125053446
9788174467287
9788190717311
9788189161941
9789380250472
9789351073604
9780340847008
9788189487973
9781840598155
9788174452368
9788125051749
9789383382378
9789384987107
9788173711237
9788173715686
9788126556014
9788183231015
9788174468345
9788183230414
9788120344594
9788131716540
9789384986087
9788170543619
9789351861652
9788187222392
9788185116617
9788178244976
9780521898799
9788120310490
9788189059361
9788186706718
9788125031604
9788186791097
9788172333188
9789351106043
9788121504744
9788132231240
9788173715303
9788126554881
9788170946281
9788126536092
9788126518616
9788180280221
9789386237118
9789381069158
9788125036852
9789380250021
9788126557622
9789350121948
9789382127086
9788177589351
9789351073826
9788174468772
9781935677567
9788189645434
9788121922449
9780545152969
9788172337681
9788185094342
9788173716102
9788173716522
9788176631075
9788126531059
9788180563782
9789812530714
9780761995005
9788173716782
9781632876577
9788174466068
9789385401329
9789351380139
9788121940764
9788170543220
9788186470220
9788183770927
9789694251004
9788121912617
9788174531971
9788170543855
9789352340910
9788184355369
9789694480329
9788180318757
9788174530523
9788172131432
9789354977879
9788126320103
9781523089017
9788170944263
9788193231968
9789351191902
9789350040263
9789380156538
9788195316038
9788170947943
9789380428178
9788122435672
9788196908874
9788125041047
9788125024958
9788132113638
9788131503119
9789380200118
9789353454487
9788190511216
9788121500012
9789383158218
9788184621396
9789357750790
9788170944225
9788130926919
9789367250075
9780190137397
9789387023697
9780521736411
9788174468673
9780074621868
9788183990028
9788121927000
9789386102782
9789350236314
9788130100128
9780190137380
9780190137342
9788194740001
9780190137335
9780190137373
9788174462114
9788125942672
9781512097726
9788174468451
9788184877267
9788187680017
9788177394573
9788174468543
9788126542918
9789391067410
9788175242111
9781445481043
9781843653592
9788184731187
9789382400295
9788186791769
9788129114860
9789352806461
9789694070810
9788173668555
9788182093515
9789350043202
9788120821750
9780190137328
9788191064285
9789354977855
9789354970276
9789361034589
9789354977589
9788126308927
9788184876925
9788184875119
9788121929462
9789350717462
9788173716386
9780190137939
9789390585359
9789355735546
9789361035616
9780190137915
9788125909330
9788174468536
9788174468307
9789350362570
9789373747347
9780706999280
9789361030697
9789367253571
9788186026229
9789381162149
9789380618593
9788126306183
9788170544999
9789388754422
9788172162399
9789381043318
9789388302241
9789386110398
9789385152085
9789385724251
9788170947899
9789386221957
9789815293456
9788122440522
9780190133610
9789351105664
9788171858156
9789351865117
9789383110223
9788120336681
9788120798885
9789381431788
9789389152005
9780195793635
9789384478148
9789348734099
9788184489446
9788186103814
9788176000000
9788193877296
9788132107156
9780190137311
9780593512609
9780143103028
9788170949763
9788170947097
9789384030377
9789388754279
9789380283289
9789383260171
9788187671336
9788122421361
9780195657739
9789694023786
9780190137304
9780190137359
9789382711377
9781039013544
9780735243057
9788180280184
9788189928834
9780241626511
9789383283118
9788170081494
9789353166953
9788125021773
9781039014305
9781039007970
9781039012356
9788170333241
9780706984613
9788184780987
9788173710926
9780190136345
9780691153254
9789325963962
9789325978591
9788177225723
9788174469335
9780199455294
9788172337780
9788121927284
9789373745077
9789367252499
9789390659289
9788172337544
9789373741567
9789367257487