9798319045683
9798284004791
9798274278287
9798243468602
9798275225600
9798276801209
9798243947381
9798275964578
9798243467032
9798241992536
9798264618246
9798258534057
9798269915388
9798264738661
9798279171385
9798821341730
9781923625044
9781923570764
9789918629961
9798247178446
9798275396256
9781923570740
9798275895520
9798249357542
9798255122981
9798230273028
9798262481767
9798296758781
9781923545946
9781923593091
9798241520159
9798289949677
9798293741793
9798293630622
9781923593237
9781923570801
9798901946244
9798242890503
9798292424666
9798291826959
9798257244117
9798247370253
9798339592273
9798340753885
9798340765512
9798340864536
9798340964618
9798341068988
9781923570955
9798285497936
9798276176192
9798267855761
9798258427786
9798263772192
9798241312563
9798901946251
9781970852172
9798248371037
9798273988378
9798271130793
9781923525207
9789356190436
9798276808758
9798257450655
9798279410651
9798277691861
9798287069575
9798272304599
9798289780522
9781790867271
9781923570979
9781701164277
9798242241688
9798258119377
9798242080744
9798250347594
9798255193639
9798246691878
9781923593701
9798288776328
9798272736925
9798248422890
9798180547521
9798278426363
9781923484566
9798257713682
9798245937823
9781923570689
9798342803847
9798278893974
9798298307567
9798273430525
9798259045514
9798245814667
9798263421557
9798268264166
9798249548674
9781923570535
9781923570634
9798874188092
9798264886799
9781923432055
9798250922128
9798291761915
9798266194816
9798180816313
9798297277663
9798257698477
9798249352547
9798246834701
9781923593817
9781970852394
9781970852981
9798266926516
9798258151858
9798242142657
9798269516530
9781923570931
9798247730293
9798254113126
9798296004642
9798257010767
9798261752462
9781923570146
9789357004206
9798248006977
9798242655812
9798289642943
9798264037948
9798270432706
9798901940099
9798181006737
9798198377462
9798248040018
9798272498328
9798246212905
9798249765309
9798268753554
9798249028671
9798241581815
9798292629719
9798274944496
9798249003463
9798246711019
9781923593121
9798297713130
9798278623816
9798257459849
9798329445640
9788178122373
9789386298164
9788178121574
9788186877432
9788178121222
9788178121406
9788178122595
9788178122663
9788178120751
9788186877302
9788186877210
9788178120171
9788178120355
9788178123219
9788178121710
9788178122250
9788178122137
9788178120553
9788178121758
9788178128238
9788178120690
9788178121147
9788178122946
9788178121338
9788178120935
9788178121185
9788178122809
9788178126586
9788178122069
9789350126868
9788178120782
9788178122427
9788178120522
9788178122045
9788178121741
9788186877630
9788178121857
9788186877722
9788178121444
9788178120805
9788186877487
9788186877463
9788178121451
9788178122083
9788178122724
9788178120706
9788178122076
9788178121604
9788178122656
9788178120270
9788178120607
9788186877814
9788178122694
9788178122533
9789350123201
9788178122144
9788178122328
9788178121901
9788178120584
9789390744466
9788178122786
9788178120904
9788178122182
9788178120829
9788178120287
9788178121376
9788178122489
9788178122007
9788178120454
9783382138738
9783382142247
9783382165529
9783382162139
9783382175382
9783382021160
9783382047825
9783382013493
9783382314668
9783382018306
9783382035228
9783382808303
9783382004989
9783382022129
9783382001544
9783382013202
9783382021221
9783382048754
9783382018160
9783382027520
9783382157029
9783382157814
9783382158026
9783382011857
9783382143435
9783382333454
9783382135522
9783382176563
9783382176549
9783382176501
9783382017651
9783382016678
9783382021702
9783382031169
9783382151423
9783382139087
9783382504069
9783382817640
9783382803704
9783382803742
9783382805661
9783382326821
9783382155544
9783382152703
9783382035143
9783382721022
9783382133467
9783382134617
9783382134600
9783382134556
9783382161880
9783382113384
9783382146948
9783382147044
9783382145521
9783382189549
9783382011833
9783382039806
9783382024147
9783382030902
9783382024864
9783382148867
9783382165192
9783382165291
9783382815608
9783382159092
9783382175740
9783382141547
9783382136987
9783382149918
9783382153328
9783382132224
9783382147556
9783382148706
9783382198046
9783382151669
9783382004088
9783382041526
9783382035242
9783382010164
9798233858215
9798233475696
9798233415760
9798233746871
9798232466619
9798233186073
9798233339783
9798233455230
9798224415861
9798232588434
9798233645624
9798233257377
9798232207113
9798231199266
9798232491413
9798233465451
9798233113802
9798233985652
9798224612482
9798232767570
9798224072866
9798231463176
9798233828805
9798232864040
9798233782497
9798233527166
9798233270772
9798233139192
9798233357800
9798232286866
9798215787656
9798233504624
9798232732172
9798233121845
9798233264832
9798233773686
9798232825355
9798232330460
9798232841584
9798231767298
9798233254239
9798233241185
9798233885006
9798233165528
9798232155407
9798232186555
9798232827199
9798231227846
9798232486068
9798215473719
9798232844035
9798232620738
9798233466649
9798233913419
9798232025366
9798233136498
9798232892487
9798233388392
9798224293643
9798233593888
9798232885373
9798232014032
9798224186938
9798233181009
9798233899188
9798233494123
9798215112380
9798233529634
9798233153303
9798233291012
9798233010323
9798232479244
9798233713491
9798232505783
9798232178857
9798233855603
9798232925758
9798233014093
9783382168728
9783368308841
9783382805708
9783382012182
9783382012168
9783382145590
9783368184285
9783368246594
9783368229511
9783382018573
9783382001582
9783368059859
9783368040543
9783368174897
9783368143077
9783382156381
9783368041168
9783368285685
9783382143459
9783368054366
9788490013052
9783368358808
9783368912796
9783368284190
9783368819590
9783368038519
9783368041632
9783368059651
9783368041861
9783368045456
9783368042103
9783368055196
9783368045616
9783382158576
9783368367206
9783382816773
9783368057961
9783382182120
9783382502508
9783382160807
9783382153342
9783382146801
9783382025410
9783382148188
9783382503109
9783382324711
9783382320843
9783382325008
9783368123369
9783382163945
9783368353407
9783382320225
9783382326449
9783368815967
9783368779931
9783368230166
9783382321710
9783382021443
9783368249496
9783368816544
9783382164560
9783368321376
9783368828790
9783368184087
9783368369903
9783368173722
9783368823160
9783368230524
9783368267506
9783368059873
9783368044169
9783368044428
9783368831110
9783368317751
9783368823801
9783368227364
9783368909031
9783368178642
9783368179212
9783368823788
9783368824013
9783368178505
9783368812607
9783368810085
9783368361648
9783368055738
9783368813888
9783382146528
9783368906542
9783368008925
9783368814229
9783368043001
9783382140526
9783368250430
9783368814762
9783368905507
9783368357375
9783368357399
9783368828387
9783368902728
9783368324971
9783368811716
9783368127695
9783368779160
9783368343811
9783368817442
9783368347321
9783368247638
9788178557595
9788170640882
9788182962170
9788182962194
9788182962682
9788182962941
9788182960411
9788178552149
9788178555829
9788182961135
9788182961159
9788182961166
9788178555522
9788178556581
9788182965416
9788182964181
9788182964372
9788182965966
9788182965379
9788182965386
9788170641001
9788178551562
9788170641056
9788182963948
9788182965218
9788178553467
9788178554457
9788178555515
9788178556062
9788182963351
9788170640622
9788182964204
9788182960268
9789394613782
9789388302326
9789394613041
9789386832610
9789381431290
9789385827853
9788119554898
9789388302814
9789381431627
9789385827952
9789381398876
9789385827884
9789385827815
9789381431283
9789388302159
9789384544423
9789385827976
9789366118734
9789381431573
9789381431764
9789380480022
9789385827754
9789388302029
9788189988760
9789391067311
9789385827594
9788189988531
9789384544027
9789385827273
9789381431481
9789380480893
9789380480190
9789381431610
9789394613508
9789380480947
9788121617642
9788121618670
9788121620284
9788121615112
9788121616034
9788121617123
9788121619738
9788121618229
9788121608398
9788121611343
9788121619431
9788121619752
9788121615471
9788121603188
9788121607322
9788121604598
9788121615150
9788121617666
9788121618021
9788121607728
9788121618052
9788121614641
9788121610940
9788121615709
9788121610469
9788121618694
9788121615808
9788121605342
9788121616744
9788121618410
9788121619578
9788121616539
9788121600453
9788121613781
9788121618540
9788121618403
9788121614887
9788121613965
9789380644240
9789380644264
9789380644318
9789380644172
9789380644196
9789380644554
9789380644226
9789380644097
9781403929648
9788131808658
9788131809167
9788131809198
9788131808986
9788131808979
9788131808948
9788131808016
9788131809709
9788131804827
9788131801864
9788131809143
9780333937341
9789380644271
9789380644219
9789380644202
9788131809006
9788131809020
9788131808962
9788131805596
9788131808207
9781423473626
9781423472971
9781423431275
9781423473565
9781423494638
9781423425786
9781423425854
9781423457442
9781423457466
9781423457473
9781423457480
9781423457497
9781423486442
9781423498391
9781423467335
9781423441335
9781423476009
9781423434900
9781423442158
9781423413486
9781423412601
9781423476610
9781423435471
9781423421474
9781423471288
9781423456834
9781423405306
9781423483908
9781423459033
9781423469568
9781408294352
9788177584141
9788131788028
9789371368971
9788131790977
9788131761106
9788120798663
9788184850161
9788120777354
9788171819652
9788120758926
9788120746565
9788120780996
9788120781009
9788120783386
9788120781047
9788120783409
9788178625072
9788120758933
9788120748675
9788120730526
9789349166264
9788120728028
9788120787063
9788120723467
9788194777250
9788120775237
9788120751835
9781032607313
9781041006374
9781032608020
9780367459345
9789351194699
9781032607344
9781032250052
9781032607481
9781032466316
9781032535203
9781032466309
9781032468341
9781032425641
9781032535623
9781138679528
9788131207031
9781032607092
9781032781006
9781032425696
9781032768557
9781032466460
9781032535920
9789351194750
9788129116789
9789355204752
9788129105721
9788129119179
9788129108258
9789370036185
9788129118721
9788171679850
9789391256944
9788129119858
9798129107823
9788171673889
9788129101983
9788129104830
9788129118486
9788129118752
9789370038479
9789357027380
9789370030336
9789370038622
9788129104588
9788129115980
9789357605687
9789359719849
9789359037134
9789359661308
9789359661261
9789359663654
9798246750865
9788197912948
9781685231903
9789347749810
9789363320000
9789347749858
9788195275878
9789384370602
9788119660568
9789347749827
9788169552721
9788119756339
9789387672666
9789387672314
9788181379160
9789388563000
9789388537377
9789388537384
9789388537650
9788181371478
9788181376862
9789387984660
9788181371881
9788181370075
9789388632041
9789388632294
9788181374875
9788181374882
9788181372758
9789386500854
9789386500908
9788181377418
9788181376855
9789352135714
9789350230312
9788173663192
9789351100331
9789352137732
9789351100843
9789351101246
9789352130993
9789352137008
9789352137954
9789350238011
9789350235096
9789350235218
9789352136810
9789351100089
9789352134977
9789355423771
9789351100294
9789350236086
9789350239544
9788121616461
9788121619639
9788121617314
9788121616355
9788121618281
9788121619646
9788121616393
9788121619172
9788121619905
9788121619615
9788121616256
9788121609999
9788121612562
9788121616546
9788121619608
9788121619592
9788121618601
9788121617321
9788121619622
9780863111082
9780861319497
9780863112065
9788173702501
9788173702518
9788173702525
9788173702532
9788173702549
9788173701207
9788173702891
9788173702907
9788173703119
9788175300217
9780863114519
9789360327125
9789395576765
9789395576642
9789395576871
9781637543061
9788194363293
9789357687584
9788122203462
9788122202168
9788122203974
9788122204940
9788122203479
9788122202656
9788122202601
9788122203424
9788122201291
9788122205305
9788122203226
9788122205909
9788122201567
9788122202045
9789385152849
9789386036834
9789387578807
9789385724282
9789385152832
9789386850638
9789386036872
9789386224842
9788193432013
9789386224613
9789386224804
9789386850393
9789382618379
9789386224910
9789388689076
9781423414636
9781423446316
9781423486428
9781423486411
9781423486374
9781423486381
9781423486404
9788418641244
9780965656962
9781423471295
9781423471271
9781423464389
9781423440567
9781423476474
9781423440536
9788123900520
9788123907680
9788123919454
9788123903415
9788123917382
9788123917795
9788123903507
9788123924052
9788123905938
9788123928661
9788123900698
9788123900087
9788123925936
9788123904351
9788123903231
9789381431696
9789385827945
9789385827228
9788189988555
9789385827716
9789385827648
9781401945831
9789384544973
9788189988470
9789384544386
9788189988838
9789391067908
9789385827136
9789381431146
9789394613614
9789384028350
9789384028411
9789384028374
9789384028305
9788192851822
9789384028459
9789384028695
9789384028237
9789384028299
9789384028077
9788192851884
9788192851846
9789384028251
9788192851877
9788119756636
9788123727646
9788172344030
9788172340803
9788175993341
9788175993396
9788172345006
9788172344047
9788172343460
9788172345556
9788172343149
9788172344627
9788172343804
9788172344672
9788178120195
9788178122465
9788178122755
9788178120478
9788178120812
9788178121109
9788178120508
9788178121543
9788186877357
9788178122731
9788186877555
9788178120416
9788178122298
9788178122014
9788178120218
9789389109191
9789386215055
9788126563487
9789382616368
9788126560035
9788126565139
9789389109238
9781509819072
9788126563463
9788126565177
9781447228387
9788170943150
9788170948926
9788170947998
9788170948742
9788170949947
9788170948315
9788170949510
9788170949749
9788170946502
9788170948292
9788170947349
9788170944478
9788170949138
9788131203507
9788181475459
9789380931876
9789381269480
9788131214954
9788131228234
9788131203231
9788181478085
9789381269527
9788131229590
9788131217122
9781423400141
9781423414612
9781423439233
9781423429494
9781423417323
9781423436249
9781423429609
9781423429593
9781423442073
9781423414452
9781423438496
9781423415336
9781423413899
9789376881147
9789386561169
9789386561206
9783368272807
9783368047009
9783382016722
9783368274993
9783368272906
9783368059088
9783368041441
9783368041557
9783368042394
9783368039158
9783368267131
9783368249083
9789385288494
9788126572458
9788125060062
9789380283982
9788126567232
9788126564538
9788126578979
9781569571569
9788126572489
9788126575091
9788120798687
9788126578900
9781398473270
9781035802074
9781398423848
9781398447776
9781398478671
9781398479333
9781398406438
9781398493971
9781398413719
9781398444874
9781398495326
9781398498044
9788177395006
9788177394634
9788177394658
9788177392524
9788177392548
9788177392623
9788182961531
9788177392401
9788177394689
9788177395099
9788184771220
9788184773934
9788184773293
9788184774269
9788184774689
9788176555739
9788176559164
9788184776287
9788184772814
9788184778267
9789350044193
9789351191537
9789350046821
9789351190899
9789351192657
9788177226065
9789350042755
9788126533466
9788177228595
9788126560844
9781405127264
9780199482153
9780199574735
9780195669459
9788184782462
9789350719947
9788171946464
9788171946228
9789350716694
9789389368079
9789386189134
9789386189059
9789357788342
9798232004811
9798233515767
9798232941529
9798233199943
9798233848865
9798232900311
9798232375904
9798232901684
9798233104657
9798232453749
9798233402333
9788122432626
9788122417289
9788122437959
9788122421101
9788122435351
9788197282744
9788169001861
9788189161309
9788184350548
9788184353006
9788184353099
9783368318277
9780521270977
9781316612187
9781009108850
9781009811866
9781107663848
9780521704120
9781009232845
9781009169370
9798232037727
9798231786855
9798233101069
9798232719968
9798233450730
9798231988006
9798232270124
9798232174392
9798233117770
9798233493515
9798233545955
9798232310974
9798233444357
9798233496059
9798231407828
9788172761011
9788172764241
9788172762612
9788172764937
9788172761448
9788172763046
9788175971059
9788175970045
9788175974968
9788175971912
9788175971790
9781608270156
9781608270163
9788175972445
9788170521792
9788170521846
9788170522386
9788170521723
9788170522379
9788170521051
9788170521877
9798892673761
9798892674591
9798892674584
9798892674003
9798892673990
9798892673563
9798892674638
9798892674621
9788121616270
9788121610643
9788121616324
9788121613903
9788121615945
9788121616591
9788121615891
9788121614870
9788122304343
9788122304510
9788122308655
9788122314625
9788122314458
9783739988092
9783739987910
9783739987903
9783739987934
9783739987880
9783739987996
9783739987378
9783739977133
9788178694368
9788178694450
9788178694542
9788178695433
9788178693347
9788178693941
9788178693972
9788130902968
9788176499309
9788130910864
9788176496070
9788130907505
9789387486645
9788130930824
9783368264031
9783382117016
9783368366056
9783368779528
9783368305864
9789380480916
9789380480886
9789386832733
9789380480749
9789380480565
9788119554133
9789380480541
9788188569366
9788188569397
9788188569762
9788188569908
9788188569588
9788188569229
9788175542235
9788175545427
9788175543942
9780749427443
9788175545175
9789350261248
9789376500789
9780330412100
9780330418614
9789381398944
9780330509572
9780330442565
9780330525855
9780330525893
9780063347458
9780330470544
9780330438766
9781447217749
9781035091393
9788125060079
9780857070883
9788194643036
9780022446864
9781501191732
9781449403102
9788184896183
9788184894615
9788184894585
9788184895063
9788184895438
9783031308246
9781484278840
9789386850201
9789386850263
9789386224866
9789386850232
9789388689199
9783368352226
9789394752931
9789363471771
9789363475243
9783368047603
9798232290887
9783368123871
9783368361594
9781439243046
9780853185727
9780853181729
9780853185840
9780853185710
9780853185819
9780853184874
9781845570378
9788183221504
9788126569991
9789373177618
9780070680753
9789352601820
9780071072496
9788184042573
9788173666377
9789351106456
9788184040050
9788173668401
9788173668838
9780143332398
9788171103140
9788171104024
9789350361238
9789350361016
9789350360934
9788183329552
9789350360927
9788178292236
9781904315377
9781412936088
9781849205962
9781529611878
9788178291451
9789386041296
9788184775914
9788184775396
9788184775402
9789352754267
9781743625804
9789392196966
9789392196454
9789350238936
9789350238196
9789392950773
9788171209354
9788178233338
9788178235738
9788178236544
9789325974203
9789325984592
9788125914440
9788125942634
9789385879111
9789385932557
9788189884574
9788189884383
9789381017265
9789381017272
9789383074792
9789390760978
9789394387676
9788186302040
9780892134861
9788170211525
9788180561528
9788180561566
9788170211174
9788131902776
9789386310422
9789388725774
9789388178686
9789395761055
9789390540204
9788172340759
9798233180316
9789394885851
9788172344016
9788183553339
9788183556811
9789351442134
9788183554909
9789388426305
9789386309303
9783382131395
9783368820015
9798233174872
9783382146672
9783375135331
9780007831654
9781509818983
9781509819010
9789356296206
9789359739014
9783382146283
9783368041243
9783368367329
9783368353421
9783382140564
9781509820849
9780330330091
9781509818990
9781509819058
9789364022149
9789364028929
9789380005300
9783368363697
9789357891516
9788198899668
9789347298097
9789388536714
9788184045796
9789351101888
9789350238189
9781907360275
9781529019131
9781909621107
9780752266558
9781509846771
9788120345911
9788120347915
9788120344549
9788120344617
9788120334601
9788122311679
9788122310443
9788122313871
9788190120081
9781032148823
9781032468372
9781032655390
9781032658209
9781032607238
9789358705003
9789351038696
9789351038269
9789351038641
9789351037507
9789351038528
9789352130528
9788122903652
9780857364982
9780857366979
9780857367006
9780857367242
9789351870326
9789351870340
9788173713217
9788173711596
9788171247431
9789391406738
9789391406721
9788187721161
9789350235812
9789350237045
9789350237052
9789350237038
9782322583256
9783756292462
9782322639700
9788411239790
9789351213185
9788184975604
9788176936453
9788176935982
9781009811767
9781009809887
9781009810203
9781009231428
9788175970052
9789357546287
9783368363796
9783368309718
9789368804284
9789388754316
9789388689571
9788170166153
9789388757119
9789352530540
9781586131029
9788170218432
9788170215325
9788131900550
9788195904853
9789352129270
9789386025630
9788189059491
9788195838592
9788189059521
9781626186576
9781616686895
9789350040171
9789354425486
9788125011200
9788125016915
9788125017226
9781447210863
9781407533797
9781445409801
9781781861400
9780143482024
9780143450863
9789383142231
9780857427335
9788170462828
9788170463221
9788170461593
9788173293221
9789380032757
9789383260812
9789385152726
9788181469359
9788181467157
9789385616402
9789385616051
9789390427123
9789384753627
9788192554198
9789384465056
9788192554150
9788185301310
9783368319298
9783368356798
9783368902476
9788196984144
9789395469197
9789395469166
9788125040293
9788126137305
9788126106691
9780856461446
9780856462634
9780856460692
9788197505928
9789386516268
9798233225499
9798233599958
9798232989743
9788170213758
9788131905685
9788131916056
9798170217571
9788180561191
9798170218028
9788190829274
9788122136678
9789393511003
9788119369997
9780863111341
9788192896199
9789357320467
9783758411052
9789403705774
9789403667881
9789363924246
9788181471758
9788131219225
9788181471239
9788182200203
9788187746126
9788194719588
9788194719502
9781107675513
9783382336189
9783368122874
9789381431771
9789381431641
9789381431658
9789371970587
9789371978224
9789388333689
9788125041740
9783368134730
9783368817855
9780849798979
9780849799068
9789380302959
9789382363026
9788185501000
9788121501330
9788121509077
9798714881695
9798341001121
9798305355406
9788183990981
9784824109668
9784824109651
9784824109682
9798902317395
9798903421442
9798903924936
9788199154155
9788122202632
9788125026099
9788122205916
9781432773618
9781432769109
9781977253910
9788178242460
9788178242996
9788178242927
9789382898771
9789387968691
9789384030506
9798232178529
9798232920890
9798232375041
9789388597432
9783375113001
9783375114060
9783375115746
9788174531551
9780854957927
9780854957255
9780854957903
9788178792699
9788178791302
9788178793856
9788182881372
9788190367820
9788190367844
9788190850100
9780070677425
9780070679955
9781032748764
9788170593737
9788187111887
9788184620276
9788187111962
9788189836474
9788184731422
9788184734362
9788188479429
9788188479764
9788188479177
9789397752228
9788119756544
9788175054561
9788185843100
9781988898032
9781988898292
9780739081518
9789386832009
9781878424495
9789380152011
9789380152035
9780978686604
9780978686697
9783382139704
9783382158392
9788193771303
9789391925338
9788170641094
9788182960329
9781398864757
9781398864719
9788131905296
9788180564383
9781523089062
9781626569492
9788194977674
9788183910132
9789380658407
9789381626092
9788415317722
9788416138647
9781403113122
9781403168146
9789393304230
9789393304322
9781424569854
9781424569861
9788192813431
9789383635634
9788199018051
9788199018099
9788123928081
9789386827104
9788131522462
9788131522257
9788131515082
9789353503857
9789351037477
9789351037682
9789394752283
9783368266455
9781923224537
9781923224810
9781071960196
9781412959797
9798231145706
9798232989293
9788181930637
9781032934167
9780241634523
9780241626474
9789334073034
9788187495253
9789395019095
9780991475421
9780991475438
9788172163327
9788176212328
9788176212458
9789351550143
9798892210812
9781637101179
9781423475033
9781423493617
9789386883988
9789348960115
9789348960641
9788196342364
9788196342319
9789364481106
9783382145354
9783368183752
9788184883084
9788195352975
9789387894631
9789387578609
9783368269012
9783368354077
9788195478651
9788195478606
9798304465205
9789358119954
9788188260027
9788188260003
9780985000882
9789347027871
9780006974864
9788126549276
9789354248412
9798231200320
9798231098590
9780753449387
9780753448397
9788193432501
9789385054983
9788186470275
9789382536840
9789386191090
9781594130441
9781906613914
9780976663089
9780976663041
9788195676866
9781789290905
9788131224632
9788131218181
9798231732852
9788173199523
9788172294670
9788172293383
9788178692524
9788176761505
9788172345013
9788172345532
9798288680847
9798241753731
9788199899339
9788184772746
9781408355398
9780198799627
9788120417489
9781509897520
9781405991339
9789387444041
9788131702284
9780670090471
9780670082476
9780143427476
9798887335582
9789367000205
9788176559478
9788184774818
9788120744691
9789398961155
9780143505723
9788175812598
9788187812654
9789348314673
9789348314550
9780854023301
9780854022250
9788129119032
9788129119643
9788192976075
9789351732556
9783368251437
9783368268794
9780702045875
9781423446293
9781423400134
9789352752140
9789352756742
9780001063129
9780001063709
9781448311750
9781448313600
9781569570609
9781906613341
9781902382548
9789396465402
9781408736760
9781408732892
9789386224408
9780987601483
9780987533685
9780993940132
9780993940163
9788195777327
9788180545740
9798233024870
9798232489076
9788186017012
9781509881093
9780241997116
9788410819436
9788410815124
9789360003739
9789375798828
9788184774658
9780753505007
9781434459947
9781434436511
9781119714538
9788184732542
9788184737677
9798232423193
9798231110605
9781949735970
9781949735765
9788100000274
9788180600906
9788121614801
9780984948703
9789381431870
9789381535028
9789380444505
9780998553993
9789349227552
9788126577743
9788188683154
9780687344222
9788119756896
9798885699907
9789988953812
9780987627292
9788187077220
9789357171663
9788192682815
9781005624507
9789390540334
9780735241381
9781948235228
9798279139163
9783649648338
9780016755255
9786178069230
9798272953575
9798233355127
9780866905473
9780852391242
9798264455476
9798232365738
9788100001080
9780199545001
9786500259773
9798233073472
9788187784609
9783368905842
9789359157702
9780856461798
9789380283296
9798233307737
9788418943188
9798232137472
9789399889748
9789941494635
9798232041977
9798235169203
9781997503101
9783537659019
9788194085676
9781631028298
9789352220304
9788171568079
9781733635448
9788126536443
9789948697183
9789381431733
9780994467744
9788131931226
9788131941904
9788180562716
9789393683298
9780385698207
9788172345563
9781594773068
9788184271133
9788199210394
9780876392386
9780986431715
9789380550305
9788172764876
9798218846480
9788199127685
9780552779111
9781919321608
9788184779936
9781405121583
9780062689634
9780998753744
9781035034321
9781471125263
9781807384906
9789380574158
9780851629636
9788193895115
9780752227252
9789572954195
9781403188540
9781989469132
9788120789203
9781501134845
9783368807139
9791281358720
9788122129533
9788198072160
9788184779622
9780723607656
9788496613812
9780983058908
9788123901176
9798232189792
9781408062029
9789351194767
9789348048097
9780978177430
9780963653598
9789380283715
9788121620666
9789380864006
9788186693605
9798231305292
9798223538509
9780443119484
9788866604525
9781972884003
9780999500613
9781788640008
9798224668144
9788126578825
9780899009322
9780007518982
9788126563371
9780956656438
9781846841491
9780906630471
9780976302995
9781782051602
9783061212926
9781419676376
9788168972018
9781915145086
9788122611175
9781962896795
9788180280085
9789388850568
9781616559113
9781446316931
9798989435937
9789372447088
9781966625728
9781418037789
9780875161969
9788177000092
9788186117132
9798235470835
9788175300361
9789393418111
9781944066291
9780241014844
9798129108073
9780385687843
9780753448403
9788193611951
9780956211200
9788192594880
9780915008087
9780960064199
9789387894303
9783991970187
9789386302618
9781509823239
9782409046001
9788417150464
9782755807295
9788498528671
9789930966075
9788419408730
9789878928395
9788447225293
9783964037695
9789387578814
9781928586234
9788178671444
9783907369241
9788194303114
9788431315573
9788120727502
9789350637609
9789334349191
9780957213487
9780022124571
9783368300166
9788171020751
9783608426281
9788412371529
9781919220062
9798994297544
9780974505640
9788173862588
9788126554904
9780994014450
9781909266247
9780008824495
9789386313362
9783961325252
9783368286040
9788183552165
9789914743630
9788125007364
9789382730200
9789399445517
9788192723242
9780849754104
9789356610774
9789392536021
9798244379051
9780952357773
9788179506691
9788130932200
9788173623936
9789394879379
9780997904659
9798998517037
9780888993045
9781408355435
9781423407188
9789384416201
9780864922557
9781804090909
9789381431511
9789399443612
9789384030070
9788121615143
9780937276068
9780001160163
9781399730846
9783382017569
9789381335901
9788125028987
9781684059553
9781947662735
9788592352127
9789960966687
9788184732528
9780907594949
9798257964732
9781971622361
9788186569207
9789391045265
9788179292150
9789381335451
9780998495750
9783368346508
9798218254391
9798297792746
9788192054001
9781431425228
9798230266693
9798891214026
9780063574823
9780063574540
9780065549706
9789380628660
9798233967771
9781432767082
9789396611359
9788173660078
9780763754563
9788126561292
9788178440484
9788168536326
9789327280074
9788184028768
9789351190868
9789967102170
9789386386823
9798218487089
9781836322214
9798232330859
9781039056480
9783866325777
9781781637456
9788197400766
9780986119866
9788412276176
9788409462117
9789956554812
9780333904459
9788412387599
9788412466898
9780956343802
9788184730838
9780988375000
9798223330288
9788190117623
9788475058054
9788188629114
9798233084690
9781446728918
9789385149313
9780781760348
9781940220543
9788125012603
9780880531146
9798215525845
9786144295380
9789351472124
9789386243522
9788187812234
9789387441262
9798231241125
9783368323370
9798215179673
9781409354383
9789352670062
9788184041460
9788195237203
9783368370954
9788125048084
9783368829957
9789996088391
9781957840451
9789386379610
9780996109703
9798233798931
9780982738573
9788187540571
9788186921807
9788194118596
9781926780627
9789380200132
9788122427271
9781399933070
9781953610089
9789789820566
9798294924102
9788172112820
9788184046939
9788475561646
9788173620492
9783758322990
9780994488695
9780991209033
9788125022206
9780070472778
9789380658025
9780978258542
9780999480830
9780195669633
9788120417359
9783954722143
9788171870110
9781349959556
9789694949765
9788188121274
9781733292979
9789386232076
9788125032953
9789332516649
9781399091022
9783368308506
9780984112197
9780857111128
9783368266035
9781913738242
9780874860443
9789356278271
9788171853632
9798246884669
9781499457315
9780981526461
9788175993358
9789355000859
9781838173418
9788173715082
9798180220752
9788172866921
9798233023620
9789387486935
9780907633662
9788479667184
9798901940266
9788170540847
9789381209271
9788175256972
9788195284757
9788193994801
9798232492809
9788187863229
9788609007484
9788185891842
9788121613996
9788187332190
9789387918559
9788131910139
9788173669040
9789381511893
9781912119035
9780993164224
9788129145628
9788184049824
9780993164255
9780988926820
9789387390874
9798899330063
9788193434888
9788190000215
9789391080044
9781408749227
9783701718177
9781764550031
9788170366782
9780954790400
9780954063986
9789873729058
9781989257623
9781423462927
9789381431535
9798232420062
9798235671904
9789334287837
9798223522904
9789352532162
9788188458905
9788192153421
9789390343386
9781543342963
9781412979818
9788126005864
9789362979940
9780953745616
9780977057344
9780997995503
9781989963364
9788121612098
9781444753875
9789352755660
9788184771336
9788184770469
9781743629093
9780907521617
9780998127743
9783903583221
9781590791950
9780876128244
9788491597506
9788194471332
9789698263478
9788120752733
9788190340359
9781947660533
9789812557148
9788194562634
9788189558109
9789352136674
9789381535820
9789382618447
9783443951085
9780978942502
9780952999485
9781620358016
9781412936972
9781569571811
9789348569134
9789352818150
9798230951391
9780856676598
9789386385925
9781728260167
9788121508735
9798998664649
9788197467455
9788179308301
9783958924604
9789386221759
9788184896282
9781582558011
9781732025639
9788182883376
9788182881617
9781509816057
9781137464675
9788180140761
9788180141492
9788180140617
9780992274290
9780915066506
9780930794668
9798232192846
9781960505644
9780992046071
9789387269224
9788195777334
9780983322528
9788193425671
9788199947351
9781941955451
9788412193633
9789387791381
9789380378978
9789966062345
9780967170909
9788194809852
9788170195009
9783842011250
9781398713154
9783965510425
9789384061371
9788174766960
9780992704407
9788123727875
9788474966053
9788187358688
9788186089194
9788185127996
9788123904771
9789350008270
9798246997130
9788171205172
9780016756399
9788170771609
9780068954897
9780977297405
9789350651520
9788190584128
9780979875229
9789389662474
9798233612060
9789350586037
9798227234940
9788185990910
9789384328375
9780992846121
9781406337686
9789355742483
9798994940853
9781572782648
9780981584669
9780996405225
9780999291603
9781784617585
9781936651290
9788129118851
9780956156648
9789363129962
9798994889909
9788126514946
9788177227611
9788126555987
9798233298769
9789396521153
9798232002268
9780984023684
9789350671306
9789382134824
9781914002649
9781464813795
9781941919088
9780993855207
9781800998407
9788195353224
9781781750230
9780992839017
9788195393718
9781740511384
9798258611673
9788122308877
9789386179609
9798278893288
9788123773131
9789311123738
9788175542136
9788175542211
9789311127736
9789353527228
9788177394085
9781423476511
9788170230489
9798232600211
9798265676900
9789353524753
9781906613181
9788123781891
9789390427208
9789354714849
9781543342970
9789393304377
9789393304506
9789393304216
9789393304278
9789351761365
9789393304537
9789393304612
9789351761358
9789393304209
9789393304902
9789393304704
9789393304964
9780970208163
9781984638076
9789353526924
9788169742016
9799788195121
9788170977988
9798259251687
9798284877968
9781423463221
9798275852059
9781718505247
9788120790575
9789381510308
9789386763716
9780863112669
9788189059224
9788180561603
9789353528515
9789353521134
9798181051867
9781906613808
9788170420231
9788131901168
9788126561414
9789311122717
9788174532411
9781906613259
9788121500302
9789390647224
9798309472451
9789971973971
9788125012306
9781902382579
9788195134229
9781906613365
9788184979428
9780955741104
9783472099062
9789391855314
9788192803043
9788192803074
9788192803005
9788192803067
9789394613119
9788178120300
9789350716687
9781423474999
9788184772296
9780536689511
9781452202402
9788185119489
9781423489870
9798253995778
9783851612967
9780521682596
9788193895184
9780804202596
9798263539436
9780143004387
9798275902907
9798268937398
9788176493956
9781906613013
9789361564741
9789385621222
9781906613730
9780071241762
9781423466260
9788193234556
9798255237432
9780670091515
9789311127033
9789373745763
9789373745107
9789373742793
9789373740669
9789373745893
9780190137977
9780193501584
9789311121536
9789311121529
9788490053676
9789361034763
9789370601369
9781409369752
9788173198427
9798253992791
9798233970078
9798304501149
9780571550098
9788178121079
9780019898423
9798245640327
9788178121130
9788122202892
9789381018996
9789352512942
9798863594798
9780903908283
9789381626436
9798262459186
9798294734992
9780902940215
9789361560378
9798246633472
9783031133329
9788130001234
9780007341283
9798985977264
9788183329453
9788183323543
9783700323167
9798268100075
9788187680239
9789380408026
9789355852663
9788485209590
9788130900605
9781740511438
9781403171733
9798248096787
9788120783805
9798180434012
9780902940239
9798268551938
9788119114542
9781472641205
9788178122779
9788178122649
9789788179917
9781409369769
9798279028337
9798297254947
9788193303658
9789367190029
9780143421344
9789391855321
9789385160110
9780953025107
9781423492832
9780571551828
9798251959369
9798248250462
9798272371850
9788125013815
9789380480572
9788186004081
9789385621475
9798275678109
9781409369776
9789369582877
9781913769437
9788185263441
9781409342342
9788170557746
9788184770964
9781409325956
9788817869461
9788122312782
9798249312909
9781737572404
9789370024007
9798279379842
9788194043720
9789387984585
9789387984523
9798248613380
9789363860292
9788181780959
9789353529123
9789380485140
9798277731369
9798217090150
9788120769762
9798282199239
9781911477280
9789694690391
9789355180896
9788170552109
9780201062069
9788184871388
9788131924037
9789352134137
9789394317529
9788198149206
9789352837861
9780536680594
9788178120409
9780998900469
9781536876789
9788122309218
9788183325714
9798333583505
9781009806725
9781009806039
9798271222849
9781906613204
9789381431689
9789351760146
9788187553021
9781423407812
9789385932564
9780948877896
9788173667473
9781409354390
9788170544234
9781910367070
9798335266048
9788122309454
9798259228306
9788122308815
9781782442592
9798268266740
9781951897635
9788131219706
9789365575507
9789357431682
9789367254325
9789370038691
9789351034131
9789361562150
9788184044522
9788199254886
9788187680307
9788195267477
9798246704387
9781647331993
9798344129068
9798277834442
9780954124229
9789361560118
9788175259621
9783943638028
9781906613037
9788411941082
9798245922515
9798242207042
9788125045847
9788125045854
9788125045861
9788125045878
9788125045885
9788125045892
9788125045908
9788125045915
9788125045762
9789354424298
9789391067861
9788131202951
9781902382555
9788170559559
9789385621499
9798245963563
9788125061236
9780863115080
9781492604723
9789381431160
9789381431153
9798244358438
9788172130800
9781984638588
9788170556015
9788174530196
9788187746393
9789365578355
9788120797420
9798278388289
9789370034723
9781638502500
9798342672511
9788185566511
9798231587964
9788174732019
9789373745879
9789373744957
9789373741864
9798233664243
9789350717431
9780143454762
9789367259764
9789367256572
9788126136582
9788174732033
9788174732026
9798217191642
9798248531295
9789385621895
9789311126838
9789311126890
9788120796904
9789350947678
9789353887490
9789386561190
9788184041811
9798291943137
9788125051626
9788126318216
9788172341572
9789350943779
9781910367056
9781404120518
9781404119857
9788125012344
9789352134748
9789382000389
9798217090167
9789357439718
9788125054764
9788170557210
9781423494591
9781423494584
9788123735429
9788122306958
9781981122592
9789392880346
9788190636292
9788179506431
9788175250376
9788170555926
9798276824215
9798344108599
9789391855482
9798255828395
9798254705680
9788184046458
9798258160652
9788178553245
9781403995568
9798275934137
9781906613372
9788170552758
9789385621734
9788173029233
9788124603512
9781973752813
9798290299471
9781473913738
9788188128037
9788120798496
9788120798489
9789810615598
9788178120386
9798315891390
9798263860202
9788178122922
9789364875202
9788172296308
9789357432849
9788129709288
9789351037620
9798559333090
9789390232222
9789348734600
9789361030451
9789361038143
9789385616167
9789367255407
9783200305205
9798250370707
9789354710681
9789354710841
9789354710445
9789354710520
9789354710964
9789354710605
9781431424399
9788120046863
9781543177183
9788126316168
9780857831286
9780915008193
9788171302222
9788171853755
9789311125527
9798869782724
9780996996303
9781107414419
9780853182955
9798241043016
9798304571432
9789396902204
9798255680146
9788182658455
9781869433819
9781423437871
9781423414506
9781423414490
9789381626573
9789369585830
9781409369783
9781973982050
9781973809838
9788119497744
9789394317505
9788181890092
9798273864528
9780913785980
9789810185473
9781409349303
9788131913734
9798257598623
9789367257623
9789367257869
9789367251232
9788120777330
9789810182441
9798264766701
9780190137144
9798217090174
9788175993716
9788178120713
9788193770412
9781543345483
9788198885722
9798314045039
9788125056423
9788125056454
9780895402363
9789361038570
9788181438133
9788122611861
9788174532480
9781838355807
9788471418234
9781910367063
9788172343507
9788172343828
9788172344634
9788172343163
9788125007555
9788188230846
9780190137205
9780190137236
9780190137212
9780190137229
9780190137243
9780190137656
9780190137267
9789367258606
9798247498902
9780198895312
9788178120232
9788178121352
9788178123165
9789396954401
9789352271399
9789382026525
9788174530202
9789380536217
9788197852251
9798254052692
9788123918365
9781906613655
9789388658775
9789385874819
9789382578727
9788184721669
9789361036057
9789361034855
9789361030536
9789361034442
9789361032011
9789361030024
9789833517763
9781398306707
9781398306714
9798248802470
9798271804137
9789383296316
9788170556022
9780965656986
9789385621284
9781906613075
9788172112936
9798257467714
9789367250488
9789367256633
9789367259795
9781105271496
9788120764583
9780815108269
9781906613938
9798235216648
9789388658782
9780859678025
9781904634812
9789384866419
9781403167972
9780330473019
9788190000208
9788174530400
9788170553038
9788181475473
9789587715552
9789351293743
9788478017294
9788184045673
9788131508534
9798332873072
9781423493631
9781423493624
9780978686666
9788175543423
9780143306511
9798273466517
9788187671763
9788180522062
9781405959919
9780861315055
9788184041989
9798279310456
9781423425625
9789356182899
9789356181144
9788131226544
9788174531728
9788178440378
9781976191459
9789350947265
9788187077152
9781846841804
9789361033773
9788131225196
9798277187845
9798231115303
9798231440450
9789334170610
9798241205384
9781582791128
9788174532183
9788181820501
9788409657049
9780571551248
9781407116327
9788194043645
9788186772058
9789355014665
9788121941044
9788174730626
9788123926742
9789311124223
9798279294008
9789391855093
9789370600935
9789361034220
9789367256602
9789367251270
9789367253342
9788184042207
9789311127781
9788178122380
9788178122397
9789311122441
9798296350770
9789350943885
9789350943892
9788192976006
9788184070330
9798276429595
9780999066379
9798901765265
9798902072270
9788125003861
9781470612146
9798259052727
9789334138078
9789384028336
9798892673570
9789353520656
9788129113702
9798399826301
9798277006726
9781009813129
9781009813259
9780860370987
9788176762106
9781423475941
9781423429449
9781906613068
9788172299804
9780001080324
9789351761457
9781906613082
9783642026560
9789352755134
9788123703671
9781902382098
9789385827808
9798255938483
9788172345051
9783701105380
9788125010852
9788184030853
9788178121628
9780872172944
9798290065045
9789352871469
9789352871483
9789352871506
9789352871537
9789352871544
9780863114618
9788181283832
9789311128818
9788185094779
9781998851799
9798277772935
9781881528289
9798268685701
9788194051039
9789385621338
9780536659750
9781423429456
9788182091634
9788170554912
9788123711027
9788475057903
9781484252741
9789385616303
9789390647279
9789390647880
9781858680255
9780593981764
9788125004660
9798254562221
9798275560824
9798257382888
9798180418593
9781423471509
9789357437271
9798294486938
9788184777048
9798180686053
9788173666032
9788122313307
9780947655617
9789380761589
9781447210894
9783910776081
9780853184270
9789365574265
9788174531391
9781418886172
9788178125084
9788186762158
9781910367339
9789349562615
9781906613723
9788189338466
9798293792672
9788182476332
9789391626242
9781423476450
9788172345204
9798254575504
9789385621239
9781976333620
9789396111446
9780948833526
9788131901175
9789384385033
9781910367087
9798223087397
9781847203007
9781740511421
9788195979684
9798397359597
9788184777925
9788122612905
9798246332528
9780853186076
9781906613006
9798277364796
9781423414476
9781423414483
9781979148498
9780857425904
9789386215468
9798243104487
9798233946592
9798259368736
9798224880546
9789361560514
9789381626382
9788121615730
9798257193644
9798258243041
9798244045284
9781983788444
9783443950682
9798302934772
9780143301219
9789380834528
9798247352747
9781906613112
9781981560400
9798255326846
9783443950569
9798263700126
9788170594437
9789361565014
9789361855153
9781984388322
9788122310238
9780330473415
9798253990735
9780749449131
9789353529048
9798254926351
9781902382562
9781105242700
9789353525880
9798261770640
9781974335398
9781408368459
9781408368466
9781906613105
9788131931233
9789359066677
9788129142269
9781906613990
9788178244785
9788184040302
9788174142931
9788188260034
9780984094981
9789386585431
9789386585912
9788181370938
9788172344382
9780907738374
9780016755866
9789384385170
9788170554417
9781910367094
9788178123301
9788178122571
9789380444543
9789386309013
9788177395112
9798257788413
9798294485900
9788170557487
9788170556978
9788170557647
9780871717405
9798269104577
9781902382623
9788170552444
9780143474678
9788189091057
9788170552987
9788170553014
9780592054438
9788126317400
9788170557036
9788123723235
9789350555934
9788186782774
9789381398746
9798272392022
9781423494492
9788184045062
9789380619965
9788126567805
9781850157212
9781902382470
9781534969704
9789381398739
9788131208229
9789334148251
9781423477396
9798864181362
9789361569579
9789353529468
9781906613020
9798258077349
9798246689677
9789654989954
9788194920977
9788188236282
9789334237078
9788131965573
9788131965658
9788184100532
9788120843417
9788172297091
9788186762899
9788120770881
9788131809723
9788198120991
9788184355055
9788184355420
9788131934852
9788172162658
9788198276223
9788186219386
9788172299224
9788131909911
9788131911044
9788187812395
9788180542848
9788199261341
9788120797765
9782122611579
9780000146441