ISBN
9789380186870
9789350482926
9788173159466
9789350485392
9788173157431
9788173158933
9789380183558
9789350481714
9789351864653
9789380183466
9789383110674
9789351864738
9789352665693
9781637749586
9798889272526
9788126312771
9789351449621
9788132209621
9789351471004
9789390767120
9788172234300
9789351471912
9789351472223
9789351472339
9788131905142
9798181282681
9788170213840
9789351762676
9789352036790
9788170213741
9788178125312
9789361032912
9789352036769
9781781750117
9788120784437
9789350620762
9789350940242
9788179916223
9788185053134
9789350940259
9789350487907
9780142181454
9788179681077
9788179681091
9788179681220
9788170217596
9788705893844
9789367255193
9781578268344
9789387444294
9789383233670
9789395101332
9789386179524
9788190733311
9789351065692
9788126127986
9789352512348
9780190137076
9788184977943
9789311125251
9789383111633
9788192153476
9789381431504
9789381431740
9788125950363
9789361030031
9789361032936
9789361038792
9788121206464
9789381398791
9789391067847
9780190137106
9789361039751
9798183821093
9788189973704
9789350944608
9789354659263
9789383643776
9788183557207
9789367253175
9788196751296
9788131505809
9788183553353
9789350041772
9789387590137
9789388305860
9789383635207
9789386832993
9788194937142
9789357467223
9789367137413
9788197852213
9788131999110
9788183558648
9789356520202
9788126548545
9788126550531
9788126562329
9788193698686
9789325992252
9789384344368
9780190134242
9789381695517
9788120341203
9788126541768
9788170822431
9788193895153
9789382711087
9789385980749
9789348048363
9789352032891
9789386054784
9789385980374
9789325983373
9788126513208
9788177229042
9781529936476
9789388850933
9789388182416
9789351287117
9789350480175
9789380186849
9789380186634
9789123977482
9788126539147
9788131923368
9789350041024
9789351190929
9789350716229
9789351446460
9788180564697
9788131901670
9788170213499
9788170215554
9788188600809
9788170211198
9788170216919
9788178125329
9788180562631
9788170216223
9788170216322
9788171820368
9788180561320
9788131900833
9788180561498
9788180562341
9788180565458
9788122202274
9788122202335
9788122421903
9788180565700
9788120731417
9788120757400
9788120767270
9788131900710
9788180560538
9789351212232
9781845576264
9788180561504
9788180561535
9789354770555
9788131901748
9788131905524
9788131905531
9788131905654
9788170211419
9788173861130
9788122301175
9788131805725
9788170298731
9788180566752
9788120342675
9789386347060
9788181430861
9788178557069
9788180560415
9788122202212
9788122421576
9788131809112
9788170555476
9788121918947
9789351866190
9788131909270
9788182964167
9788122316001
9788131903636
9788131946305
9788177392371
9788183332699
9789380644011
9789386224132
9788120342248
9788122315165
9788126538287
9788126542864
9788180549922
9788183552462
9789311126715
9789350041574
9789350045954
9789351449799
9789385875977
9789386309297
9788170086109
9789352036875
9789352532094
9789383635894
9788180549915
9789354773648
9789387604827
9788178126296
9788122205046
9788131230688
9788177223347
9788178557618
9788192153445
9789380108636
9789380644332
9789386850881
9789387984493
9788131903643
9788168519220
9789350949047
9789389048742
9788183452434
9788177394443
9788187479000
9789388850438
9788182964686
9788183488068
9788196751265
9788120342682
9788126504664
9788131517376
9788131909256
9788131949313
9788170219828
9789352031726
9789352031740
9789386036803
9789387672925
9788125918998
9789348957863
9788131704370
9788131964156
9789355015365
9789354641268
9789388302098
9789385980466
9789389048766
9788131915530
9788131918418
9788180562228
9789382609377
9789386383808
9789389152203
9789350944516
9789381398524
9789348203274
9788120338029
9788131806296
9788131905623
9789351447979
9789387840126
9788185680255
9789351197263
9789385932533
9788120347670
9788126507788
9789351471257
9789387672871
9788122432244
9788131902974
9788131930939
9789347273506
9789351449768
9789353501525
9789694962931
9788131938492
9789385980855
9789393726148
9789351442592
9789385980442
9788180567308
9788131205471
9784863470071
9788125923442
9788170595632
9788176565431
9789381068397
9789382291459
9789385966637
9788191019568
9788178551920
9788183990868
9788122413656
9789351445258
9788131906125
9789311128757
9789352512300
9788182092341
9789351449782
9780071068031
9789350041338
9788178001791
9788180562679
9789358860108
9788131902509
9788131931196
9788180561832
9788192549712
9788131901984
9788131918401
9788175054806
9788184975963
9788131914946
9788170219705
9788184974706
9788131910740
9788122200829
9788131907405
9789332539570
9789385243912
9788131903704
9788122204216
9788122301038
9788120335059
9788120351974
9788126521234
9788126537310
9788126550500
9788183286862
9789380108605
9789380618876
9789356181229
9789352031481
9788177228953
9788126531035
9789381431252
9780070669260
9788175251762
9789352511044
9789387242074
9789380200347
9788131924334
9789366114613
9788131918852
9788176710190
9789350046753
9789389867701
9789380473192
9781572842847
9789353949464
9788122313956
9788174091147
9789382618904
9788123922959
9788175248601
9780074637890
9788131505700
9789389520385
9789384544034
9788126505333
9789350040690
9788126512218
9788173719356
9789350040515
9788131901052
9788170219774