9780979898303
9789386392404
9788122203943
9789381189665
9788190074551
9788174531971
9788171858156
9788171853076
9788171858675
9788184489446
9789380206394
9788171857982
9781728261478
9780399586507
9780399586514
9780399586521
9780399586538
9780399586545
9789388372244
9788181891686
9780865735125
9788122305890
9788122313888
9789385152689
9789325977723
9788123773551
9788170130376
9780918606174
9781407606699
9788180520044
9780593512609
9788170948551
9781009344913
9781009714013
9781530740628
9781009495677
9780865265158
9781009715607
9781009634243
9781009634267
9781039013544
9781009486262
9789380428178
9781009329255
9781009485159
9781009055079
9781399544795
9780980541984
9788177394573
9781423669500
9780971086944
9788177587111
9780982272664
9780901780102
9781009273824
9788189920814
9789698917029
9788189059361
9780956984005
9788172701468
9780857306241
9789384266028
9788189928834
9788121923422
9789352741199
9788122440447
9788121929509
9789382711315
9789350161012
9781009589352
9788172162399
9789351034032
9789351034049
9781009678186
9780969553878
9789380376387
9788186791097
9780871715500
9780871710758
9788126309382
9788196175177
9788125063742
9788176631075
9780867188295
9788178623672
9789325977785
9788131919385
9789367257616
9789367255490
9789367257678
9789367259306
9789367251119
9789353522780
9789381182529
9789350486467
9789395310857
9781307295061
9780367269500
9788177212716
9788121619868
9788177391176
9788192228709
9788184620061
9788184620054
9780143468196
9789693522365
9788186117316
9781009698788
9781009660839
9781009672054
9780953143337
9781009667739
9788176211291
9789352665655
9781009583145
9789383382378
9781009768160
9788121922449
9788190629409
9788180303036
9788122421705
9788121941860
9788180302978
9788199625525
9788122440522
9780892329090
9788173715686
9788172336905
9788172330255
9780956967022
9788186219942
9781009644044
9781421454351
9781420286366
9781009376358
9781009704243
9788174530394
9788187644941
9788185119427
9788185211732
9781852522131
9789389152005
9789382291053
9781419004087
9788123763774
9789351861652
9788171851645
9788122414578
9788122484601
9788123725727
9788187222392
9781434106001
9780241745793
9788170500292
9780735243057
9781009749114
9780895512062
9789383110995
9789386224811
9780961906733
9780982867099
9780932686305
9781435462670
9780941846455
9780880488204
9788174530417
9781009567237
9781009671439
9788131503836
9780706984613
9788170892403
9789388754422
9788184044171
9788185860251
9788177393415
9789384385101
9781009407106
9781009407137
9788122003383
9780857507655
9788189521271
9789351380511
9789389996142
9789382258131
9781801086776
9788121614832
9781407613611
9781009611084
9788126308453
9788120336681
9788180521591
9788126309979
9788189424589
9788122201390
9788170947684
9788172336233
9789814670241
9788172337544
9788174466068
9788121922364
9781407362892
9781009639354
9781407362199
9780947219147
9788184979442
9781009680530
9781009407458
9788180561511
9789694721880
9781484290910
9780967254340
9780994811202
9788121619943
9781405966719
9788122203127
9781511894302
9788131911037
9788178241678
9781009672320
9789383110223
9788131913369
9781009161190
9781510434929
9781009501040
9781009501033
9789353166953
9781009363242
9781009677707
9788121616928
9788130100128
9780979299391
9788189645571
9788178242040
9788185119816
9788180547447
9788181806604
9788181807403
9788181803474
9789381063385
9780198089681
9789385724251
9789361567872
9789353525798
9780857113696
9780957666573
9788123745121
9789385039126
9789381506370
9788131900062
9780996859097
9788170168096
9788121613460
9788131787526
9788172335816
9788121939997
9780838505564
9788121940764
9789381626528
9781009431002
9789389000740
9788126554881
9788126559695
9780780381353
9780893030001
9781009805742
9781009427173
9781434105899
9788125054504
9789380428123
9788123734460
9789385160912
9788190717311
9780143441083
9789386054777
9788126314065
9788123747941
9789391242121
9788180318757
9788123733272
9789386054692
9788171851027
9788123750682
9781009682749
9788172336110
9788183226790
9788192009070
9781009548236
9789381575734
9788121925082
9788130100388
9781443478700
9788179061633
9788121941228
9788121942379
9781405971270
9788121615266
9780901601902
9789076041438
9788123700274
9781419775673
9788126317288
9788130909967
9789382127086
9780887233494
9781009740708
9781009245579
9788177580471
9780857111456
9781009743365
9781439927618
9781444146059
9788186050156
9781009632829
9781009632782
9788184049749
9788126531059
9781009728416
9788178441207
9781451186345
9788171947843
9788125907671
9788130910772
9788170946281
9788170944744
9789325963962
9780230327726
9788129114860
9780645081725
9781009331791
9789385329425
9788121923798
9780190137939
9780190137915
9780143450061
9789355735546
9788123758480
9781880687376
9789381069158
9789361030338
9789361033957
9789361031434
9788179930700
9781408096390
9788125047193
9789367252536
9789367258002
9789381156117
9789388925402
9789367250075
9789373747347
9788184780987
9788171818181
9781451190441
9789354977855
9789354977879
9788196908874
9780961163297
9781009814539
9781009818315
9781009798549
9781009798105
9781107640542
9781009060943
9780901865267
9781420530551
9788171390007
9781009643092
9780865425637
9788189645267
9780872291447
9781009498449
9781421454184
9781009709798
9781009408288
9788123919959
9788123904146
9789387511064
9781009770484
9789386769893
9781407362939
9789326354448
9788121618397
9780956809643
9788186026366
9788184876925
9781009675109
9781447277187
9789380358598
9781009685443
9781009569354
9781009569392
9789385152351
9789380658452
9789380658209
9788187671336
9789380283289
9781009495974
9781421453545
9781009364010
9781009643191
9788178061078
9780911079050
9788178690940
9789698957483
9780727759795
9781435487802
9780979761935
9781529668773
9781009419208
9781009598477
9788185396149
9781107508545
9781107508552
9781107508682
9781107508712
9781009707664
9781009707671
9781444144161
9788120728882
9788123909912
9789380156538
9781416022237
9780915391394
9781009679091
9788126528097
9780892879311
9780891168430
9781009433754
9781009660631
9781009588102
9781009448734
9781009614115
9788176000000
9780007438570
9780007415472
9780007446421
9780007341245
9780007415649
9780007438631
9780007438648
9781451107210
9781009511360
9781435486157
9780991563555
9780992424909
9780882291581
9789381335499
9780860035350
9788173716102
9788176496872
9788121927413
9788121927284
9780949432094
9788170086697
9780632025657
9780070593725
9788131805404
9788125941941
9788121923453
9789382730057
9788189645113
9781009685047
9788183990028
9781009724296
9781009539586
9781009547185
9780984193318
9788173713323
9788181805904
9781009393614
9781009598576
9781009769617
9788188573622
9789381302378
9781009180139
9788190042291
9780230527287
9781009515719
9781009515689
9781009636896
9781009374125
9780521728416
9788131910771
9798282305388
9780866475938
9789350620779
9788185822297
9788175364516
9789351199434
9781009652988
9781009780605
9780143418870
9788190904612
9788130900193
9781009074711
9789351191902
9781009649810
9781433197758
9788176211376
9780923369316
9781009165822
9780873899840
9780894351167
9781009479455
9781009635271
9781009635257
9788125052500
9788121941501
9788171818167
9788171818198
9788188573929
9781009572873
9780946148813
9781009706650
9788170543695
9788184420517
9781009449380
9781009640367
9780983275756
9780941158893
9788120720909
9788176935586
9788174469335
9788181803436
9788123755014
9789353521448
9789350486399
9788184044133
9788123744377
9788184046762
9789352512874
9788178694757
9780997400199
9780143460886
9788132107156
9788186791769
9789350040423
9780340847008
9788170351733
9780989884877
9781009679015
9788194754046
9781009482561
9788180280221
9788188569595
9781009726917
9788126308927
9788126528370
9781009451741
9788186623060
9788121605397
9788173669477
9788170543800
9788184620849
9788126306183
9789386054180
9788131905951
9788184355352
9788187680079
9788174468543
9788173713002
9788121941556
9780241648995
9780763796396
9789348734099
9781009400053
9781009598705
9789339203405
9788192850740
9788170215165
9781009669542
9781009300902
9781138581715
9788174468451
9781009221245
9781407655871
9781009675376
9781009675369
9788125937005
9789381703106
9788122400908
9781009446945
9788131900369
9789383154203
9781009328807
9781009622066
9788170709725
9788184045567
9788121619776
9788131708330
9781009461054
9781009461047
9781009518765
9789350486221
9788170217374
9788184046786
9788170543619
9781407363707
9780980224795
9788121500012
9789381431788
9788123710846
9788122420449
9789367254738
9789367253250
9780199455294
9789367257487
9788123756929
9788184875119
9789351073826
9781449686666
9788125055600
9781009272353
9788189645441
9789785237405
9780879074487
9780979457289
9789352530427
9788193036129
9780852728239
9781009660488
9788131910108
9788192571003
9789350717462
9788186026229
9789381302576
9781009405584
9781009326346
9781009539302
9781009337656
9788185229300
9788178695105
9788170543015
9788121618236
9788126306213
9788121619653
9781400351855
9781420529630
9781138583122
9789389691795
9780074621868
9781419786082
9789389662528
9788121926461
9788121938532
9789351073604
9788185240909
9780195687422
9788123905334
9788174469298
9789350001561
9781009461283
9781009417334
9781009608572
9781009651943
9788186563106
9789985099032
9789380033761
9788131902059
9788120338180
9788120324404
9788121920919
9788173716782
9788121905145
9781009642972
9780521736411
9788125052241
9788173703096
9781009586160
9789350482117
9789350040263
9788172131432
9789381162149
9789380618593
9789384987107
9788170193234
9780863113765
9788188237104
9789694023786
9781009650694
9780872813076
9788185046174
9788184890273
9788172334949
9781009587754
9781009718103
9781009640428
9788126557622
9788121912617
9789380376301
9781009619523
9781009550277
9788125014805
9788125014041
9789384566029
9781407362458
9788125041047
9781003863403
9781784159399
9789385724008
9789367255728
9789367252154
9789367259573
9789367255889
9789367254004
9789367254813
9789367255605
9788123745329
9788123740584
9781009056076
9781420286373
9781420286380
9788131911679
9780992552855
9780996223850
9788131908075
9780853186212
9780857854162
9788173710926
9789384028282
9788186706718
9789350486238
9789350486627
9780871548252
9781009417945
9789350231227
9788171946495
9788131503119
9788120343160
9788170944225
9788170947943
9781844140374
9780903345064
9788120764767
9780998348452
9780995533561
9788172333997
9781447998358
9788170702290
9781009663571
9788170219125
9789386041692
9780865435315
9781009486699
9789325975170
9789325978591
9781009421027
9789383283101
9788187325369
9788172764593
9781009098137
9789387925489
9780992424534
9780853186144
9788180563966
9780956777317
9781421454030
9788176631105
9789360743062
9789381335888
9788181289162
9781138581944
9788171949984
9781447174622
9788122435047
9788121929462
9788177588163
9788131716540
9789389477023
9788125033738
9789367256305
9789367252932
9788123734965
9789353526948
9789350366202
9788125063247
9789391067410
9788125059523
9780871710550
9788184355369
9788178623702
9789388302241
9788121620567
9780190132316
9788178242545
9789386092373
9780907780168
9780970344939
9788170707387
9788170707394
9788170707400
9788170703365
9788170703372
9788170703020
9788170701477
9788131908273
9781009576352
9781009634069
9781009372411
9781009571845
9781453336168
9788122435672
9781421453606
9788127251079
9781009692977
9780852727553
9781009691116
9788125024958
9781419780936
9781512097726
9788184970906
9789351039839
9780995740198
9788123778808
9789359718316
9781137535573
9788183243841
9788125002727
9788189161941
9789937203630
9788121617680
9788122419269
9788170081494
9788131908686
9781009576970
9781009435079
9788125032168
9789350892534
9788180221507
9780906227404
9788193877296
9780190130602
9781009697521
9780944992395
9781435173415
9780190136345
9781421454436
9788131907443
9788121613323
9780871716095
9788122418002
9788176936927
9789354970276
9789354971198
9789354971242
9789354971259
9789351032809
9781009197731
9780852936917
9788125055853
9789353528218
9788123765501
9789381431603
9789353454487
9780852726501
9781447174295
9780884165781
9788170212898
9788171671991
9788126308965
9780979874734
9788125030492
9781009619394
9789350121948
9788170521921
9780943255033
9788175242111
9788126122868
9781449629359
9781009673716
9781009673709
9781009630108
9781399623865
9781009530293
9781009530323
9780340849743
9788122201406
9788180560361
9780891169758
9788121929189
9788190864213
9788121612937
9788126319558
9788171542062
9781009714761
9780991301157
9781421454054
9788183770927
9788121504744
9789327277678
9788171566082
9788186791332
9788124504376
9788122200805
9788131901526
9788176553193
9789381302644
9788122201789
9781009564922
9781009564885
9781009747431
9781009747400
9780989177658
9781421453750
9781420530469
9788170947097
9788183820769
9780976614692
9788174469045
9781009622936
9788188739257
9788193824702
9781138583184
9788182813670
9789350717417
9789384139100
9781009606271
9788189645434
9788185116587
9789382358732
9788186618264
9781009698443
9781421453088
9781009431484
9788121617390
9781009441308
9781009670685
9788126542918
9788178694696
9788172334871
9780982933510
9780992837754
9788125918608
9789311127385
9781009383035
9781009452458
9781009980159
9789385152085
9788123721101
9789353525651
9789367253571
9789373741567
9781009272186
9788173716386
9788196175184
9788174468840
9781009612319
9780992329785
9788125051749
9780936115009
9788126540617
9789350481158
9788189059194
9781009500135
9781009500128
9788121928328
9781009450928
9789380250472
9780992858162
9780990625964
9780857051264
9780241634653
9781423464952
9788183231015
9788122001877
9788178243160
9788176000048
9780761995005
9788189487973
9788185002910
9788173710056
9788125015826
9781009842464
9789382186205
9781009590549
9789388266895
9788125953081
9781009641678
9789383746804
9789352132874
9788174468772
9781009707992
9780706989670
9789327227932
9788190705394
9788185396088
9780691153254
9780691147277
9788184877021
9781407363110
9798123911525
9781009565288
9788125052050
9788120349445
9788174468673
9781009450058
9789327275148
9780521738323
9788182964112
9789386379900
9788122428186
9788125029106
9788126307357
9780857306265
9788121922173
9789352806461
9788178001937
9781009274333
9788126556014
9788121932295
9780981166032
9788125904663
9781009633536
9781009631570
9781435173408
9780993396564
9781039007970
9788126306558
9780977402427
9780972098007
9788126340255
9780190137311
9780190137328
9780190137335
9780190137342
9789350487198
9788172241148
9789390659937
9789388689687
9789326355001
9788184049411
9788180522895
9788190208697
9780857306227
9789326355018
9788126314522
9788176211253
9780861967575
9781421454016
9781399812306
9780957554993
9781009444828
9789326351607
9781408507568
9780190137304
9781009015233
9788126320103
9780956410078
9780190137038
9780190137045
9780190137052
9780190137069
9780190137083
9780190137090
9780195607703
9789353528454
9788197876806
9788126313938
9789357750790
9788193073711
9788123779973
9781009671354
9781009671361
9781009402583
9788126313112
9781009617604
9788123707518
9788121614580
9788170543220
9788193231968
9781009714358
9780986622571
9788180280184
9789389833409
9788173717291
9781009108348
9788121611244
9788125052630
9781429206426
9789350462317
9788125056058
9789367258392
9789367255841
9788125059820
9789354977060
9789354976971
9789354977077
9788172337780
9781009766289
9781009766258
9788190662239
9788121618625
9780854903115
9780883823156
9788125022541
9781009658287
9789381162262
9781009782104
9781009733816
9781009532778
9781009633895
9781009633871
9788185636405
9788122433630
9788178244976
9789350714942
9781009676243
9781009711364
9789383158218
9789386385468
9788122314809
9788120747760
9780871548528
9789380250021
9780850368017
9781942483212
9781009570879
9788185843230
9781009660525
9780930326180
9781009011198
9781009682619
9780859767439
9781935677567
9788185680156
9780070648180
9781009625760
9788131504345
9781433167270
9781009527200
9781009527217
9780997848274
9780979921988
9788123748801
9781418005788
9781449648015
9788180563782
9789325977587
9788178623740
9789353525644
9789350486382
9789353523602
9789353522537
9788184877267
9788123916286
9788125007487
9789361032820
9789361035265
9789361034947
9789361034589
9788123766959
9789354970009
9789354971396
9780070589384
9789361032424
9789361031083
9789361030697
9789361035616
9780190132361
9780199488292
9780199488360
9789367256169
9781416027300
9788131906149
9789350236314
9780190131807
9789367252659
9789367252680
9781447174783
9788184731187
9788189403065
9789390911950
9788131910146
9788121619141
9789382618331
9789350486979
9788188790340
9789383111138
9789351100324
9781009602631
9781009358811
9788120615700
9780955247392
9788131910979
9788131806272
9780230328884
9781423901891
9788174468888
9788174469274
9788183230414
9781003864288
9781009180764
9781009578622
9788185616940
9788192723297
9788123731308
9781009305020
9788195983797
9781009760225
9780791065334
9781009413992
9788121924306
9788174467287
9781009601023
9788186307090
9780857507341
9780960125982
9780991389490
9780801047558
9780952274469
9789608616387
9786188331242
9788121941853
9788176553131
9788121927000
9788121935258
9788170709558
9780870652844
9789386546319
9788184350043
9789937007979
9780834757738
9781421451763
9781009610742
9781420531848
9788183326254
9788183326292
9780872869448
9781009364119
9781420531749
9789355213839
9789363869127
9788121620338
9788180387623
9788191064285
9788121615723
9788190511216
9789381335727
9789380156682
9788131917008
9780853124245
9788120344594
9788122415797
9789694073774
9788125010883
9789251078631
9781009499446
9781009561105
9781009669450
9781009298322
9788122203158
9781009566872
9780906245514
9789350233986
9788173711237
9781009459990
9788129701428
9789351424444
9781009498272
9780888397959
9788193498323
9788127241285
9781009699808
9781009706834
9781009613712
9781009613736
9781009501347
9781009325615
9780913785904
9780889714984
9781009651363
9781009651356
9789351106043
9781009466578
9788126552672
9788122449945
9788131311004
9788121501828
9781009598644
9788178241333
9788185119267
9781840598155
9780975621622
9789382618201
9780863114250
9780195615722
9788181468246
9789381626870
9780975623046
9781009629362
9781009223201
9788123779102
9789350070260
9789351416319
9789351416142
9789353529352
9780198418917
9780198395799
9780198408444
9780198408468
9781237526754
9781237526761
9789367258187
9789367258668
9789367254479
9789367255315
9789367257302
9789373745732
9789373743875
9789373747828
9789373747613
9789373744438
9789373745589
9789373746258
9789373740614
9789373745053
9789373748047
9789361032561
9789361036361
9789361033322
9789361039454
9789361033209
9789361035425
9789361037511
9789361035609
9789361037313
9780190137359
9780190137373
9780190137380
9780190137397
9780190137465
9780190137472
9780190137496
9780190137502
9780190137526
9780190137564
9789361031113
9789361030956
9780190135188
9780190135195
9780190135201
9780190135225
9780190135232
9780190135249
9780190135256
9789367254417
9789361035869
9789361034060
9789361033834
9789361037887
9789361033438
9789361037627
9789367256121
9789367258699
9789367253588
9789361035319
9789361033896
9789361031229
9789361030871
9789367256459
9789367252529
9789367254400
9780190134945
9780190134969
9780190133795
9780190135027
9780190131968
9780190134983
9788170543886
9789367256176
9789367255278
9789367257456
9789367252833
9789367252949
9780190132262
9780190132286
9780190132293
9780190132309
9789367254042
9789367253823
9789367251621
9788194049449
9789355205889
9783030113872
9788126538683
9788121615068
9781426224591
9781009527804
9788130900315
9781009687713
9788122200430
9780994296245
9789382711377
9788194740001
9788173195075
9780881442755
9781009631167
9789354974205
9789350366370
9789350366387
9789350365298
9789385494123
9788121922968
9780199496556
9781009539265
9781009329040
9788125056713
9788170193753
9780908598557
9788174530561
9780993560774
9781009524469
9781009505109
9781009505123
9781009417419
9781009292894
9788178690759
9788185116426
9781421453569
9780916094522
9781419771125
9789382400295
9788121614788
9781421518954
9781009646550
9781420534719
9780859767422
9788190843379
9780852987940
9788120334441
9788125906308
9788185116617
9780999280317
9789367255087
9780190137250
9789367253793
9789367255100
9789354975356
9788128026027
9789367257722
9789349941649
9789367257753
9789349941007
9789367251997
9789349941731
9789367250433
9789349941762
9789349941489
9789349941496
9789349941861
9780198396390
9780198396406
9788125036852
9789354977558
9789386347206
9789386110398
9789382471509
9780954106898
9780706999280
9789630538718
9788170543480
9780863114069
9781009658867
9781009658812
9780932624475
9781420531879
9781009500791
9780874344172
9780993804304
9780861549825
9781009527309
9789812530714
9788132117940
9781009325899
9781009470315
9788184047844
9788173668555
9781009691383
9781009656139
9781009644631
9780974490687
9781009730525
9781009730518
9781009543712
9788125042020
9780953494453
9788183322911
9788121933728
9788121933629
9788125038672
9788189645250
9788122202571
9780998173696
9789349941175
9789361032400
9789361031311
9789361032714
9789367252499
9789373745077
9789373741604
9789361035067
9788122204209
9789389688467
9788125059202
9788125056065
9788123728278
9780195793635
9789694071299
9789694480329
9789388754279
9788170706212
9788170706229
9788170706236
9788170706243
9788174455246
9788125018506
9780952731177
9788188790357
9781397670328
9780071240024
9781009677578
9788170707431
9788120739819
9788120739833
9780241626511
9781421454702
9780916589271
9781433844317
9781009674249
9781009674201
9781009565745
9788173716522
9780367268244
9788122411690
9781439080757
9781009698702
9788120757417
9781009241342
9789388159548
9789388159555
9788175249424
9788125013464
9781449601973
9781439048757
9788122432053
9788172332747
9781433195143
9781421453422
9788184350814
9788183602105
9788183990967
9788172337681
9780877627111
9781447372110
9780195667332
9788183321716
9788183321747
9788183321754
9781009549059
9781009590914
9789694963464
9781009605847
9781009605823
9788170560944
9781009592468
9781009592413
9781009479318
9788170193296
9780998424620
9788123914282
9789694251004
9781009733151
9788177001952
9781009809818
9788125056195
9788131900994
9781484285466
9780925760159
9788125021773
9788178553771
9789385915604
9781009614320
9789810621117
9788125052586
9789383110636
9788171853908
9788126310319
9788174452368
9788121502771
9788185396095
9788121614757
9781009054454
9788180565434
9788180566301
9780982456460
9781408283394
9788121616386
9788132232438
9789698721206
9781009287159
9788172339241
9781581138184
9781407363660
9788174462114
9788126548781
9781009487771
9788125909330
9788126518616
9780995532380
9789383684472
9780903200264
9781009647281
9788125037156
9781009273046
9780970801074
9788183230131
9788174468307
9781009619592
9788120798885
9780881732313
9788123715254
9781009705134
9788193424704
9781446294345
9788131961346
9781009656078
9780875243092
9789386221957
9780857467713
9781009486156
9789352033188
9789353527105
9780871716446
9780871715715
9788186270011
9788125047476
9780190133245
9789367259221
9789367251218
9789367253984
9789367254974
9789367251973
9789361030857
9789361037016
9780907125488
9788178243443
9789353528140
9788123747354
9788184621396
9788192555720
9781009650939
9781009635356
9781009692885
9788126515271
9781003863106
9780853617792
9780853617754
9788183326858
9789350362570
9780864493224
9788170333241
9788121620529
9788170041900
9789352340910
9788186103814
9788182748507
9789937761000
9788123751108
9789351105664
9788170704072
9788121614771
9789387578944
9789350620274
9789839604467
9788172333188
9781009221498
9788126541089
9781447374978
9780874476262
9781009045421
9788119922161
9788125031604
9781009664172
9781009645492
9781009671446
9781009421874
9789365619645
9781009595216
9781009595179
9788121939829
9788131906019
9780304331710
9788190223997
9781009738378
9781009738392
9788170690368
9789381043318
9788189147051
9781009542180
9781009704601
9780917010286
9781009587686
9780903166539
9781009722537
9788184305241
9789698460235
9781009295840
9781433188930
9789384247348
9780857306197
9781447138570
9788175224308
9789385077463
9781529982015
9788184650532
9781419778735
9780749442378
9788174468345
9781009645508
9781403924735
9788121929844
9788121919340
9788121924238
9789326351669
9789350487136
9788190607223
9781399210799
9780978556877
9788173719035
9781788284080
9789373744971
9789373749761
9789373740096
9789373747590
9789373742410
9789373744162
9789351380139
9781009012294
9789351865117
9789350486252
9789352768370
9789351551331
9788130934112
9780871716316
9780871714855
9780871716064
9780871710437
9780871715838
9789367254189
9789367255353
9789367259610
9789367257074
9789367255339
9789367250396
9789367250266
9789367254585
9789367256992
9789367256534
9789367255308
9789367257036
9789367255469
9789367259740
9789367251300
9789361036279
9789361035081
9789361036231
9789367258750
9789367257883
9789367259580
9789361032233
9789361036354
9789361036019
9789361038785
9789361036491
9789361032202
9789367257982
9789367251348
9789367252611
9789361032257
9789361031687
9789361030970
9789361038709
9789361030208
9789361031878
9789361030147
9789361039485
9789361036453
9781449644932
9780871714015
9780871710444
9780871716224
9788125042792
9788123766508
9781526802552
9789353520021
9788123741369
9789387860391
9780143103028
9780143064848
9788186470220
9788121617734
9788121615952
9789390659289
9789350486696
9788186791752
9788121929707
9788120821750
9788121615938
9788121618267
9788172760823
9789386102782
9789384986087
9788174530523
9788170501152
9789385887314
9789351039808
9788181807427
9781009322331
9788174468420
9780906245521
9781009352741
9780872016644
9781009272070
9781009631310
9788171981236
9789361134500
9788184082234
9788184300475
9781843545033
9781009244428
9781009632768
9780913351468
9781009559010
9780521898799
9781009646321
9788170704140
9788130910192
9781009813198
9781009813143
9781009813235
9781009813273
9781009813334
9781009813341
9781009813297
9781009667920
9788121937887
9789350238165
9788170946496
9781009231473
9781009231480
9781009231466
9781009227353
9781009227360
9781009228404
9781009228374
9781009231442
9781009536561
9781009536578
9788123744261
9789386224774
9789388754354
9789350040492
9781009348690
9780950791524
9780986023132
9780993350498
9788174468536
9788123922539
9781009436946
9788131217092
9789385724237
9780977556922
9788121938341
9781009683159
9788183241977
9781407363684
9798123913765
9781447377443
9788174530837
9781844471614
9789381302798
9780367025304
9780691114118
9780963446688
9781399951685
9788126309283
9781009507547
9788189738204
9781439081754
9781009611862
9781471804106
9781009821377
9788170947899
9788176496148
9781845570293
9788120755727
9789382322153
9781009539357
9780989256124
9788132231240
9780972980388
9781009446587
9781009619714
9780187218528
9781009665759
9780878720750
9788183327763
9788125600008
9788121931304
9780996725538
9788126515707
9781009674508
9788121616508
9781591749356
9780993624261
9780851989327
9788173715303
9780070145832
9788170944263
9788184121711
9788125942672
9780981576442
9781009335317
9788125004295
9781009581004
9781009644440
9781009420242
9781009618328
9780853125792
9781421454580
9781003864240
9781405991605
9780964680487
9788170705352
9788170705383
9789387578418
9788185038872
9788125952046
9781009613453
9789351863038
9780077167813
9788193073704
9788123743417
9780901601841
9788121615631
9788175249318
9788123741147
9780865432871
9782874910227
9781009420303
9781009644358
9781009687867
9789383283118
9788122421361
9788126523955
9788131808191
9788123779768
9780956307088
9789382618805
9781399210768
9789353527655
9780195667356
9781399962155
9781399219365
9780871710123
9788178623788
9789354978227
9789354978081
9789354978104
9789354978289
9789354978067
9789354978159
9789354978043
9789354978197
9789354978135
9789353523664
9789354977589
9780190137281
9789367251881
9789367250570
9788198740519
9788126301959
9788175300538
9780983908753
9780071332453
9788184770032
9788126330669
9781009446983
9781009565707
9789390585359
9789389368611
9788170949763
9788178694986
9781584795865
9788132116011
9781421454412
9781009589505
9780887487293
9788180521997
9788170543671
9781009647854
9781009647878
9788130923642
9781009481779
9781009447027
9780874881509
9788121929684
9788125039174
9788121930994
9788125949626
9780874880410
9780545152969
9780948153273
9781009373715
9781421453668
9780985471095
9780999165034
9788125023357
9788121507127
9789380200118
9781009636926
9789325975149
9780859767415
9781009500456
9781399829960
9781399525992
9780992858193
9789350468739
9780900952647
9781009591201
9780879861292
9781420982817
9788178244693
9781009215824
9781009280600
9781009113229
9781009015967
9781009703451
9781009332088
9781009031202
9789386237118
9781009314039
9780867306774
9780887232459
9788180566905
9781316616321
9781009558945
9789386515100
9788170544999
9788121926393
9781009455411
9781009455398
9781009426800
9780854440832
9788131901816
9781009651875
9781009733069
9780966263534
9781421453965
9781405973243
9781009319898
9789383076062
9781421453149
9789355433114
9780986437779
9781420534672
9780977861644
9780861874620
9781421454160
9788186049051
9789384247492
9781009675482
9788176292252
9780980239577
9788185861371
9781009566681
9780930323707
9789387023697
9781009670241
9781009358781
9780901333551
9781009681636
9781420532180
9780857238528
9789350043202
9789694072807
9781634607810
9781009544412
9780904148640
9781009712774
9781009712781
9780866986144
9788188629169
9781009669023
9781009730372
9788175365049
9789694070810
9799693517520
9780901853653
9780913785829
9789380658896
9781523089017
9788185952819
9780993941139
9780937666777
9781405967761
9781009553278
9788170623632
9798885750820
9788197605703
9781420529791
9781009459914
9788184621341
9788123761855
9788177589351
9788173713231
9789384478148
9781399560238
9780988293946
9788175812925
9780931170928
9780940490345
9781009436335
9780956582492
9781009206204
9781009748179
9780997773552
9781009407724
9780920119853
9781009506007
9781009505994
9781009492973
9780878144365
9781009315760
9781009654555
9781009701488
9781009701525
9788185094342
9781009661249
9781009689328
9781009627313
9781009627290
9781009343909
9781009608114
9781009608121
9781421454337
9789694962801
9780934375825
9780853186403
9781009513876
9781009513869
9781009663311
9781421454658
9780143444640
9788171562114
9788188237999
9781529186376
9781009648448
9781009583701
9781009583718
9780854440863
9781009710718
9781009710725
9781399559317
9781009705257
9781009705233
9781009439435
9781009671453
9781399041904
9780995801134
9780989177634
9780933775442
9788176554961
9780948543494
9781009646789
9780875659565
9788173713132
9780853617778
9781408721490
9789383260171
9788120842953
9781407621852
9780851249582
9788120722460
9789390514090
9780990371724
9780980757903
9781408863534
9788130926919
9788173811081
9788120310490
9781529981988
9781420286328
9781399976053
9788193747056
9781406911022
9781009502870
9780921075028
9780853617785
9781441347206
9788121507998
9781445481043
9781009708272
9780333778227
9788173716638
9783446228481
9781009342957
9781399545228
9789810164300
9781009496155
9780878202492
9781009453738
9780995712775
9788125015901
9780859767460
9789350330593
9788184890259
9781009699754
9780899709994
9781039055940
9788181378781
9788181371461
9789388632119
9788181378705
9788181378910
9788181378927
9788181378934
9788181378941
9788181379696
9788181379757
9788181375964
9789385914010
9788183240925
9783030115777
9788177586473
9789384030377
9788125032397
9788190339797
9788125053446
9781009537407
9789385039379
9788187680017
9781009512978
9780863113680
9780949578716
9781032634265
9789381626016
9781009488754
9780992834197
9781009660570
9781009660600
9781009673167
9788123781334
9789380376745
9788189854386
9780992972486
9780907854289
9780970519603
9788178241661
9781009665971
9780924922282
9781421453729
9780999122365
9789385401329
9788121936088
9781632876577
9788121937863
9789352134656
9781009644228
9788184970562
9788184040760
9788125053354
9788184970579
9781009769747
9781421455075
9788188569274
9780888903808
9788195316038
9788178440187
9789354979378
9789354979392
9788132113638
9789699370052
9781009644273
9788186921784
9788174530158
9781406774207
9781009805094
9781009805667
9789354979323
9780996878579
9789351503217
9789354979361
9781009535335
9781009535311
9789354979385
9789354979408
9789354979415
9781009570145
9781009570121
9780606368889
9780861252961
9789326351652
9781419775260
9781009740043
9781009675932
9780190137182
9789354979590
9788123731322
9789354979927
9788121618687
9788171851294
9780995781634
9788180565564
9789390818075
9781009621632
9788125051787
9781009546744
9788174504814
9789386850362
9780143453796
9789382358770
9780195656091
9780195657739
9780190133610
9788125051763
9788182093515
9781009584012
9781009584036
9788126550838
9788181930460
9781003863892
9788193231951
9788121931236
9781572842854
9788175974395
9788183225625
9789350092361
9789351033219
9781009643269
9780995580824
9780872638518
9781039014305
9788173714498
9781009684101
9781009684057
9780984213597
9780897227483
9781009638081
9781843653592
9780982468388
9781009408073
9780850212860
9789815293456
9781009627696
9780907434290
9780985374846
9781009321488
9781009360036
9789380607276
9781443475822
9788177225723
9781420286342
9781420286359
9788130902517
9798885750837
9788170623649
9788197605734
9788188573981
9788170543855
9789382358756
9788125042679
9788173872242
9780435996956
9788120324138
9781009663250
9781009289481
9788183572873
9788189645809
9788125026426
9781398260672
9781009634328
9781009634281
9781009498609
9781009498593
9780966186567
9781009596725
9781534969223
9788126305179
9780989369565
9788131225585
9789395287692
9788184951394
9781039012356
9781009550222
9788177669640
9780957502369
9780195604429
9781399211062
9780880390774
9788193324356
9788189403089
9788126536092
9780761997153
9789699903021
9788193445983
9781338299427
9781005481780
9781005527266
9781005147471
9781005519940
9781005721640
9781005343378
9781005214753
9781005533137
9780985374839
9789384406554
9788123761916
9781542044172