9781009513876
9781009513869
9781009663311
9781421454658
9780143444640
9788171562114
9788188237999
9781529186376
9781009648448
9781009583701
9781009583718
9780854440863
9781009710718
9781009710725
9781399559317
9781009705257
9781009705233
9781009439435
9781009671453
9781399041904
9780995801134
9780880390774
9788193324356
9788189403089
9788126536092
9780761997153
9789699903021
9788193445983
9781338299427
9781005481780
9781005527266
9781005147471
9781005519940
9781005721640
9781005343378
9781005214753
9781005533137
9780985374839
9789384406554
9788123761916
9781542044172
9788126523955
9789353527655
9789354978227
9789354978159
9789354978135
9789354977589
9780190137281
9788126301959
9780071332453
9788126330669
9781009215824
9788175812925
9780989177634
9781445481043
9781009665971
9789352134656
9788184040760
9781421455075
9788195316038
9788178440187
9789699370052
9781406774207
9781009805094
9780996878579
9789354979361
9781009535335
9781009535311
9789354979385
9781009570145
9781009570121
9789326351652
9781419775260
9781009675932
9780190137182
9788123731322
9789354979927
9788121618687
9788171851294
9780995781634
9789390818075
9781009621632
9781009546744
9789386850362
9789382358770
9780195656091
9780195657739
9780190133610
9788125051763
9788182093515
9781009584012
9781009584036
9788181930460
9781003863892
9788121931236
9788175974395
9788183225625
9789351033219
9781009643269
9780995580824
9780872638518
9781039014305
9788173714498
9781009684057
9780984213597
9780897227483
9781009638081
9781843653592
9780982468388
9781009408073
9780850212860
9789815293456
9781009627696
9780985374846
9781009321488
9781009360036
9789380607276
9781443475822
9781420286342
9788130902517
9798885750837
9788170623649
9788188573981
9788170543855
9788173872242
9788120324138
9781009663250
9781009289481
9788189645809
9788125026426
9781009634328
9781009634281
9781009498609
9781009498593
9780966186567
9781009596725
9781534969223
9788126305179
9780989369565
9788131225585
9789395287692
9781039012356
9781009550222
9780957502369
9781399211062
