9789357437271
9789380444543
9789393304964
9788129104830
9788129118851
9788184721669
9789353526924
9788125030379
9788170552109
9788170553038
9788170553175
9788170556015
9788170556541
9788190511230
9789361033773
9789393304902
9788121619615
9788121619622
9788121619639
9788121619646
9788121619905
9788122203424
9788122203974
9788122306958
9788125013549
9788131808658
9788131909911
9788131911044
9788170521051
9788170521877
9788170522386
9788170557487
9788171104024
9788175971912
9788176936064
9788176936071
9788178120508
9788178121185
9788178121710
9788178553467
9788182960329
9788182960411
9788182961135
9788182961159
9788182961166
9788182962682
9788182965379
9788184777925
9788187812395
9788188569908
9788194085676
9789352670062
9789380152011
9789380152035
9789380644219
9789393304209
9789393304216
9789393304230
9780143102243
9788125013815
9788125054764
9788170420231
9788170555810
9788170557036
9788178120454
9788178121109
9788186877555
9780863112584
9780863114618
9780863115080
9780965656962
9780976663041
9780976663089
9780984094981
9781009811767
9781009811866
9781009813259
9781423414452
9781423414490
9781423417781
9781423474999
9781781750230
9788120727502
9788120748675
9788120752733
9788120789203
9788121613781
9788121616256
9788121616393
9788121618601
9788122201291
9788122203226
9788122304510
9788122309218
9788123735429
9788125002420
9788125007555
9788125008156
9788125008194
9788125009368
9788131804827
9788170521723
9788172761011
9788174142931
9788176559164
9788176936453
9788178120171
9788178120522
9788178120706
9788178121079
9788178122137
9788181370938
9788181377418
9788182961531
9788182962194
9788184974591
9788184976274
9788184979428
9788184979497
9789350360927
9789350360934
9789350361016
9789351211730
9789351212157
9789351212218
9789351212225
9789351212317
9789351212331
9789351212409
9789351212430
9789388632041
9789572954195
9781509820849
9788172344016
9781398447776
9781398478671
9781398493971
9781398498044
9781399730846
9781403113122
9781403167972
9781403168146
9781403171733
9781404120518
9781408294352
9781409349303
9781409354383
9781409354390
9781419676376
9781423405306
9781423407812
9781423412601
9781423413486
9781423414483
9781423425625
9781423429609
9781423440536
9781423440567
9781423446316
9781423456834
9781423462927
9781423471271
9781423476474
9781423489870
9781423493631
9781424569854
9781424569861
9781432769109
9781432773618
9781434459947
9781439243046
9781448311750
9788170211525
9788171209354
9788178122922
9788178122946
9788180562716
9788180564383
9788185301310
9788185843100
9788186219386
9780001063129
9780849754104
9780849798979
9780849799068
9780853184270
9780856460692
9780856461798
9780856462634
9780857364982
9780857366979
9780857367006
9780857367242
9780857508416
9780857831286
9780874860443
9780892134861
9780906630471
9780907521617
9780907738374
9780948833526
9780952357773
9780953025107
9780954063986
9780954124229
9780956211200
9780956656438
9780957213487
9780963653598
9780977297405
9780978177430
9780978258542
9780978942502
9780993940132
9780993940163
9780994488695
9781005624507
9781398413719
9781398473270
9781398479333
9781398495326
9781404119857
9781407116327
9781408355398
9781408355435
9781408368459
9781408368466
9781409325956
9781409342342
9781409369752
9781409369769
9781409369776
9781409369783
9781418886172
9781423400141
9781423413899
9781423414506
9781423417323
9781423429456
9781423429494
9781423434900
9781423438496
9781423442073
9781423446293
9781423457442
9781423457466
9781423457473
9781423457480
9781423457497
9781423463221
9781423475941
9781423486374
9781423486381
9781423486404
9781423486411
9781423486428
9781423486442
9781423493617
9781423494591
9781423494638
9781431424399
9781431425228
9781445409801
9781446316931
9788125033523
9788125053606
9788170521846
9788178120751
9788184100532
9788187077152
9789311126890
9789382618300
9780330442565
9789351038696
9789352752140
9789381398739
9789381431641
9789381431771
9781582791128
9788184779912
9789351032267
9789351038177
9789351039853
9789352755134
9789381017272
9789386313249
9788125030393
9788178122045
9789352870868
9780001063709
9780853186076
9780859678025
9788121926416
9788125030386
9788125033509
9788131808986
9788131910139
9788170593737
9788178551562
9788181374875
9788182881372
9788182965416
9788187077220
9789351213185
9788181379160
9788184773934
9788121616744
9788125008286
9788170211174
9788170551560
9788170552987
9788170556497
9788175054561
9788177392524
9788178120270
9788178122786
9788178692524
9789385874819
9789393304506
9798170218028
9788125025610
9788170555926
9788178123219
9789393304377
9788121615471
9781009810203
9781423414476
9788120723467
9788122201567
9788122204940
9788122309454
9788125022664
9788125025597
9788125025603
9788131931233
9788131934852
9788172762612
9788175970052
9788175971790
9788177395006
9788178552149
9788178554457
9788182881617
9788182962170
9788182965386
9788186877487
9789386379610
9789386561190
9789386561206
9789390744466
9789393304322
9789349166264
9780143101635
9788121610940
9788121616324
9788121618403
9788176559720
9788184770469
9788184770964
9788184772814
9788184774269
9789351030058
9789351031994
9789381017265
9789381431153
9789386041050
9788125022640
9788170553199
9788171870110
9788178120553
9788178121352
9788178121444
9788178121604
9788178121857
9788178122083
9788178122250
9788186877463
9789393304278
9788129118721
9788171673889
9788171679850
9788172345204
9789353528515
9780861319503
9780863113741
9780965656986
9780970208163
9781408062029
9781423475033
9781423483908
9781423493624
9781423494584
9781845570378
9788120758926
9788120777330
9788120777354
9788120783805
9788121610643
9788121612562
9788121616355
9788121617314
9788121617321
9788121619172
9788121619608
9781446728918
9780857111128
9780981526461
9780983058908
9780983322528
9781398423848
9781423473626
9781423476450
9781423498391
9781448313600
9788120746565
9788125012344
9788125014225
9788171819652
9788178625072
9788179506431
9788184353006
9788184979145
9781399091022
9780853182955
9780853185840
9780880531146
9780907594949
9780937276068
9780954790400
9780974505640
9780978686604
9780978686697
9780984023684
9780984948703
9780988926820
9780993164224
9780994014450
9780996996303
9780997904659
9780997995503
9780998553993
9780998753744
9780998900469
9781398444874
9781398713154
9781399933070
9781403188540
9781405991339
9781408732892
9781408736760
9781408749227
9781423414612
9781423414636
9781423425786
9781423464389
9781423476610
9781423477396
9781432767082
9781444753875
9788170522379
9788176762106
9788178125084
9788178233338
9788178693941
9788184850161
9789380536217
9798170217571
9780851629636
9780852391242
9780853181729
9780853185819
9780854022250
9780854957255
9780854957903
9780854957927
9780856461446
9780857506023
9780866905473
9780876128244
9780915008087
9780948877896
9780953745616
9780955741104
9780960064199
9780967170909
9780981584669
9780986119866
9780986431715
9780987533685
9780987627292
9780988375000
9780991209033
9780991475421
9780992704407
9780992839017
9780993855207
9780996405225
9780999066379
9780999291603
9781398406438
9788194719588
