39788185240909
9788185396088
9788189854386
9788193445983
9789350040492
9789350231227
9789350238165
9789354975356
9789355433114
9789387578418
9789387860391
9789388689168
9789388689687
9789389691795
9788131808115
9788120822429
9780190134945
9780195687422
9788121924238
9788197876806
9789361030857
9789694073774
9788172334949
9780071240024
9788128026027
9789350040423
9789351381525
9789361031229
9789361034947
9789373745053
9789373748047
9789382186205
9789694963464
9788181375964
9788177393415
9788131805404
9788196175177
9789390713929
9788120324138
9788125015826
9788125051787
9788130919126
9788170709558
9788171947843
9788183241977
9788184877021
9788188569595
9789352132874
9789354974205
9789363869127
9789367252680
9789373740614
9789373746258
9789389698688
9789391430061
9789694721880
9788181379894
9780195656091
9780850212860
9789350620779
9789373745589
9780190137564
9788125023357
9788173717291
9789361035265
9789367255087
9789367255100
9789373747613
9789373747828
9789380658209
9788182744370
9788175364516
9788130910772
9789357600590
9788176553193
9789351199434
9789381063385
9789383110636
9789383110995
9788181379696
9788131808191
9780834757738
9780143441083
9780190131784
9780190137250
9780199479757
9780399586507
9780399586514
9780399586538
9780399586545
9780749442378
9783030115777
9783030115784
9788120728882
9788121923422
9788121942379
9788122403800
9788122408171
9788122411690
9788122416763
9788122417845
9788122421705
9788122434347
9788122439694
9788122439915
9788123919959
9789326354448
9789351863038
9789352741199
9789353520021
9789353525644
9789353528140
9789354977060
9789361030956
9789361031113
9789361561450
9789367250570
9789367251300
9789367251997
9789367252611
9789367253250
9789367254738
9789367257753
9789383283101
9789386041692
9789386224200
9789386224811
9789386347183
9789785237405
9788122204209
9781009329255
9781009636896
9781009561105
9788125026426
9788125042143
9788181807427
9788123744261
9780187218528
9780198408468
9781009407458
9781009441308
9781009595179
9781009687867
9788123909912
9788170703365
9788170947684
9788171981236
9788177587111
9789326351607
9789354971198
9789354971242
9789365619645
9789367255605
9789381182529
9781009570121
9781009273824
9781447174783
9780435996956
9780897227483
9781009272070
9781009524469
9781009584036
9781009710725
9788121605397
9788121614757
9788121614832
9788121615068
9788125058465
9788131910146
9788176494601
9788181805904
9789350366370
9781009292894
9781009453738
9788122200430
9788178694696
9788178694757
9788131911037
9780190137038
9780198395799
9780198408444
9780953143337
9788120827936
9788121931236
9788121932295
9788122203127
9788125033738
9788125052241
9788125055600
9788125056713
9788125062370
9788125918608
9788131908686
9788171851645
9788172760823
9788176211253
9788178694986
9781009619394
9781009651356
9781009711364
9781009730525
9781009542180
9781009558945
9781009581004
9781009583718
9781009592468
9781009596725
9781009610742
9781009619592
9781009627313
9781009632829
9781009634267
9781009660488
9781009669450
9781009671361
9781009678186
9781009768160
9781009451741
9781009479318
9781009511360
9781009513869
9781009539265
9781009539357
9781009564885
9781009565288
9781009571845
9781009605823
9781009608121
9781009619714
9781009635257
9781009638081
9781009675376
9781009527309
9781009578622
9781009598477
9781009673709
9781009532778
9781009641678
9781009677707
9781009486156
9781009495677
9781009500456
9781009689328
9781009747400
9781009459990
9781009455398
9781009459914
9781009482561
9781009633871
9781009663311
9781009707992
9781407362199
9781399560238
9781009733816
9781447174295
9780880488204
9788123731308
9780867306774
9780900952647
9781009587754
9781009671446
9781009704243
9781009809818
9781407362892
9781416027300
9788122203158
