9788185240909
9788185396088
9788189854386
9788193445983
9789350040492
9789350231227
9789350238165
9789354975356
9789355433114
9789387578418
9789387860391
9789388689168
9789388689687
9789389691795
9788131808115
9788120822429
9780190134945
9780195687422
9788121924238
9788197876806
9789361030857
9789694073774
9788172334949
9780071240024
9788128026027
9789350040423
9789351381525
9789361031229
9789361034947
9789373745053
9789373748047
9789382186205
9789694963464
9788181375964
9788177393415
9788131805404
9788196175177
9789390713929
9788120324138
9788125015826
9788125051787
9788130919126
9788170709558
9788171947843
9788183241977
9788184877021
9788188569595
9789352132874
9789354974205
9789363869127
9789367252680
9789373740614
9789373746258
9789389698688
9789391430061
9789694721880
9788181379894
9780195656091
9780850212860
9789350620779
9789373745589
9780190137564
9788125023357
9788173717291
9789361035265
9789367255087
9789367255100
9789373747613
9789373747828
9789380658209
9788182744370
9788175364516
9788130910772
9789357600590
9788176553193
9789351199434
9789381063385
9789383110636
9789383110995
9788181379696
9788131808191
9780834757738
9780143441083
9780190131784
9780190137250
9780199479757
9780399586507
9780399586514
9780399586538
9780399586545
9780749442378
9783030115777
9783030115784
9788120728882
9788121923422
9788121942379
9788122403800
9788122408171
9788122411690
9788122416763
9788122417845
9788122421705
9788122434347
9788122439694
9788122439915
9788123919959
9789326354448
9789351863038
9789352741199
9789353520021
9789353525644
9789353528140
9789354977060
9789361030956
9789361031113
9789361561450
9789367250570
9789367251300
9789367251997
9789367252611
9789367253250
9789367254738
9789367257753
9789383283101
9789386041692
9789386224200
9789386224811
9789386347183
9789785237405
9788122204209
9781009329255
9781009636896
9781009561105
