9788125026426
9788125042143
9788181807427
9788123744261
9780187218528
9780198408468
9781009407458
9781009441308
9781009595179
9781009687867
9788123909912
9788170703365
9788170947684
9788171981236
9788177587111
9789326351607
9789354971198
9789354971242
9789365619645
9789367255605
9789381182529
9781009570121
9781009273824
9781447174783
9780435996956
9780897227483
9781009272070
9781009524469
9781009584036
9781009710725
9788121605397
9788121614757
9788121614832
9788121615068
9788125058465
9788131910146
9788176494601
9788181805904
9789350366370
9781009292894
9781009453738
9788122200430
9788178694696
9788178694757
9788131911037
9780190137038
9780198395799
9780198408444
9780953143337
9788120827936
9788121931236
9788121932295
9788122203127
9788125033738
9788125052241
9788125055600
9788125056713
9788125062370
9788125918608
9788131908686
9788171851645
9788172760823
9788176211253
9788178694986
9781009619394
9781009651356
9781009711364
9781009730525
9781009542180
9781009558945
9781009581004
9781009583718
9781009592468
9781009596725
9781009610742
9781009619592
9781009627313
9781009632829
9781009634267
9781009660488
9781009669450
9781009671361
9781009678186
9781009768160
9781009451741
9781009479318
9781009511360
9781009513869
9781009539265
9781009539357
9781009564885
9781009565288
9781009571845
9781009605823
9781009608121
9781009619714
9781009635257
9781009638081
9781009675376
9781009527309
9781009578622
9781009598477
9781009673709
9781009532778
9781009641678
9781009677707
9781009486156
9781009495677
9781009500456
9781009689328
9781009747400
9781009459990
9781009455398
9781009459914
9781009482561
9781009633871
9781009663311
9781009707992
9781407362199
9781399560238
9781009733816
9781447174295
9780880488204
9788123731308
9780867306774
9780900952647
9781009587754
9781009671446
9781009704243
9781009809818
9781407362892
9781416027300
9788122203158
