9781509712922
9798897779789
9789380186870
9789350482926
9788173159466
9789350480175
9789350485392
9789380186849
9788173157431
9788173158933
9789380183558
9789350481714
9789380183466
9789380186634
9789383110674
9789351864738
9789352665693
9789123977482
9781637749586
9798889272526
9788120344686
9788126312771
9788193440070
9789357463812
9781933804194
9781933804316
9788126539147
9788184046113
9788184044065
9780071068031
9788120334038
9788126542444
9788184043723
9789351449621
9788131514764
9788120792456
9788126546558
9788126548767
9788131923368
9788132209621
9788177221954
9789350041024
9789350041338
9789351190929
9789351471004
9789390767120
9788172234300
9789382127741
9789350716229
9789351449836
9788173664380
9789351104728
9789351446460
9788131905142
9788180564697
9788131901670
9788170213499
9788170213840
9788170215554
9788180562679
9789351762676
9789352036790
9789352036813
9788188600809
9788170211198
9788170213741
9788170216919
9788175974401
9788178123721
9788178125312
9788178125329
9788178125336
9788180562631
9788131902509
9788170216223
9788170216322
9788171820368
9788180561320
9788180561832
9788192549712
9789361032912
9788131900833
9788180561498
9788180562341
9788180565458
9788131901984
9788122202274
9788122202335
9788122421903
9788131918401
9788177228342
9788180565700
9788184975963
9788193334959
9788194726814
9789351199281
9789352036769
9789352036776
9781781750117
9788120731417
9788120757400
9788120767270
9788131900710
9788131914946
9788180560538
9788187415282
9789351212232
9789332581296
9781845576264
9788120784437
9788180561504
9788180561535
9788184974706
9789354770555
9788131901748
9788131905524
9788131905531
9788131905654
9788131910740
9788170211419
9788173861130
9789350040270
9789350620762
9789350940242
9789385609206
9788122200829
9788122301175
9788122312454
9788131805725
9788170298731
9788173669835
9788179916223
9788180566752
9788185053134
9788120345485
9788131907405
9788184040357
9789350236116
9789350940259
9789386347060
9788181430861
9789350487907
9788179291832
9780142181454
9788122315929
9788178557069
9788179681077
9788179681091
9788179681220
9788180560415
9789350127568
9788170842330
9788122202212
9788122421576
9788131809112
9788131948125
9788170149156
9788170217596
9788189975142
9788189975159
9788190820424
9788192009063
9788705893844
9789380619361
9789380619392
9788131709085
9788170555476
9788176811347
9788121918947
9788126721221
9788181433015
9789351866190
9789367255193
9789388933643
9788131002681
9788172210908
9788176811620
9788190375139
9788131909270
9788170145233
9788182964167
9789351107279
9788185578903
9781578268344
9788122204216
9788122301038
9788122312072
9788122316001
9788122433722
9788131903636
9788131946305
9788173667732
9788177392371
9788183332699
9789354778025
9789380644011
9789385923289
9789386070531
9789386070593
9789386224132
9789387444294
9798901121344
9789354885204
9788199537637
9788170146865
9788182747500
9788120335059
9788120345515
9788120351974
9788122315165
9788126511730
9788126521234
9788126537310
9788126538287
9788126542864
9788126550500
9788180549922
9788183552462
9789311126715
9789327256826
9789350041574
9789350045954
9789351449799
9789380108582
9789380618876
9789385875977
9789386309297
9798901121511
9788122204230
9788170086109
9788170822028
9788176812368
9789352036875
9789352532094
9789386179524
9789373482033
9788170841142
9788180549915
9789351065692
9789354773648
9789356181229
9789387320673
9789387604827
9788119726608
9788183555081
9788190849746
9788199368446
9789366112824
9788123917399
9788178126296
9789352512348
9789395533003
9788123916590
9789380156842
9789387394247
9789387593763
9780190137076
9780998044118
9781639044955
9788122205046
9788122434125
9788127257675
9788131230688
9788175248946
9788177223347
9788178557618
9788184977943
9788192153445
9789311125251
9789351248163
9789380108636
9789380644332
9789383111633
9789386070210
9789386070623
9789386850881
9789387984493
9789394200456
9798885035996
9788131903643
9788123917313
9788120323896
9788168519220
9788192773735
9788194134633
9789350949047
9789381162088
9789389048742
9798902960782
9788192153476
9789373599779
9788177228953
9789356483194
9788126531035
9788183452434
9788193427651
9789381431252
9789381431504
9789381431740
9780070669260
9780511558856
9788122416343
9788125950363
9788175251762
9788177394443
9788187479000
9788197609756
9789352511044
9789355415127
9789361030031
9789361032936
9789361038792
9789387242074
9789390378975
9789370033184
9789370039001
9789361030222
9788121206464
9789354772726
9789380200347
9789388850438
9788126513901
9788169001014
9789354772580
9789383691739
9788123914565
9788169001151
9788182964686
9788183488068
9788195864102
9789327274974
9780846127307
9789392536083
9788119726004
9780143478249
9788119554454
9788196751265
9789366114613
9789381398791
9789391067847
9789394613287
9780190137106
9780199494583
9788126504664
9788126540181
9788131517376
9788131909256
9788131918852
9788131946152
9788131949313
9788170219828
9788173660610
9788173668760
9789350046753
9789350239711
9789351448440
9789352031726
9789352031740
9789361039751
9789386036803
9789386070562
9798183821093
9798901361436
9788170822417
9788197657788
9789389867701
9788126560448
9788125918998
9788189973704
9789350944608
9789361036866
9789380473192
9789381458419
9788192597904
9789380712741
9788126521623
9789390767564
9789373943619
9789376319381
9789348957863
9788131704370
9788131964156
9788176371346
9788183551069
9788183557207
9788189221621
9788199115729
9789327257779
9789355015365
9789367253175
9789381496442
9789354641268
9788196751296
9789356811959
9789388302098
9788189140205
9788195398287
9788198898234
9789349365513
9789353949464
9789385980466
9789389048766
9789390394135
9788190849715
9788120324145
9788122313956
9788131505809
9788131915530
9788131918418
9788180562228
9788183553353
9788184046144
9788192009049
9789350040850
9789350040874
9789350041772
9789350042731
9789351472070
9789352136735
9789361039737
9789380016115
9789382609377
9789382618904
9789386383808
9789387590137
9789389152203
9788126509317
9780074637890
9788120341166
9788184047448
9789350944516
9789383635207
9780143480679
9781400252930
9789381398524
9789386832993
9788188322138
9789350040430
9789381496312
9789348203274
9788126522217
9788120334564
9788131505700
9788131806296
9788131905623
9788178556840
9788181478528
9788181914637
9789351447979
9789387840126
9789351194132
9789389520385
9788194937142
9789361038884
9789367136768
9788170604822
9788184042962
9788185680255
9789351109143
9789351197263
9781035036912
9789359543321
9789385932533
9789385509988
9788197852213
9789384544034
9788184892819
9788120341197
9788126507788
9788131999110
9788183558648
9788194868835
9789351471257
9789361038068
9789380828220
9789380828237
9789387672871
9788119510504
9788183203739
9788185217307
9788192476070
9788120335011
9788120346901
9788122432244
9788122449884
9788126548545
9788126550531
9788126562329
9788131902974
9788131930939
9788181280732
9789325992252
9789347273506
9789351197621
9789351449768
9789353501525
9789384344368
9789694962931
9788131938492
9789385724299
9780190134242
9788126558698
9788183713146
9788197361494
9789385980855
9789393726148
9789369529490
9789351442592
9789373010533
9789385980442
9788131226636
9789394630239
9788180567308
9788193356678
9789367254646
9789350040690
9788131205471
9784863470071
9788125923442
9788126541768
9788170595632
9788173719356
9788176565431
9788184044201
9788184046632
9788197072536
9789350040515
9789351102502
9789355511867
9789381068397
9789382127581
9789382291459
9789382711087
9789385915321
9789385966637
9789385980749
9789386418364
9788119367320
9788191019568
9789348048363
9789352032891
9789361039058
9789386054784
9789387282223
9788178551920
9788183990868
9788190284134
9788195079315
9789350947999
9789385980374
9788119625581
9788122413656
9788184048957
9788193073599
9789325983373
9789350231029
9798895417850
9788126512065
9788131906125
9789311128757
9789350040140
9789352512300
9788177229042
9781529936476
9789366118277
9798897171408
9788170219774
9788193893241
9789388850933
9788173664397
9788182092341
9788184877113
9789351449782
9789355515414
9789386561626
9789388182416
9789351287117
9789371649148
9789392598579