9788170223788
9788170224648
9788170222552
9788170225003
9788185094458
9788186791172
9788185689050
9788185002088
9788185094632
9788170227939
9788121204026
9788121503242
9788171204922
9788181520845
9788185119601
9788171208593
9788185425412
9789937506205
9789937291248
9789937623087
9789937624121
9789937623193
9789937623643
9789937623148
9789937506540
9789937623094
9789384406158
9788126300822
9788126309801
9789390659913
9788194928775
9789394212107
9789387919884
9788126320592
9788126313310
9789387919297
9788126315734
9788126309917
9788126319558