9789382114390
9789383233908
9788190820431
9789361564093
9789833281053
9780415364720
9788194092162
9789352103157
9789370032859
9789353527600
9780008772789
9789370036871
9789325797215
9788121602884
9788121620505
9788121617932
9789359666358
9789359662268
9789368535034
9789357600279
9789371009164
9789359668727
9789359667195
9788125059981
9789354427756
9789354427282
9789354427749
9789354427565
9789354426834
9789354429446
9789354425783
9789354428715
9789354427930
9789354428562
9789354425684
9789354425639
9789354428555
9789354427855
9789354426537
9789354428951
9788125060093
9789352870929
9789352870981
9789352871001
9789352871629
9788125049395
9788125037569
9788125022992
9789354424267
9789354424090
9789354424076
9788125048633
9788125048664
9788125060833
9789386689931
9789386689962
9788125044567
9788125063186
9788125043126
9788125043140
9788125043157
9788125043089
9788125043096
9788125032960
9788125025566
9789352870622
9789352870684
9789352870615
9789354425417
9789354425424
9788125026976
9788125026983
9788125026990
9789386689719
9789386689832
9789386689849
9789386689863
9788125011347
9788125001669
9788125001676
9788125001683
9788125001690
9788125001706
9788125005698
9788125005704
9788125021766
9788125037934
9788125004431
9788125004455
9788125006817
9788125041078
9788125053743
9788125025474
9788125025481
9788125025498
9788125025504
9788125025467
9788125041061
9788125041085
9788125033240
9788125038719
9788125037866
9788125038245
9788125037873
9788125038252
9788125038269
9788125038184
9788125038191
9788125037828
9788125038207
9788125038214
9788125038221
9788125038344
9788125053750
9788125053774
9788125023739
9788125023746
9788125023753
9788125032939
9788125020288
9788125064343
9788125028154
9788125019954
9788125051077
9788125020301
9788125037101
9788125038405
9788125030683
9788125038382
9788125037095
9788125052593
9788125060604
9788125060642
9788125047858
9788125043546
9789354775826
9789354775796
9789352137534
9789352134878
9788123792484
9789367198803
9789367197011
9788123725925
9788123761404
9788123729442
9789367196823
9789367191781
9789367196199
9788123743646
9788123739793
9789354912443
9788123798530
9789367196090
9789357430180
9789357437615
9789367198797
9789354911101
9788123743134
9789354916977