9782874910227
9783446228481
9789251078631
9789380428987
9788126540617
9781138581944
9780367413910
9780000988225
9780000988072
9788179061633
9780838505564
9781584711599
9786188331242
9789608616387
9780952274469
9788189645212
9789387511064
9780521738323
9780808798743
9780791065334
9781138582507
9780801047558
9789985099032
9788172336905
9781880687376
9781138581715
9788184890273
9781406774207
9789814670241
9780367268244
9780606368889
9781292063553
9780077167257
9789350714942
9780443125041
9780780381353
9788193231951
9789380428758
9789380033761
9788120839885
9788170193296
9788170193753
9781138583122
9789382291053
9788188237999
9781470437350
9788125036012
9788125059851
9789382258131
9781942483212
9788130923642
9788178001937
9789380428123
9781634607810
9788172337650
9788178243160
9788184040760
9788183240956
9781484285466
9780969553878
9781470437367
9780241648995
9788184355352
9780763796396
9780367269500
9781470409326
9788184049411
9789389996142
9788181930460
9789698721206
9780727759795
9781138583184
9789937007979
9788179930700
9788185822297
9788189738204
9799693517520
9781470409173
9781852522131
9788180387623
9788193424704
9789381302378
9789382471509
9781529186376
9788125042792
9788125029106
9789351503217
9781470425883
9781534969223
9789385724237
9780241745793
9780304331710
9789381496749
9781584795865
9788185119427
9788189920814
9788190904612
9789351424444
9789384247492
9781529981988
9781529982015
9788185211732
9780077167813
9781526802552
9788125038672
9788130100388
9788173716638
9788174465009
9788174532817
9788183243841
9788184046762
9788184047844
9788184350043
9789359718316
9789380376387
9789381302644
9789384247348
9789693522365
9788126564842
9789694072807
9788125054504
9788172335816
9788189645700
9789382358992
9789384139100
9780645081725
9788121919340
9788125042679
9788184049749
9789699370052
9781591749356
9781784159399
9780367025304
9788130909967
9788130910192
9788183240925
9789388266895
9781444144161
9789386392404
9788188683390
9789382358756
9789382358770
9781583760833
9780632025657
9781583760819
9788171946495
9780241634653
9780070706651
9781581138184
9788120842953
9788121507127
9788170041900
9789351107866
9789630538718
9781529668773
9789076041438
9781844140374
9789381839942
9788171107605
9781471804106
9788120349445
9788170193234
9788181285607
9788181285690
9788184898118
9788188573622
9788188573981
9788188791200
9788189645267
9788189645809
9789382358732
9789382730057
9789385160912
9789385494123
9780230527287
9788174469274
9788184890259
9788188573929
9788189645250
9789352134656
9788172333997
9788186050019
9788193036129
9788126515707
9789381575734
9781107604773
9781844471614
9780070589384
9788174468840
9788176292252
9788126528370
9788186049051
9788126550838
9789384385101
9789698917029
9781843545033
9780195604429
9781316616321
9788125042020
9788187680079
9789381302576
9789387925489
9789389368611
9789389662528
9788186050156
9788174468888
9788184045567
9783030113872
9781307295061
9788174455017
9788184043686
9788173719530
9788173872242
9788174455246
9789351444909
9789351444930
9789380376301
9789381302798
9781137535573
9789351073819
9788174468420
9788174469298
9789350620274
9789352606931
9788181760432
9788126548781
9788185680156
9788126559695
9788170690368
9788170892403
9788171390007
9788180904066
9788184046786
9788190629409
9788180522994
9788186117316
9788180303036
9788178243504
9788177001952
9789386561930
9780521728416
9788173715730
9788178243443
9788178244532
9788178244693
9788180302978
9788180520044
9788186623060
9788189645113
9789380376745
9789382711315
9789383154203
9788125022541
9788132116011
9780230328884
9789352135608
9781484290910
9781338299427
9781511894302
9781530740628
9798282305388
9781801086776
9788121502771
9781728261478
9789357603195
9788121507998
9788121941501
9788125056195
9788178243177
9788184420517
9788186791332
9788187644941
9788189645441
9788190339797
9789339203405
9789350233986
9789698460235
9788126515271
9788126552672
9788125032397
9788175157637
9788126538683
9788184620849
9788126528097
9788183212670
9789390911950
9788126512553
9788126541089
9788132232438
9789351100324
9789386163981
9789387578944
9788120334441
9788190864213
9788178241333
9788178241661
9788178441207
9788184350814
9788188790340
9788188790357
9789350717417
9789380607276
9780333778227
9781510434929
9788172332747
9788126523955
9788181289162
9788125032168
9788186791875
9789694071299
9788125053446
9780007953042
9788126550760
9788190717311
9788174467287
9788174462459
9788126556014
9789380250472
9789351073604
9789384244637
9789383382378
9788125051749
9788173711237
9788173715686
9788174452368
9788189161941
9788189487973
9789384987107
9780340847008
9781840598155
9788183231015
9788174465955
9788174468345
9788183230414
9788120344594
9788131716540
9789352134502
9789384986087
9789351861652
9788170543619
9788185116617
9788187222392
9789359666051
9788172333188
9788125031604
9788120310490
9788126536092
9788186791097
9788189059361
9788121504744
9780521898799
9788122400748
9788126525874
9788126554881
9788131808566
9788132231240
9788170946281
9788173715303
9788178244976
9788178442709
9788180521393
9788186706718
9789351106043
9789386110367
9781474892162
9788126518616
9788184870879
9788186270288
9789386237118
9788184050370
9788180280221
9789381069158
9788125036852
9789350121948
9789380250021
9788126557622
9788172337681
9788126531059
9788184047158
9788186791752
9788185094342
9788121922449
9781935677567
9788173716102
9788173716522
9788174468772
9788176631075
9788177589351
9788189645434
9789351073826
9789382127086
9780545152969
9788180563782
9788180903892
9789357600309
9780761995005
9789812530714
9781632876577
9788173716782
9789385401329
9788174466068
9789351380139
9789352133147
9788121940764
9788121912617
9789380550497
9788180318757
9789352340910
9789354977879
9789387919679
9788126320103
9788170543220
9788170543855
9788172131432
9788174530523
9788174531971
9788183770927
9788184041576
9788184355369
9788186470220
9789356764125
9789694251004
9789694480329
9788125041047
9788122435672
9788125024958
9789350710111
9788121500012
9788132101192
9788125906308
9789351191902
9788124608135
9788122484588
9788196908874
9789360454821
9789380200118
9788190511216
9789351032359
9789381839607
9789381839645
9789381839966
9789382618805
9789383158089
9789383158218
9789383158577
9780190136888
9780749443344
9781523089017
9788122425888
9788130926919
9788131503119
9788131514887
9788132113638
9788170944225
9788170944263
9788170947943
9788184621396
9788193231968
9788195316038
9789350040263
9789353454487
9789356760370
9789357750790
9789360743062
9789380156538
9789380428178
9789394201316
9789387023697
9780190136871
9780190137397
9789367250075
9788185094540
9780070659711
9780074621868
9788183990028
9780190137380
9780190137342
9780521736411
9788121927000
9788130100128
9788174468673
9789350236314
9789386102782
9781474937238
9788174462114
9780190137335
9780190137373
9780199474028
9788125942672
9788194740001
9781512097726
9788181375568
9788174468451
9789352806461
9788186791769
9789327252323
9788126542918
9789350043202
9788131215418
9788131708330
9788192135205
9789391067410
9788129114860
9788173668555
9788174468543
9788175242111
9788177394573
9788182093515
9788184731187
9788187680017
9789357608206
9789359665528
9789694070810
9781445481043
9781843653592
9780190137328
9788191064285
9789354977855
9780199455355
9788120821750
9788178555119
9789361034589
9789373744933
9789354970276
9789354977589
9789355735546
9789359030661
9788189888954
9780190136864
9788184875119
9789354970719
9780190137366
9788126308927
9780190137915
9780190137939
9788121929462
9788125909330
9788173716386
9788184876925
9789350717462
9789354973468
9789361035616
9789390585359
9789350362570
9780706999280
9788174468307
9788174468536
9789354974489
9789361030697
9789373747347
9789373742229
9789367253571
9780593512609
9788188043149
9788132107156
9789383110223
9788122440522
9789387578272
9789815293456
9789389152005
9788180522895
9789380283395
9788187671336
9789371001342
9789388754279
9789388754422
9789381431788
9789388302241
9780195793635
9788122431391
9788193877296
9789380283289
9789383260171
9789384030377
9789385152085
9789385621260
9789385724251
9789386221957
9780143103028
9780190133610
9780190137311
9780195661187
9788120336681
9788120798885
9788122440447
9788126306183
9788170544999
9788170947097
9788170947899
9788170949763
9788171858156
9788172162399
9788173717451
9788174453556
9788176000000
9788184489446
9788185396149
9788186026229
9788186103814
9789348734099
9789350233108
9789351105664
9789380618593
9789381043318
9789381162149
9789384478148
9789385152436
9789386110398
9789388689861
9789354977602
9780190137359
9780190137304
9780195657739
9788122421361
9789382711377
9789694023786
9780241626511
9788170081494
9781039012356
9781039013544
9781039007970
9788125034001
9788173710926
9788131808061
9788170333241
9780199455300
9789373745947
9780190136345
9788194369646
9789325978591
9789353166953
9789383283118
9789390514090
9780691153254
9780706984613
9780735243057
9781039014305
9788121803670
9788125015857
9788125021773
9788173669293
9788180280184
9788184780987
9788189928834
9789325963962
9789350375907
9788121927284
9780199455294
9780199494712
9788172337780
9788174469335
9788177225723
9789367252499
9789373745077
9789390659289
9788186050248
9780190134952
9780190134969
9788172337544
9789361037016
9789367257487
9789373741567
9781009031202
9789381703106
9788122418002
9789368536406
9788170020769
9780761997153
9788132117940
9788177212716
9789352665655
9788172701468
9788121927413
9788131808511
9788180521997
9788183230131
9789388754354
9789390713851
9780143064848
9780143453796
9780143468196
9788120844063
9788121920919
9788122431605
9788122484663
9788125904663
9788126319558
9788131503836
9788170130376
9788170560944
9788172330255
9788174530837
9788176000048
9788178242040
9788178440187
9788185240909
9788185396088
9788189059194
9788189854386
9788193445983
9789350040492
9789350231227
9789350238165
9789354975356
9789355433114
9789385724008
9789386070890
9789386224774
9789387578418
9789387860391
9789388689168
9789388689687
9789389000740
9789389691795
9788183329330
9788131808115
9788120822429
9780190134945
9780195687422
9788121924238
9788197876806
9789361030857
9789694073774
9788172334949
9780071240024
9788124504376
9788128026027
9788171562114
9789350040423
9789351381525
9789361031229
9789361034947
9789373741604
9789373745053
9789373748047
9789382186205
9789386500311
9789694963464
9788181375964
9788177393415
9780190131968
9788131805404
9788196175177
9789390713929
9780749451158
9788120324138
9788125015826
9788125051787
9788130919126
9788170709558
9788171947843
9788173195075
9788183241977
9788184877021
9788188569595
9789325977785
9789352132874
9789354974205
9789363869127
9789367252659
9789367252680
9789371004886
9789373740614
9789373746258
9789389698688
9789391430061
9789694721880
9788181379894
9780190131807
9780195656091
9780850212860
9789350620779
9789373744438
9789373745589
9780190137564
9788123914282
9788125023357
9788173717291
9789361035067
9789361035265
9789367253793
9789367255087
9789367255100
9789373747613
9789373747828
9789380658209
9788182744370
9788175364516
9788130910772
9789357600590
9788176553193
9789351199434
9789381063385
9789383110636
9789383110995
9788181379696
9788131808191
9780834757738
9780143441083
9780143450061
9780190131784
9780190132361
9780190137250
9780198089681
9780199479757
9780399586507
9780399586514
9780399586521
9780399586538
9780399586545
9780749442378
9783030115777
9783030115784
9788120728882
9788121923422
9788121942379
9788122403800
9788122408171
9788122411690
9788122416763
9788122417845
9788122421705
9788122434347
9788122439694
9788122439915
9788123919959
9788125042983
9788125043706
9788125907671
9788126313938
9788127251079
9788129701428
9788130910116
9788131217092
9788131734360
9788170543480
9788170543671
9788170543800
9788171949984
9788172866938
9788173669477
9788173712999
9788174530158
9788176496148
9788178553771
9788179680636
9788180900785
9788182813670
9788183225625
9788184044133
9788185116426
9788185616940
9788188237104
9788190074551
9788193324356
9788193826393
9788198740519
9788199625525
9789350892534
9789354420504
9789354977558
9789354978043
9789354978081
9789354978104
9789354978197
9789355205889
9789355213839
9789361031311
9789361032400
9789361032714
9789361033896
9789361035609
9789361037313
9789380848273
9789381156117
9789381431603
9789381626016
9789382618331
9789384566029
9789385039126
9789386054692
9789390818075
9789694962801
9789698957483
9789810164300
9789810621117
9788171671991
9781107508552
9781107508712
9788183326858
9781039055940
9788181378729
9780190131777
9780691114118
9780691147277
9780706989670
9781107508545
9781107508682
9788123779102
9788172334871
9789350161012
9789361030147
9789361030208
9789361030970
9789361031687
9789361031878
9789361032257
9789361033438
9789361035319
9789361035425
9789361036453
9789361037511
9789361037627
9789361037887
9789361038709
9789361039485
9789367254400
9789381335888
9789390659937
9788189147051
9788188629169
9788123734460
9788193432099
9780190131760
9780199485383
9780199488292
9780199488360
9780199496556
9780861252961
9788125055396
9788125060253
9788126317288
9788170543886
9788181378705
9788183322911
9788184951394
9788185396095
9788193824702
9788197061042
9789325977587
9789349919723
9789351923039
9789352033188
9789361032202
9789361032233
9789361033209
9789361036019
9789361036354
9789361036491
9789361037085
9789361038785
9789367252529
9789367252932
9789367253588
9789367256305
9789381335499
9789383746804
9789385915604
9789386711526
9780190137496
9780190137502
9788121938532
9788123744377
9788170543695
9789327277678
9789361035081
9789361036231
9789361036279
9789367256459
9789373743875
9789373745732
9788172339241
9780070593725
9780190132316
9781003864288
9788121930994
9788131808214
9788170543015
9788178815930
9789361033322
9789361039454
9789367252949
9789367256169
9789386769893
9789389833409
9789383111138
9788181378941
9788121618687
9788121620529
9789391024451
9788123747941
9788188071715
9788182529649
9781542044172
9789385152351
9780143418870
9780143470786
9780190137472
9780190137526
9780970344939
9781572842854
9788120304093
9788120324404
9788121925082
9788121941556
9788122479294
9788126310319
9788130914985
9788170501152
9788171947577
9788172336110
9788172336233
9788172337568
9788173714498
9788174530394
9788174530561
9788178241678
9788180563966
9788181370877
9788181370884
9788184044171
9788184305241
9788184621341
9788184650532
9788184978063
9788185002910
9788185636405
9788185861371
9788186026366
9788186219942
9788186618264
9788190662239
9788192850740
9788193747056
9789325977723
9789349941175
9789351034032
9789351034049
9789352754915
9789354978067
9789354978135
9789354978159
9789354978227
9789354978289
9789361030338
9789361030871
9789361031434
9789361033957
9789361034060
9789361035470
9789361035869
9789361134500
9789367252833
9789367257982
9789367258750
9789381189665
9789384266028
9789388159548
9789388159555
9789391242121
9789381626870
9788181378934
9788181379757
9788122203943
9788123715254
9788181372789
9780190128166
9780190133795
9780190134983
9780190137090
9780190137465
9788190554718
9788190722117
9788192571010
9789350366202
9789354979927
9789361032561
9789361036361
9789367257456
9789367257678
9789367259306
9789395287692
9798123911525
9789382322153
9788173713002
9789352530427
9780190137083
9788120615700
9788121923798
9788123916286
9788173710056
9788173811081
9788189757328
9789354979408
9789354979415
9789361032820
9789367255278
9789367256176
9789367258699
9781009206204
9788188569274
9788122202571
9788184620054
9788184620061
9788125949626
9780851989327
9788181378927
9788186921784
9780749447731
9781009748179
9788120343160
9788121620567
9788121926232
9788121929509
9788122415612
9788123922539
9788125059202
9788125941941
9788126314065
9788127241285
9788130900315
9788131910979
9788171857982
9788186307090
9788189982409
9789325975170
9789348734662
9789350092361
9789351215059
9789354979392
9789368535676
9789381335727
9789381626528
9789385887314
9789386347206
9780070648180
9788123743417
9788123773551
9788121505208
9788181378910
9780190135256
9788120830165
9788121905145
9788121907484
9788121929844
9788121941228
9788173703096
9789349941861
9789354979385
9789367255469
9788131911679
9788125953081
9780190132309
9780190133771
9780190135232
9780190135249
9780195667356
9780871710758
9788121922364
9788125063247
9788125952046
9788170500292
9788173715365
9788173715396
9788183572873
9788196175184
9789349941496
9789354979361
9789354979378
9789367251621
9789367255490
9789367255841
9789367256121
9789383917716
9789937761000
9781009332088
9781009295840
9788175224308
9788121924306
9788188569106
9788170944744
9780007438631
9780007438648
9788181436924
9788183226790
9780007415649
9789350468739
9788181468246
9788171542062
9788123778808
9788181371461
9789352512874
9780007341245
9780070145832
9780143460886
9780143460923
9780143460961
9780190132293
9780190133245
9780190135201
9780190135225
9780195667332
9780199480500
9780891168430
9781009656139
9781730125201
9788121501828
9788121926461
9788122003383
9788122201789
9788122314809
9788122420449
9788122435047
9788123751108
9788125004295
9788125013464
9788125064213
9788126310838
9788130902517
9788130934112
9788131919385
9788131944790
9788131961346
9788170219125
9788172241193
9788174469045
9788174530417
9788177588163
9788178242545
9788178690759
9788181891686
9788185860251
9788192228709
9788195983797
9789325975149
9789349941489
9789349941762
9789350482117
9789351380511
9789351416319
9789353523602
9789353527105
9789354916755
9789361033834
9789367251348
9789367251973
9789367252536
9789367253823
9789367254479
9789367254974
9789367255315
9789367257302
9789367257883
9789367258002
9789367258392
9789367259740
9789371004480
9789380156682
9789380358598
9789380658452
9789380658896
9789384406554
9789385039324
9789386054180
9789386850362
9789387004016
9789388372244
9789388925402
9789699903021
9789937203630
9788122201406
9788170701477
9788170703020
9780190130602
9780190132286
9780190135027
9780190135195
9780190137281
9788125047476
9788125053354
9788170948551
9788181377890
9788182964112
9788183321754
9788192571003
9788194049449
9789349941731
9789367251119
9789367251218
9789367253984
9789367254042
9789367254417
9789367257616
9789367258668
9789386515100
9781009098137
9781003863106
9789326351669
9780190132262
9780190137069
9780190137199
9780921075028
9788119922161
9788121613323
9788125059820
9788176631105
9788180521591
9788181378781
9788185038872
9788185119267
9788185119816
9789327227932
9789349941007
9789350365298
9789367259221
9789386546319
9788125937005
9781009495974
9789380152691
9788121615938
9788121928328
9780143473633
9780190135188
9780190137052
9780916094522
9781009245579
9788120322530
9788120840751
9788121616928
9788121618397
9788121922173
9788121922968
9788121929684
9788122400908
9788122432053
9788122435337
9788123766720
9788126122868
9788171853076
9788171853908
9788173713132
9788173713231
9788173713323
9788183321716
9788183321747
9788183602105
9788183990967
9788184770032
9788189645571
9788194754046
9789349941649
9789351032809
9789351039839
9789367258187
9789381506370
9789381703021
9789386054777
9781009586160
9781009231466
9781009407137
9781009629362
9781009674508
9780198396390
9780863114250
9781453336168
9788121612937
9788121616508
9788121923453
9788121939997
9788122313888
9788123740584
9788125047193
9788131504345
9788176554961
9788192009070
9789361032424
9789367250433
9789385077463
9789395310857
9781009634281
9781009305020
9781009331791
9781009373715
9781399544795
9780007438570
9788181803474
9780007415472
9788121620338
9788176211291
9780190137045
9780198396383
9780198396406
9780198418917
9780854903115
9780891169758
9780970519603
9781009674201
9781399559317
9781403924735
9788120338180
9788120764767
9788121613460
9788121615266
9788121615723
9788121617734
9788121618236
9788121618618
9788121941853
9788122001877
9788122415797
9788122418965
9788122420319
9788123781334
9788125052630
9788130900193
9788131311004
9788131908075
9788131908273
9788131968352
9788170212898
9788170215165
9788170703372
9788172241148
9788176211376
9788176553131
9788177586473
9788180560361
9788183327763
9788184047165
9788184778809
9788185952819
9788186563106
9788187032335
9788190208697
9788190843379
9789311127385
9789326354448
9789326355001
9789326355018
9789350366387
9789351863038
9789352741199
9789353520021
9789353525644
9789353526948
9789353528140
9789353528454
9789353529352
9789354976971
9789354977060
9789354977077
9789354979323
9789354979644
9789361030956
9789361031083
9789361031113
9789361032813
9789361561450
9789361567872
9789367250570
9789367251300
9789367251881
9789367251997
9789367252611
9789367253250
9789367254738
9789367257753
9789367259580
9789383283101
9789385039379
9789386041692
9789386224200
9789386224811
9789386347183
9789386385468
9789389477023
9789785237405
9798123913765
9788122204209
9781009691383
9781009766258
9781009329255
9781009636896
9781009561105
9781408283394
9788125026426
9781009646789
9788125042143
9788181807427
9788123744261
9780187218528
9780198408468
9780925760159
9781009407458
9781009441308
9781009566681
9781009595179
9781009687867
9781009733151
9788123909912
9788170703365
9788170946496
9788170947684
9788171981236
9788175416208
9788177587111
9789326351607
9789354971198
9789354971242
9789354971259
9789365619645
9789367254813
9789367255605
9789367257722
9789381182529
9781009570121
9781009273824
9780957666573
9781447174783
9780435996956
9780897227483
9781009272070
9781009524469
9781009584036
9781009622936
9781009710725
9788121605397
9788121614757
9788121614832
9788121615068
9788123761916
9788125058465
9788131910146
9788176494601
9788181805904
9789350366370
9781009292894
9781009453738
9789388754095
9788122200430
9788178694696
9788178694757
9788131911037
9780190137038
9780198395799
9780198408444
9780953143337
9788120827936
9788120834309
9788121931236
9788121932295
9788121935258
9788122203127
9788125018506
9788125033738
9788125052241
9788125055600
9788125056713
9788125062370
9788125918608
9788131908686
9788171851645
9788172760823
9788176211253
9788178694986
9788178695105
9788183820769
9788192723297
9789350481158
9789352768370
9789354979941
9789380206394
9789382618201
9789384028282
9789385152689
9781009215824
9781009322331
9781009701525
9781009054454
9781408507568
9780007446421
9788123761855
9788181820518
9781009645508
9781447377443
9788120835184
9788121926393
9788121941860
9788125039174
9788126301959
9788126320547
9788170521921
9788175300538
9789326351652
9789350070260
9789351033219
9789351039808
9789351551331
9789367250266
9789367250396
9789367254189
9789367254585
9789367255308
9789367255339
9789367255353
9789367256534
9789367256992
9789367257036
9789367257074
9789367259610
9789386689115
9781421453965
9780882291581
9780881732313
9788123721101
9788123779768
9788190705394
9788122200805
9780190137182
9788121617680
9788121937887
9788121939829
9788122428179
9788125059523
9788125063261
9788126308965
9788131787526
9788131901526
9788170704140
9788179915097
9788180565434
9788187325369
9789327275148
9789354979590
9781433844317
9788121933629
9781845570293
9788175365049
9780071332453
9780852936917
9781107640542
9788170709725
9789350001561
9788185229300
9788123745329
9780143444640
9780195607703
9781449648015
9788120722460
9788120747760
9788120755727
9788120822436
9788120827974
9788121611244
9788121931304
9788121933728
9788121937863
9788121938341
9788122433630
9788123734965
9788123905334
9788125007487
9788125037156
9788125055853
9788125056058
9788125056065
9788126306558
9788126309979
9788126313112
9788126314522
9788126330669
9788131225585
9788170623632
9788170623649
9788170702290
9788170706212
9788170706229
9788170706236
9788170706243
9788171851027
9788171851294
9788173719035
9788175812925
9788176496872
9788180566301
9788181806604
9788185116587
9788186270011
9788190042291
9788192555720
9788197605703
9788197605734
9789353521448
9789353522537
9789353522780
9789353523664
9789353525651
9789353525798
9789353527655
9789353528218
9789354970009
9789354971396
9789367252154
9789367254004
9789367255728
9789367255889
9789367259573
9789389688467
9798885750820
9798885750837
9780340849743
9781009665971
9781009576352
9781009738392
9781009505994
9781009470315
9781009501033
9781009660600
9781009539302
9781009549059
9781009576970
9781009598644
9781009644273
9781009698702
9781009505109
9781009644631
9781009669542
9781009671453
9781009712781
9781433188930
9781009705233
9780872016644
9780988293946
9780995532380
9788170704072
9788131913369
9780195615722
9780852987940
9780854440832
9780854440863
9780863113680
9780907434290
9780930326180
9781009343909
9781009498593
9781009679091
9781237526754
9781237526761
9781433167270
9781451190441
9788125002727
9788125051763
9788125063742
9788170707387
9788170707394
9788170707400
9788178690940
9781009798105
9781009770484
9781009644358
9781009512978
9781009631167
9781009714013
9781009684101
9781009500128
9781009507547
9781009535311
9781009537407
9781009598705
9781009612319
9781009613712
9781009644440
9781009647854
9781009658812
9781009663571
9781009670685
9781009708272
9781009515689
9781009530323
9781009539586
9781009544412
9781009548236
9781009559010
9781009565745
9781009587686
9781009590549
9781009619394
9781009635356
9781009651356
9781009660839
9781009661249
9781009711364
9781009730525
9781009780605
9781009461054
9781009527200
9781009542180
9781009558945
9781009565707
9781009581004
9781009583718
9781009592468
9781009596725
9781009610742
9781009619592
9781009627313
9781009632829
9781009634267
9781009644228
9781009660488
9781009663250
9781009669450
9781009671361
9781009678186
9781009707671
9781009768160
9781009451741
9781009479318
9781009511360
9781009513869
9781009539265
9781009539357
9781009564885
9781009565288
9781009569354
9781009571845
9781009605823
9781009608121
9781009619714
9781009631570
9781009635257
9781009638081
9781009675376
9781009527309
9781009578622
9781009598477
9781009673709
9781009532778
9781009641678
9781009677707
9781009486156
9781009495677
9780998424620
9781009500456
9781009598576
9781009689328
9781009747400
9781009459990
9781009455398
9781009459914
9781009482561
9781009633871
9781009663311
9781009707992
9781407362199
9781399560238
9781009583145
9781009733816
9781447174295
9780880488204
9780857113696
9788123731308
9788131900062
9780867306774
9780900952647
9781009587754
9781009671446
9781009704243
9781009809818
9781407362892
9781416027300
9788122203158
9788125015901
9788125052050
9788125052500
9788125052586
9788125058793
9788125600008
9788126307357
9788131906149
9788131910771
9788171566082
9788181807403
9788182963436
9788185046174
9789373742410
9789373744162
9789386379900
9781009360036
9781009321488
9781009656078
9780872638518
9781407362458
9780953494453
9781447174622
9788178061078
9788193073704
9788121619653
9780863113765
9780956777317
9788120720909
9788121614580
9788121614771
9788121614788
9788121615631
9788121616386
9788121617390
9788121618267
9788121618625
9788121619141
9788121619776
9788121619868
9788121619943
9788123741369
9788123748801
9788125060802
9788126303885
9788131900369
9788131910108
9788131917008
9788170351733
9788170705352
9788170705383
9788170707431
9788171858675
9788177580488
9788180561511
9788184970562
9788184970579
9788193073711
9789350330593
9789351416142
9789373740096
9789373744971
9789373747590
9789373749761
9789381162262
9781447138570
9781009421027
9781009606271
9780947219147
9781009550277
9781447998358
9788120757417
9780907125488
9780981166032
9788183326292
9788121615952
9788123741147
9780878144365
9780979921988
9780986622571
9781407363110
9781407363660
9781407363707
9781421453606
9781421454054
9788122201390
9788122428186
9788123707518
9788123731322
9788123750682
9788123766959
9788123904146
9788126305179
9788126309283
9788126309382
9788126340255
9788170086697
9788172764593
9788176935586
9788177580471
9788177669640
9788183326254
9788184979442
9788189403065
9788189403089
9789326351034
9789350462317
9789350486221
9789350486238
9789350486252
9789350486382
9789350486399
9789350486467
9789350486627
9789350486696
9789350486979
9789350487198
9789388632119
9781009646321
9781009315760
9781009499446
9781421454412
9781009760225
9781009728416
9781009652988
9781009675109
9781009730372
9781009682749
9781420534719
9781421453545
9781433195143
9781009683159
9780981576442
9781421453422
9781009715607
9781009426800
9781009614320
9781009813198
9788170168096
9780861874620
9788120739819
9780895512062
9780853186212
9780871716224
9780892329090
9780901780102
9780903345064
9780996725538
9781003863403
9781009407106
9781009654555
9781009664172
9781009681636
9781009813143
9781009813235
9781009813334
9781009813341
9781421454351
9781451186345
9788120739833
9788121929707
9788122305890
9788123728278
9788123733272
9788123747354
9788123755014
9788123756929
9788123758480
9788123765501
9788123766508
9788126308453
9788174504814
9788176936927
9788184082234
9788184970906
9789385914010
9781009536561
9781009567237
9781009643191
9781009180139
9788122414578
9781009706650
9781009570145
9781009485159
9781009413992
9781009011198
9781009634328
9781009722537
9781009227360
9781009241342
9781009431484
9781420531848
9781009595216
9781009640428
9781009646550
9781009769747
9781009692977
9781009733069
9781009227353
9781009687713
9781009714761
9781009231473
9781009436335
9781009692885
9781009718103
9781009060943
9781009231480
9781009798549
9781009364119
9781009045421
9781009486699
9781009501347
9781009648448
9781009710718
9781009273046
9781009314039
9781009450928
9781009602631
9781009608572
9781009335317
9781009601023
9781009502870
9781009448734
9781009650939
9781420531879
9780871548528
9781009449380
9781009584012
9781009680530
9781009407724
9781420531749
9781420534672
9780937666777
9781009617604
9780993624261
9780878202492
9781009221498
9781420529791
9780906245521
9781407363684
9780974490687
9780879074487
9781009644044
9781009676243
9781009677578
9781009699808
9781009769617
9781433197758
9780967254340
9781009228404
9781009231442
9781009165822
9781009374125
9781009527804
9781009679015
9781009667739
9780853186144
9780888397959
9788177391176
9780873899840
9780907854289
9780992329785
9781009161190
9788123779973
9780999280317
9780884165781
9780871716095
9780887233494
9780906245514
9780992837754
9781003864240
9781009113229
9781009228374
9781009352741
9781009419208
9781009486262
9781009492973
9781009500791
9781009536578
9781009572873
9781009640367
9781009667920
9781009674249
9781009698788
9781009743365
9781009749114
9781009766289
9781407362939
9781420530469
9781421453149
9781421453750
9781421454030
9781439048757
9788123700274
9788131905951
9788131906019
9788131907443
9788171818167
9788171818181
9788171818198
9788175974395
9788180221507
9788180566905
9789383684472
9780883823156
9781009074711
9780861314416
9781009280600
9781009408288
9781009328807
9781009325615
9781009682619
9781399812306
9781009363242
9780984213597
9781009015967
9781009553278
9781009714358
9781009444828
9781009408073
9781009701488
9780944992395
9781003863892
9781009703451
9781421451763
9781421453088
9780993804304
9780867188295
9780996223850
9781421454436
9781009691116
9780940490345
9780871548252
9781009672320
9780901853653
9780903166539
9780993941139
9781009675932
9781447374978
9781399041904
9780852727553
9780995781634
9780852728239
9780901601841
9780853617785
9781009805094
9781009805667
9781399951685
9780857467713
9780901865267
9781449629359
9780874880410
9781449644932
9780932686305
9780992424909
9780923369316
9781449601973
9781444146059
9781451107210
9781423464952
9780961163297
9780892879311
9780850368017
9780853125792
9780859767439
9780863114069
9780871710123
9780871710437
9780871710444
9780871710550
9780871714015
9780871715500
9780871715715
9780871715838
9780871716064
9780871716316
9780871716446
9780875243092
9780879861292
9780899709994
9780904148640
9780924922282
9780941158893
9780956809643
9780963446688
9780970801074
9780972098007
9780999165034
9781009244428
9781009427173
9781009643269
9781009647281
9781009651943
9781009724296
9781009726917
9781397670328
9781399525992
9781399962155
9781408096390
9781420529630
9781420532180
9781421453569
9781421454016
9781421454337
9781421454702
9781423901891
9788123710846
9788123763774
9788125010883
9788125014041
9788125014805
9788175249424
9788180565564
9788190223997
9781435173408
9781009530293
9781009337656
9781009589505
9781009455411
9781009055079
9780992552855
9781009501040
9780875659565
9781009348690
9781009287159
9781009818315
9780857854162
9781009513876
9780866986144
9781420530551
9780980757903
9781009447027
9781009684057
9781009658287
9781009660525
9781009376358
9781009589352
9781009685047
9781009842464
9781009180764
9781009272353
9781009326346
9781009400053
9781009625760
9780997400199
9781009550222
9781009643092
9781009697521
9781009730518
9781009223201
9781009289481
9781009325899
9781009372411
9781009393614
9781009405584
9781009461283
9781009632782
9781009671354
9781009747431
9781421454580
9781421454160
9781421453729
9781009435079
9781009439435
9781009527217
9781009618328
9781421454658
9781009660631
9781009705257
9781009344913
9781009417945
9781009498449
9781009515719
9781009611084
9781009613736
9781009319898
9781009342957
9781009364010
9781009420303
9781009431002
9781009446587
9781009461047
9781009488754
9781009500135
9781009505123
9781009547185
9781009564922
9781009583701
9781009608114
9781009619523
9781009633895
9781009635271
9781009639354
9781009673716
9781009675482
9781009712774
9780880390774
9781443475822
9781009298322
9781009300902
9781009358781
9781009417334
9781009417419
9781009420242
9781009433754
9781009518765
9781009535335
9781009569392
9781009592413
9781009605847
9781009614115
9781009627290
9781009634243
9781009642972
9781009645492
9781009658867
9781009675369
9781399545228
9780998348452
9780861967575
9780990371724
9781009707664
9781009221245
9781009498609
9781009630108
9781009647878
9780859767422
9781009446983
9781009651363
9781009660570
9781009738378
9781406911022
9781421453668
9780866475938
9780857306241
9781009636926
9780893030001
9780915391394
9780916589271
9780977402427
9781439081754
9780980541984
9781009487771
9781009108348
9781009329040
9781009358811
9781009446945
9781009546744
9781009588102
9781009590914
9781009634069
9781009685443
9781446294345
9781009436946
9781009813273
9781009670241
9780852726501
9780994296245
9780949578716
9781009632768
9781009705134
9781009611862
9781009015233
9781419786082
9781009740043
9780853186403
9780934375825
9781009466578
9781009627696
9780857507341
9780906227404
9781407606699
9780888903808
9780979898303
9780865425637
9781399210768
9781435487802
9781439927618
9780870652844
9780877627111
9780853124245
9780853617754
9780853617778
9780857111456
9780859767415
9780859767460
9780878720750
9780887487293
9780901333551
9780931170928
9780933775442
9780950791524
9780952731177
9780955247392
9780956307088
9780975623046
9780978556877
9780980239577
9780986437779
9780993560774
9781009402583
9781009421874
9781009479455
9781009481779
9781009496155
9781009506007
9781009543712
9781009570879
9781009613453
9781009621632
9781009622066
9781009649810
9781009651875
9781009669023
9781009672054
9781009673167
9781009698443
9781009699754
9781009704601
9781009706834
9781009709798
9781009740708
9781009782104
9781009813297
9781009821377
9781399210799
9781399219365
9781407613611
9781408721490
9781419771125
9781421454184
9781421455075
9781435173415
9788123745121
9788126306213
9788131901816
9788131902059
9788178623672
9788178623702
9788178623740
9788178623788
9788190607223
9789383076062
9780948153273
9781418005788
9780982867099
9780997848274
9780865265158
9781435486157
9781443478700
9781009814539
9780956582492
9781009450058
9780913785904
9780881442755
9780936115009
9780982272664
9780982468388
9780991563555
9780872869448
9781009197731
9781009274333
9780997773552
9781419780936
9780986023132
9780989177658
9780971086944
9780861549825
9781009272186
9780911079050
9781009056076
9780979299391
9780979761935
9780994811202
9781419775673
9780975621622
9780857306265
9780960125982
9780999122365
9780996878579
9781434105899
9781009012294
9780979457289
9780943255033
9781449686666
9780982933510
9781435462670
9781439080757
9781447372110
9780977556922
9780990625964
9780992972486
9780956967022
9780901601902
9781399211062
9781005527266
9780894351167
9780998173696
9781407621852
9781407655871
9780874344172
9780865435315
9781399623865
9781405966719
9781405973243
9780995712775
9780992858162
9781399976053
9780949432094
9781398260672
9780865735125
9780853617792
9780857306227
9780857507655
9780871714855
9780874476262
9780887232459
9780889714984
9780903200264
9780913351468
9780913785829
9780917010286
9780918606174
9780920119853
9780932624475
9780946148813
9780948543494
9780956984005
9780957502369
9780957554993
9780964680487
9780966186567
9780972980388
9780976614692
9780983908753
9780985471095
9780989177634
9780989256124
9780991301157
9780991389490
9780992424534
9780992834197
9780992858193
9780993350498
9780993396564
9780995801134
9780996859097
9781009591201
9781009631310
9781009805742
9781399829960
9781408863534
9781419004087
9781419775260
9781420982817
9781426224591
9781434106001
9781441347206
9788123725727
9788131900994
9788170217374
9788185843230
9780857051264
9780980224795
9781447277187
9780954106898
9780872291447
9780983275756
9780989884877
9781423669500
9780930323707
9781009566872
9781005343378
9781005481780
9781005519940
9780966263534
9780864493224
9780907780168
9781419778735
9781009452458
9781009980159
9781009383035
9781420286373
9780857238528
9781420286328
9780941846455
9780982456460
9780865432871
9781400351855
9780851249582
9781420286359
9781009665759
9780872813076
9780956410078
9780857306197
9780874881509
9780908598557
9780961906733
9780977861644
9780979874734
9780984193318
9780985374839
9780985374846
9780989369565
9780995533561
9780995580824
9780995740198
9781005147471
9781005214753
9781005533137
9781005721640
9781009498272
9781009633536
9781009650694
9781009671439
9781405967761
9781405971270
9781405991605
9781416022237
9781420286342
9781420286366
9781420286380
9781429206426
9781421518954
9780860035350
