9789386689115
9781421453965
9780882291581
9780881732313
9788123721101
9788123779768
9788190705394
9788122200805
9780190137182
9788121617680
9788125015901
9788125052050
9788125052500
9788125052586
9788125058793
9788125600008
9788126307357
9788131906149
9788131910771
9788171566082
9788181807403
9788182963436
9788185046174
9789373742410
9789373744162
9789386379900
9781009360036
9781009321488
9781009656078
9780872638518
9781407362458
9780953494453
9781447174622
9788178061078
9788193073704
9788121619653
9780863113765
9780956777317
9788120720909
9788121614580
9788121614771
9788121614788
9788121615631
9788121616386
9788121617390
9788121618267
9788121618625
9788121619141
9788121619776
9788121619868
9788121619943
9788123741369
9788123748801
9788125060802
9788126303885
9788131900369
9788131910108
9788131917008
9788170351733
9788170705352
9788170705383
9788170707431
9788171858675
9788177580488
9788180561511
9788184970562
9788184970579
9788193073711
9789350330593
9789351416142
9789373740096
9789373744971
9789373747590
9789373749761
9789381162262
9781447138570
9781009421027
9781009606271
9780947219147
9781009550277
9781447998358
9788120757417
9780907125488
9780981166032
9788183326292
9788121615952
9788123741147
9780878144365
9780979921988
9780986622571
9781407363110
9781407363660
9781407363707
9781421453606
9781421454054
9788122201390
9788122428186
9788123707518
9788123731322
9788123750682
9788123766959
9788123904146
9788126305179
9788126309283
9788126309382
9788126340255
9788170086697
9788172764593
9788176935586
9788177580471
9788177669640
9788183326254
9788184979442
9788189403065
9788189403089
9789326351034
9789350462317
9789350486221
9789350486238
9789350486252
9789350486382
9789350486399
9789350486467
9789350486627
9789350486696
9789350486979
9789350487198
9789388632119
9781009646321
9781009315760
9781009499446
9781421454412
9781009760225
9781009728416
9781009652988
9781009675109
9781009730372
9781009682749
9781420534719
9781421453545
9781433195143
9781009683159
9780981576442
9781421453422
9781009715607
9781009426800
9781009614320
9781009813198
9788170168096
9780861874620
9788120739819
9780895512062
9780853186212
9780871716224
9780892329090
9780901780102
9780903345064
9780996725538
9781003863403
9781009407106
9781009654555
9781009664172
9781009681636
9781009813143
9781009813235
9781009813334
9781009813341
9781421454351
9781451186345
9788120739833
9788121929707
9788122305890
9788123728278
9788123733272
9788123747354
9788123755014
9788123756929
9788123758480
9788123765501
9788123766508
9788126308453
9788174504814
9788176936927
9788184082234
9788184970906
9789385914010
9781009536561
9781009567237
9781009643191
9781009180139
9788122414578
9781009706650
9781009570145
9781009485159
9781009413992
9781009011198
9781009634328
9781009722537
9781009227360
9781009241342
9781009431484
9781420531848
9781009595216
9781009640428
9781009646550
9781009769747
9781009692977
9781009733069
9781009227353
9781009687713
9781009714761
9781009231473
9781009436335
9781009692885
9781009718103
9781009060943
9781009231480
9781009798549
9781009364119
9781009045421
9781009486699
9781009501347
9781009648448
9781009710718
9781009273046
9781009314039
9781009450928
9781009602631
9781009608572
9781009335317
9781009601023
9781009502870
9781009448734
9781009650939
9781420531879
9780871548528
9781009449380
9781009584012
9781009680530
9781009407724
9781420531749
9781420534672
9780937666777
9781009617604
9780993624261
9780878202492
9781009221498
9781420529791
9780906245521
9781407363684
9780974490687
9780879074487
9781009644044
9781009676243
9781009677578
9781009699808
9781009769617
9781433197758
9780967254340
9781009228404
9781009231442
9781009165822
9781009374125
9781009527804
9781009679015
9781009667739
9780853186144
9780888397959
9788177391176
9780873899840
9780907854289
9780992329785
9781009161190
9788123779973
9780999280317
9780884165781
9780871716095
9780887233494
9780906245514
9780992837754
9781003864240
9781009113229
9781009228374
9781009352741
9781009419208
9781009486262
9781009492973
9781009500791
9781009536578
9781009572873
9781009640367
9781009667920
9781009674249
9781009698788
9781009743365
9781009749114
9781009766289
9781407362939
