9788125042983
9788125043706
9788125907671
9788126313938
9788127251079
9788129701428
9788130910116
9788131217092
9788131734360
9788170543480
9788170543671
9788170543800
9788171949984
9788172866938
9788173669477
9788173712999
9788174530158
9788176496148
9788178553771
9788179680636
9788180900785
9788182813670
9788183225625
9788184044133
9788185116426
9788185616940
9788188237104
9788190074551
9788193324356
9788193826393
9788198740519
9788199625525
9789350892534
9789354420504
9789354977558
9789354978043
9789354978081
9789354978104
9789354978197
9789355205889
9789355213839
9789361031311
9789361032400
9789361032714
9789361033896
9789361035609
9789361037313
9789380848273
9789381156117
9789381431603
9789381626016
9789382618331
9789384566029
9789385039126
9789386054692
9789390818075
9789694962801
9789698957483
9789810164300
9789810621117
9788171671991
9781107508552
9781107508712
9788183326858
9781039055940
9788181378729
9780190131777
9780691114118
9780691147277
9780706989670
9781107508545
9781107508682
9788123779102
9788172334871
9789350161012
9789361030147
9789361030208
9789361030970
9789361031687
9789361031878
9789361032257
9789361033438
9789361035319
9789361035425
9789361036453
9789361037511
9789361037627
9789361037887
9789361038709
9789361039485
9789367254400
9789381335888
9789390659937
9788189147051
9788188629169
9788123734460
9788193432099
9780190131760
9780199485383
9780199488292
9780199488360
9780199496556
9780861252961
9788125055396
9788125060253
9788126317288
9788170543886
9788181378705
9788183322911
9788184951394
9788185396095
9788193824702
9788197061042
9789325977587
9789349919723
9789351923039
9789352033188
9789361032202
9789361032233
9789361033209
9789361036019
9789361036354
9789361036491
9789361037085
9789361038785
9789367252529
9789367252932
9789367253588
9789367256305
9789381335499
9789383746804
9789385915604
9789386711526
9780190137496
9780190137502
9788121938532
9788123744377
9788170543695
9789327277678
9789361035081
9789361036231
9789361036279
9789367256459
9789373743875
9789373745732
9788172339241
9780070593725
9780190132316
9781003864288
9788121930994
9788131808214
9788170543015
9788178815930
9789361033322
9789361039454
9789367252949
9789367256169
9789386769893
9789389833409
9789383111138
9788181378941
9788121618687
9788121620529
9789391024451
9788123747941
9788188071715
9788182529649
9781542044172
9789385152351
9780143418870
9780143470786
9780190137472
9780190137526
9780970344939
9781572842854
9788120304093
9788120324404
9788121925082
9788121941556
9788122479294
9788126310319
9788130914985
9788170501152
9788171947577
9788172336110
9788172336233
9788172337568
9788173714498
9788174530394
9788174530561
9788178241678
9788180563966
9788181370877
9788181370884
9788184044171
9788184305241
9788184621341
9788184650532
9788184978063
9788185002910
9788185636405
9788185861371
9788186026366
9788186219942
9788186618264
9788190662239
9788192850740
9788193747056
9789325977723
9789349941175
9789351034032
9789351034049
9789352754915
9789354978067
9789354978135
9789354978159
9789354978227
9789354978289
9789361030338
9789361030871
9789361031434
9789361033957
9789361034060
9789361035470
9789361035869
9789361134500
9789367252833
9789367257982
9789367258750
9789381189665
9789384266028
9789388159548
9789388159555
9789391242121
9789381626870
9788181378934
9788181379757
9788122203943
9788123715254
9788181372789
9780190128166
9780190133795
9780190134983
9780190137090
9780190137465
9788190554718
9788190722117
9788192571010
9789350366202
9789354979927
9789361032561
9789361036361
9789367257456
9789367257678
9788178695105
9788183820769
9788192723297
9789350481158
9789352768370
9789354979941
9789380206394
9789382618201
9789384028282
9789385152689
9781009215824
9781009322331
9781009701525
9781009054454
9781408507568
9780007446421
9788123761855
9788181820518
9781009645508
9781447377443
9788120835184
9788121926393
9788121941860
9788125039174
9788126301959
9788126320547
9788170521921
9788175300538
9789326351652
9789350070260
9789351033219
9789351039808
9789351551331
9789367250266
9789367250396
9789367254189
9789367254585
9789367255308
9789367255339
9789367255353
9789367256534
9789367256992
9789367257036
9789367257074
9789367259610
