9788131900864
9789352866489
9780199476503
9788122508017
9788131800430
9788126317127
9788125901952
9789332585348
9789350005248
9789350000472
9788184452365
9789815162202
9789815162653
9789385755682
9788119623839
9780670098088
9780333924242
9788194133919
9789350004289
9788126122561
9788170553472
9788131759981
9788131903698
9788131801772
9789995636586
9788186423486
9781447175643
9788131808221
9788189487744
9789325977754
9788131805886
9788121929219
9788131730782
9788123735443
9788121925099
9788125034339
9788184959574
9788122904222
9789389811988
9780143442592
9780143448150
9789352530588
9788120326170
9788123788265
9788124608654
9788174463173
9788131806517
9788175053021
9788121942782
9781472378002
9780391031234
9789380644882
9789386950680
9788198120311
9789815162370
9781509857784
9780143463276
9788123917559
9788131269145
9789350361436
9788131900673
9788194215813
9789352755882
9789350366196
9780007492411
9788186734735
9788171098224
9789386348098
9789351210245
9788183602020
9788125042839
9788123751849
9788126112920
9789350009284
9789357483469
9780808921509
9788119623914
9789351037125
9789350002810
9788181376770
9788189836153
9788120417151
9789351450214
9789358717822
9788173718229
9788176372008
9788131805473
9788175740785
9788121926850
9789380743141
9788170554837
9789351550396
9788196539344
9788181433091
9788185040011
9780143444527
9780143419389
9788184959826
9789352742653
9789385676895
9789352742660
9789351405719
9781509848850
9781509857654
9781509857531
9781509857715
9781509857661
9781569572221
9781509857708
9789350021415
9781447175827
9781447176022
9788181379061
9780143441526
9788125042112
9789325986725
9788187671633
9789350000526
9781447175766
9780891168140
9789352291472
9781447175605
9788131903667
9780070584846
9789386250872
9780143467823
9789391208325
9789386313690
9789389931839
9789326351706
9789326355322
9789326355315
9789326355339
9788125040316
9788181439093
9789352294787
9788181435064
9789380257099
9781420092684
9788123727660
9789386341259
9781447175964
9781447175650
9781447175711
9781447175971
9789354919466
9781447175889
9788192565521
9788131518250
9781447175674
9781447175636
9788121600040
9788170557104
9788125918585
9780883188736
9789350004241
9781447175759
9781447175940
9788182200401
9781509857500
9781509849024
9781509857760
9781509857494
9789350336564
9789386313669
9788187818885
9788123722948
9788123911304
9789350483381
9789349042186
9788125052036
9788123709147
9788178691695
9781785983870
9780857113184
9781447175957
9781447175995
9781447175902
9781447175933
9781447175872
9781447176046
9781447176015
9781447176039
9781447175896
9781447175773
9781447175858
9781447175780
9788171856671
9788190750554
9788123748146
9788123754529
9788121618311
9789386397430
9789386397478
9780318369495
9788120744288
9788123701684
9781444198157
9780867292824
9781447286981
9781444955309
9781444955248
9781444955231
9781447283188
9781444955255
9781444955293
9781444901214
9781444949186
9781444949063
9781408347638
9781409335122
9780857425959
9780892816774
9781009517508
9781444776966
9781444736595
9781416026051
9781444955194
9781444955224
