9781041229995
9781071602850
9788847039643
9781041086215
9781260460759
9780004748924
9788175085114
9788897986096
9781138367623
9780521750899
9780367894900
9789354641558
9789381417027
9781138198258
9788131267790
9781138569430
9780808922711
9780367438586
9788179681343
9780879935641
9788170191933
9788172336899
9788132237259
9789385935961
9780521594837
9781550093742
9789353503079
9780702076398
9788181289223
9789385935282
9780683180206
9788183765435
9781259921612
9780770717780
9789332585584
9788122438901
9788181895370
9788189473051
9789383096794
9788123923062
9788181288509
9788123913094
9788181289001
9788184891027
9788179061275
9788183763219
9788126547227
9788183760836
9783662562154
9781493977314
9781493977291
9788181892683
9788123925592
9788124601860
9789354641633
9788131525159
9780367200992
9788181283559
9788181289193
9788125035473
9788183762878
9788183760638
9788183763059
9788176292245
9788126528554
9788183761550
9788183761994
9788126516612
9788183761390
9781138098688
9789339220112
9788179060704
9789812400697
9788183765558
9788183761413
9788183762137
9788126529674
9788176292214
9788183762144
9789385915208
9780521605687
9789356400177
9788126572298
9788187421337
9789353166519
9788180350252
9789382841838
9788125062394
9788125058779
9788123908533
9788126547982
9789353434854
9781493976270
9788184891515
9788126560257
9788126534562
9789352902743
9788178331362
9788190491433
9788126547203
9788125056294
9788174466167
9788126540396
9781032585215
9788126509461
9789390727995
9788193406205
9788126569366
9789353162863
9788123907543
9788126547968
9780199560295
9788183077019
9783319709482
9788189471729
9788131808108
9789354600807
9788126549351
9789358394252
9788126532254
9781493998258
9788126554751
9789381416280
9788126571376
9781071603703
9788131522981
9788126546824
9789332902824
9788189011864
9781511384049
9788184739138
9789353168384
9788181892812
9788185860671
9788123923284
9788123900308
9788182201996
9788190541558
9780521683234
9788131803882
9788183760591
9788183761680
9789332901926
9788126556007
9781259097225
9788181892454
9788126528691
9788126525584
9788121505697
9780192856715
9789381269923
9788131507810
9789332536821
9789380550602
9789391297473
9781484251423
9780593541869
9788190690478
9788126551958
9788173717260
9789352295838
9788183226257
9788190307857
9788181280510
9788189011147
9788126548521
9788184731521
9789384857462
9788126546978
9789332901476
9789351381518
9789387561342
9780143474364
9788131804070
9780367746087
9789351198741
9789332539327
9789353383275
9780706982275
9789389628791
9788123715421
9788119243044
9788183326537
9789332902985
9789388019200
9789386418579
9789357402231
9788170949190
9788172232603
9788122440959
9789381162163
9789350620892
9788186653111
9788131800317
9780670091904
9780670092642
9789361315978
9780195674095
9788131518045
9789350097731
9780195673982
9781529065244
9780670085842
9789385879074
9788186714621
9780199460236
9788187067788
9789380298764
9788186231241
9789380298238
9788178241692
9788126310104
9789371366410
9789380828169
9781509857692
9780143450719
9789354663741
9789385401671
9788125026556
9789353066260
