9780849389610
9780904887655
9788181710475
9788187586470
9780852381618
9780857367471
9788125053446
9780969588511
9780571540723
9780941451680
9780863564635
9781555282813
9788122404241
9788122402964
9788184303469
9781902806044
9780856687419
9788170592396
9788174453365
9788171102723
9789384082635
9788170212980
9781442280151
9788185425412
9788173712975
9788121507523
9780866565561
9789352669356
9780241567388
9789382127567
9781444338126
9788120332515
9789388754200
9788185119601
9788182744370
9789380601311
9788129110343
9780863802751
9788181892072
9788173040306
9789352663835
9788120347229
9788121511988
9789352660834
9788121502368
9788121503242
9788121930338
9789351865377
9780892067541
9780156060844
9789390742127
9788174464149
9789350000182
9788121504409
9788125024750
9788186017586
9789387297890
9780486837215
9780851863436
9788125931348
9789937330725
9788170247395
9788179930526
9788185094823
9783844804058
9780300176872
9788123919058
9788170995951
9788186791271
9788185094496
9789387023796
9788173719158
9788182203518
9788120347977
9781846648366
9788171320240
9788178241661
9788173411045
9788121504737
9788186791622
9789384363130
9788120339705
9788123929507
9788188569267
9788121509756
9788125056102
9788171859559
9788174468635
9788121510349
9788185094762
9788181520845
9788185094892
9789380574752
9789382040422
9788183243452
9789352870844
9788187586388
9788121512190
9788121508193
9789744801845
9788125060901
9788129110022
9789698780227
9788189161866
9789380574523
9788194991380
9788121504393
9788121512763
9788121507851
9789380247199
9789381574898
9788120339262
9788181581051
9788188043552
9788174461674
9781398202986
9788125036807
9788173200342
9788183243483
9788125028697
9788409280407
9781530060399
9788173200649
9780670078318
9788193251706
9788121504348
9788173719516
9788192544557
9788126042463
9788193785034
9788121512930
9789381842492
9781492991083
9788121513104
9789380864389
9789352073238
9781569027448
9781413765922
9788173200540
9788173200588
9788185689050
9789384721619
9789937624121
9789390923984
9789380376356
9788192552606
9788170591436
9788183210096
9788126004331
9789381141717
9788121509084
9788183210669
9780850126976
9780892878581
9788854406612
9788122300246
9788184650129
9781978032576
9788123768526
9788179935330
9781405873154
9781543953466
9788183210492
9788195580477
9781439227510
9788171698851
9788121502085
9781437704730
9781849154338
9788120335967
9789937330435
9789394212107
9788189076801
9789350726228
9788183615617
9788123768151
9788121506762
9781922385819
9788183249256
9780139085918
9788187393054
9788126127542
9788193029022
9788181430007
9788188043095
9789391490065
9780849366215
9788184488517
9789694073750
9788193859834
9789380658575
9788189076252
9788170944423
9781743074497
9788183230360
9788186050576
9788189859251
9780962561870
9788187586623
9788170171744
9788184352023
9788181434340
9781783530199
9781608763993
9789364876100
9789350002100
9788494244964
9789937623193
9788185375359
9789380864488
9788193231937
9788177565492
9788192047508
9789384092801
9789380550282
9781634831642
9788121506601
9788173880049
9788185616803
9780874883084
9788125029939
9789385144516
9788183210133
9789386516824
9788170351887
9788174182753
9789380550947
9789380574349
9789556650310
9789380550688
9780865436596
9789380550657
9789746609227
9788126110285
9788126127603
9788172343309
9789351505945
9789352047420
9788183210966
9788171241743
9789351626213
9780521630726
9788121923330
9789383221349
9788187330257
9788170175391
9788170847311
9788183210058
9788185680088
9788184351408
9788185040097
9789352290529
9789350729236
9782757202838
9781422101179
9788194243809
9789387809734
9781137349743
9788126033669
9789350723982
9789380864266
9789556652017
9788176258760
9789350257944
9780867153002
9788180615092
9789352296576
9788122308549
9788171105267
9788186050446
9788180901850
9789383419869
9788121500326
9788185179735
9788177420500
9781731807014
9788121204385
9789382114185
9784899740674
9780674988286
9781544612195
9788188629381
9789390022472
9780143416432
9788185040431
9789252061960
9788189059026
9788188569106
9780199485215
9780955060182
9788183764995
9788183765374
9788170815327
9780887406898
9780241626511
9788121105392
9788121512916
9788188683475
9788123778365
9788170175537
9788173880704
9788174533166
9788187586739
9789937623148
9783037780619
9789381209196
9789382624394
9788492569588
9789350909881
9780950395432
9788121502740
9788121921299
9788126023974
9788376095943
9788492417308
9788126906673
9788182902138
9788183248235
9789937646550
9788181437013
9788183762410
9788172734862
9781439252116
9789350500606
9781782224808
9788171105427
9789380326986
9780878463343
9789937594301
9789020721881
9788186470060
9789385909474
9788121106030
9788130901688
9788173054761
9789352295050
9788123747842
9788121512923
9788178541211
9789383419562
9788173200472
9789350040515
9789382624431
9780070482937
9788123924335
9788187943242
9788188043163
9788180901270
9788498482379
9788172343354
9788172343361
9789357377799
9789380864303
9788172335830
9788131256534
9788185170664
9788121508476
9789382460671
9788120353657
9789387195790
9788182204935
9789937945424
9788183210164
9788181580481
9788185002743
9789380179513
9788886208307
9788893913225
9780918286581
9788174873941
9788173714092
9788183765244
9788121500821
9788179941911
9789383848041
9781543981803
9788180902871
9788183761093
9788183762793
9788189473433
9788121511926
9789382629139
9782757213629
9781432585082
9788171856503
9780670090082
9789937814478
9781035422357
9789352294275
9788183764292
9789326350693
9789385302398
9788183762809
9788189473778
9780893916442
9788189473723
9789381345122
9789356803824
9780718186517
9788175994621
9788187644354
9788121512749
9788170600466
9780890961223
9788183760126
9788189471248
9789382629061
9789382629252
9788177023114
9788185495460
9788194529866
9788178690254
9788125047087
9782916914497
9789352667444
9788185102962
9788120754010
9789937260930
9788183153027
9788183763929
9788183763943
9788122406535
9789393701725
9789390179398
9788188827718
9781582550152
9789380336299
9789383721740
9788129116161
9780957051140
9789251097311
9780994995605
9781449641856
9789937506540
9789937623087
9780854049875
9789356962002
9788185680019
9781638606314
9789655263459
9789385509087
9780316760942
9788180521249
9781591027720
9788183763844
9788189471316
9788182903500
9789381209363
9788186050156
9788131909874
9788192099286
9781639200528
9788183244251
9788189471309
9788189471873
9788189471972
9789382629146
9789382629153
9789382629276
9789391730109
9783662610596
9788120351257
9780835675352
9789382629405
9788183764711
9788124608968
9788173200489
9788174456984
9788189866112
9780670091980
9780241644645
9786079828608
9788183765015
9789383864034
9788176018579
9788171640492
9781665905664
9788183244138
9788121500913
9788185094458
9788182904804
9788189471422
9788189471941
9788121500449
9788183210461
9789937524513
9789380574455
9789381189269
9789387890053
9788124117811
9788181715647
9789385161735
9781926648118
9789382629399
9783905752250
9788171105731
9789380930794
9789384092030
9788176631976
9788181524621
9781546622512
9789991054322
9789380336718
9789353903435
9788126045556
9788129136909
9788125059158
9789385144851
9788173053467
9788185002088
9789380574448
9780865875630
9788183760362
9788185170589
9788183212038
9788170565710
9789381209394
9788183211956
9788183212830
9788172333362
9781626007222
9788121211642
9788171197859
9788121204682
9788193945186
9788193272602
9789384721213
9781849205047
9788177083125
9788185589503
9780195692433
9788183391153
9788126050826
9780976827214
9788189975692
9788186791011
9788195042739
9789385955792
9780143422297
9780674980433
9789381398722
9788173157134
9788121503020
9788121702263
9788189973902
9788189617974
9788185263830
9780230715592
9789389137057
9789385302145
9788126025480
9788183306461
9789385445019
9788176482950
9788186471005
9788120756069
9780143428497
9788186117361
9789387195127
9789551358143
9780854482207
9788172086770
9789937623643
9781849158824
9781450529396
9789381574010
9788170172987
9781403922359
9789381431436
9788187812005
9788170820192
9789381952061
9788179860977
9788194921073
9789550028351
9783437237805
9780933784215
9788182904897
9788189886127
9788182903869
9788184732016
9789352301553
9788171105526
9780133286182
9788192856711
9780198092001
9788129113191
9788183701358
9780993291166
9788178242859
9789937623094
9789380943947
9780983299639
9789810713799
9788129108296
9781544811314
9788123772165
9788123773322
9788185002729
9789381094181
9788170463023
9789383649556
9789381017104
9788192453736
9789385593307
9782902776696
9788125045540
9788194340126
9781439211243
9788170089773
9788179507087
9780648906001
9788121618687
9788121617727
9788121619516
9788187418320
9789382396291
9788188775200
9788180565755
9788184370508
9788186103999
9789380574875
9788123911052
9780896032545
9788183243308
9780993077890
9780984755028
9788121620338
9789381951224
9788174534200
9780880482592
9788131601372
9781422229057
9789387643093
9788126052738
9780876391266
9788179756034
9780933784178
9781009286565
9788186791202
9780932828323
9788175362314
9788181820105
9788188775880
9788192752556
9789380836102
9789382749103
9788173200618
9788176210751
9788123779249
9788183210706
9783832537982
9780932052520
9780195683325
9788185094632
9789381887646
9788121513227
9788195580460
9788173808371
9788186201893
9788187374770
9788183242295
9788184300666
9789385593840
9780874477870
9789381574324
9788123928357
9780945803355
9780198069089
9789322008260
9789350482711
9788121296250
9788131610138
9788184030235
9789389671858
9789556651522
9789385445453
9788788415278
9788186047118
9781445695594
9789385445576
9788123910604
9783410262565
9788170087687
9788185499604
9789381703656
9789810106966
9789332901643
9788171106455
9789392025679
9789380864204
9789381484487
9788183701372
9788170350903
9789380852553
9789381022573
9788193110249
9789698181048
9788195091973
9788192301259
9788170493105
9788170555407
9788171106219
9788193238943
9788194454779
9788170084754
9788188629633
9789380864037
9788123768908
9788123780559
9789990809176
9788186714935
9788123771656
9786078237623
9788123798929
9789350864883
9780670082261
9788174140210
9780990702801
9780521777384
9788123755809
9789357054171
9788126320950
9788189485320
9788185094908
9789350481127
9789381709269
9788177793857
9789380864372
9789351625728
9788195285846
9789382396161
9788121511148
9789332901469
9788182881020
9788123922973
9789551266608
9788184541069
9789387890084
9788126722075
9788186117217
9789350601341
9789380771038
9788185141794
9780853127000
9788934803362
9788187332671
9788185860831
9788171208593
9788173860263
9788178236162
9788185301587
9780865166981
9788129300355
9788173862168
9788178837291
9789381887080
9788173232398
9789381845004
9788170080732
9788171202577
9788171204922
9788178060415
9788178835747
9788191019155
9789380864136
9788186103838
9788186103876
9789393701732
9780946688111
9788170306306
9788178835914
9783748139775
9786077723103
9788188683703
9788171106264
9788181435934
9788189580476
9789381887066
9788123720647
9788123721163
9788171202591
9788188683680
9788188867479
9789332460034
9789388337137
9781401927011
9788126040193
9789390391004
9788178220017
9788181820853
9788186782545
9789381951484
9789385445200
9789395533010
9788123766522
9788123773629
9788184030396
9788122202335
9788171203598
9788173862229
9788173862243
9788173862519
9788174507044
9788176860956
9788185170404
9789383441396
9789390521166
9788185040035
9788120619265
9789350641842
9788126309856
9788126312108
9789390179282
9788123750682
9788131918340
9788179860328
9788131900413
9788123928999
9788174878045
9789385054921
9788126308859
9788170163190
9788183240116
9788120340435
9789383445493
9780998749884
9780990495109
9788123728353
9788123747286
9788124801796
9788126301201
9788126314539
9788131953099
9788170601593
9788171208197
9788173860249
9788176491419
9788180561535
9788186798096
9788188018697
9788188225842
9788188643189
9788189738631
9789381325087
9789381325353
9788129113931
9788129136725
9788171678860
9788181436603
9788186265178
9789380631554
9788122307627
9788122308402
9788122308990
9788123754185
9788126312290
9788170110163
9788171563715
9788173862335
9788181437853
9789380336008
9789390183777
9789385593802
9788121616577
9788173155581
9788181432513
9788182060760
9789350007594
9788120805460
9788174532848
9788179756041
9788120841529
9788123766577
9788126316694
9788171240234
9788181437754
9788181438652
9788185102375
9788189852221
9788194739807
9789326354547
9789352293513
9789352763580
9789352763627
9789381458136
9789385054266
9789385252150
9789385252167
9789385609466
9789390183838
9788121618656
9788121618717
9788171107360
9788176210577
9788188479269
9788188629282
9789380336541
9788185425184
9781439239704
9788120723832
9788120733244
9788120781757
9788120825468
9788122304756
9788122308501
9788122313529
9788122435344
9788123769769
9788124604960
9788126315253
9788131911235
9788131918449
9788131932308
9788171106127
9788171640799
9788171641413
9788171641420
9788176381161
9788185301044
9788186004081
9788186339749
9788186470152
9788187812401
9788189798598
9788192555720
9789380009483
9789381325193
9789381952719
9789353243296
9788188575152
9788188575886
9788123027951
9788124604649
9788121925402
9788123769455
9788126028986
9788126301997
9788126315048
9788126315833
9788126319312
9788126320974
9788170520412
9788171859177
9788171859412
9788182200241
9788183154222
9788183154253
9788186098967
9788186103036
9788194065401
9789326350006
9789326350563
9788176559713
9788126311552
9788170557869
9788181431578
9788181436047
9788181436887
9788181439864
9789350001318
9789350721728
9789382396420
9788185094144
9789350466520
9780993489068
9788121909327
9788122310177
9788123764238
9788123781471
9788124603925
9788125039839
9788170086796
9788170589914
9788171208517
9788185141626
9788186030325
9788186050231
9788193144022
9789380661278
9788122505900
9788123729343
9788123770758
9788126040643
9788189934088
9789351310693
9789380864365
9789390973552
9788123753690
9789350466896
9788174345523
9788192982212
9789353497293
9789388810593
9788120754478
9788121930017
9788123741154
9788124602447
9788126309832
9788126311903
9788126320592
9788126340989
9788131903056
9788131934234
9788131934265
9788170118831
9788170522263
9788171242627
9788171324446
9788171563227
9788171640911
9788171857500
9788178127378
9788179919910
9788183151108
9788183153928
9788183154208
9788183154529
9788186470428
9788187332633
9788189833886
9789326350570
9789326351423
9788126415533
9788123768168
9788126311224
9788126311415
9788172210519
9788173815553
9788125914761
9788177582451
9788186265314
9788126308361
9788170554936
9788170556114
9788170558347
9788173158605
9788173158643
9788173158650
9788178542614
9788181430458
9788181461742
9788181467522
9788181468369
9788185141138
9788186423752
9788188757253
9788192053455
9789326353083
9789350480021
9789350482551
9789350483114
9789352292233
9789380048642
9789381887288
9789384168100
9789384168124
9789384168278
9789384168841
9789384406295
9789384419431
9789385593253
9789385593314
9789387330931
9789387919884
9789390659029
9781398116931
9788123735030
9788123788135
9788131000106
9788182234338
9780992765491
9789380069302
9788121620659
9788131903469
9788120821446
9788120339538
9788120814264
9788123755717
9788126340002
9788183153805
9788189750992
9789326351638
9789326352116
9789326352901
9789326353090
9789380048857
9789387472495
9789387890091
9789383751914
9789383962037
9789391034016
9788120806146
9788123743035
9788130915210
9788131944769
9788178222585
9788179860069
9788183244923
9788192304700
9789351289869
9789380081182
9789381904343
9789384721299
9788129109293
9788129112910
9788123019536
9788184352573
9788122304299
9788122310962
9788122311006
9788122312676
9788122436044
9788123018294
9788123773278
9788123777290
9788124602638
9788126029228
9788126318575
9788131930311
9788170462774
9788170703600
9788171100620
9788171552726
9788171640829
9788173045493
9788173046551
9788176558105
9788178541662
9788182650169
9788183154093
9788184776683
9788187418573
9788188043071
9788188071265
9788188629008
9788189485443
9788189833848
9789326351188
9789350020111
9789351484813
9789357940320
9789380536293
9789380536385
9780966621181
9780988244511
9788120805736
9788175994294
9788175994454
9789358569551
9789390183821
9789391047450
9788126018369
9788126027439
9788170462583
9788170555728
9788170846581
9788173157523
9788173157561
9788173157639
9788184772852
9788188466658
9789350007204
9789350899274
9789352752874
9789382616726
9789383111602
9789384168261
9789385288302
9789386582898
9789387919365
9788174532794
9788195110506
9789350259030
9789391034351
9788120795129
9788123779805
9788170287285
9788171858958
9788182860063
9788182881488
9788183154451
9788185549453
9788187332619
9788189766498
9788189982003
9789326350631
9789326350921
9789326354424
9789352802456
9789352802975
9789380927343
9789386810229
9789386835284
9789387919877
9789391034740
9780982695333
9780986229046
9788123786964
9788171302222
9788182994102
9788121905039
9788122310726
9788122411430
9788123779133
9788124605400
9788126050987
9788126432110
9788130912554
9788173041198
9788173862175
9788175101760
9788183153911
9788183820929
9788185381848
9788186017654
9788186098929
9788186230268
9788186569405
9788187352006
9788188629619
9789380048390
9789382114260
9789383441372
9789390179107
9789391952228
9780852448236
9789350461587
9788120835085
9788123771779
9788126309917
9788185002828
9789350000021
9789350483084
9789350727362
9789380146881
9789380146980
9789386799579
9789937708661
9781432764395
9788170551669
9788181467423
9788184005684
9789352295371
9788121200158
9788121200851
9788122200911
9788122310627
9788123781983
9788124602317
9788124604106
9788126306152
9788126307340
9788126317868
9788126318339
9788126330478
9788170555087
9788170555179
9788170555773
9788170556435
9788170557319
9788171857173
9788173150449
9788173151552
9788173152047
9788173153815
9788177211849
9788185830568
9788185832456
9788186103616
9788188139880
9788188757015
9788188757428
9788189750732
9789326351621
9789326351669
9789326352918
9789326354271
9789326354790
9789326354868
9789350007327
9789350008614
9789350009130
9789350480007
9789350480823
9789350481776
9789350482582
9789350482827
9789350484692
9789350485828
9789350723449
9789350725672
9789351376361
9789352290451
9789352669028
9789380186245
9789380864150
9789381063408
9789382460749
9789383313662
9789384168186
9789384168667
9789384343309
9789384406158
9789387648418
9789390900770
9781416948261
9789814559065
9789814559089
9789814559096
9789814559102
9788123910888
9788123787268
9788123908618
9788123914206
9789381951248
9789381951323
9789381951330
9789381951637
9789381952030
9789383794027
9789385445323
9788194364801
9788170461456
9788194932345
9789362143624
9789390477173
9789390477685
9788123778419
9788123780306
9788123789545
9788173292149
9788181338969
9788183153812
9788120306707
9788129144997
9788186103852
9789350170663
9789380660752
9780996928595
9780997223002
9788120816756
9788120842083
9788170866503
9788173200311
9788175543645
9788178222561
9788188118984
9789326352574
9789937890601
9788182744653
9780982365502
9788126050529
9789382396642
9789388550161
9788120779952
9788120811256
9788121204422
9788121204460
9788121213691
9788122200522
9788122405248
9788122407600
9788122409437
9788122414776
9788123753560
9788123770680
9788123779560
9788124603529
9788124603628
9788124604977
9788170351818
9788170521549
9788171568291
9788171640782
9788171641017
9788171641406
9788171641444
9788171641451
9788173040085
9788173046575
9788173047305
9788174532626
9788174765598
9788178221984
9788178224794
9788178235196
9788183153980
9788184030389
9788185141749
9788185478081
9788185891064
9788185891316
9788186098370
9788186617991
9788186921302
9789326354721
9789350025352
9789350025536
9789350576441
9789350576991
9789351484448
9789357940023
9789357941686
9789380336046
9789380864105
9789380927053
9789381325179
9789381448175
9789381448847
9789381588512
9789381626795
9789382396338
9789383684014
9789385502248
9789387919839
9789387919860
9789389152395
9788176505079
9789352290505
9788122300239
9788184772876
9789380292601
9788126309801
9788126319008
9788131903919
9788188466597
9788194873648
9789350001103
9789350726358
9789350727607
9789352290864
9789380146041
9789384168919
9789387889514
9789389341621
9788185002675
9788194928775
9788123777252
9788123779683
9788172700843
9788174181961
9788183821346
9788184805765
9788185002521
9788189859664
9788889757567
9789326354936
9789387989016
9789937761000
9788188071579
9789390659456
9788174733702
9788181894854
9789351506676
9789382396321
9789384055042
9788184353556
9788189982232
9788124114988
9789385539602
9788121233606
9788123771403
9788123773551
9788126330409
9788171680597
9788184540789
9788185116181
9788186921258
9788188466856
9788195463657
9789350590980
9789352755325
9789383808625
9789384391607
9789387919099
9789387919297
9788195390809
9780199487295
9788123787091
9788126300822
9788170205883
9788174790347
9788176558310
9788180430619
9788181431363
9788184571752
9789352759774
9789384678135
9789384716424
9789385593048
9789386348203
9789386817136
9789391759247
9788192251707
9788124601617
9788124606629
9788125055426
9788126315734
9788126316298
9788126318117
9788126319480
9788126319558
9788126351225
9788127202873
9788131910726
9788170082446
9788170554844
9788170555056
9788171106301
9788171108275
9788171858101
9788173152535
9788173152542
9788173153174
9788173158193
9788176490054
9788177210811
9788181436733
9788181437099
9788181437884
9788183154123
9788186103079
9788186117118
9788186117279
9788188266128
9788188757442
9788188769162
9788190666831
9789322008390
9789326354707
9789326354813
9789350000069
9789350001424
9789350481059
9789350481226
9789351482895
9789351865919
9789352293216
9789352295678
9789352296873
9789352663187
9789380146355
9789380146423
9789380183114
9789380186832
9789380186931
9789380677392
9789380768090
9789381448854
9789382901549
9789383111954
9789383233533
9789387297241
9789390179015
9789390659265
9789390659357
9789390659807
9789390659913
9789390900442
9789390900633
9789391446284
9788121909525
9789353333584
9780989333337
9788178223339
9788184767858
9788120805200
9788194844310
9789385288289
9788123786902
9788190802383
9788194020110
9789380700076
9789380829616
9789385670626
9788170004301
9788188466962
9788123017686
9788124601761
9788183153706
9789384878030
9789381582442
9788123913612
9789381484111
9788195382637
9788171696925
9788120350038
9788187812548
9789381574232
9789384721268
9789350007068
9789390713691
9788131909294
9788171569267
9788183153935
9788120800571
9788120807839
9788120812635
9788120821347
9788120833357
9788122300284
9788123771991
9788123779119
9788123780542
9788126340484
9788170167488
9788171548934
9788179914458
9788183154048
9788183154437
9788186921029
9788193402894
9789350021064
9789350911105
9789382711414
9789386810052
9789391034498
9789382898504
9788184030440
9788183562256
9788120305724
9788120842885
9788125010180
9788170002604
9788170555995
9788171106172
9788173294341
9788181437808
9788187780298
9789350001165
9789350483602
9789351289920
9789382352969
9789387919020
9788126452903
9788173292972
9781447431053
9788120401006
9788123907161
9788176506601
9788184000559
9789350027363
9788175993761
9788184000757
9789350291832
9789353576547
9789385827693
9789387164116
9789390221790
9788121509725
9788122435900
9788122902570
9788124607459
9788124608500
9788126310814
9788131807453
9788171640577
9788171641024
9788171829910
9788171859634
9788173046612
9788173046902
9788174533296
9788175411081
9788176498531
9788177421385
9788178236155
9788178540719
9788178541914
9788178542782
9788180694752
9788180900990
9788180901508
9788183150873
9788183151184
9788183151252
9788183152976
9788183153683
9788183820196
9788183820530
9788183820936
9788185002972
9788185054964
9788185891118
9788185891323
9788187332466
9788188808373
9788189093259
9788189766481
9789326352338
9789350004883
9789350023303
9789350023891
9789350570760
9789350570982
9789351484363
9789351485056
9789357940061
9789381043493
9789381325216
9789381384008
9789381384046
9789382460350
9789383260454
9789383838608
9789385509100
9789387198005
9789388542104
9789937291248
9788120802209
9788120831070
9788120836198
9789382246817
9788120820456
9788178222356
9788182902329
9788121241922
9788123925950
9788171011032
9788172210496
9788174790491
9789351626237
9789390659562
9788120343443
9788120348332
9788131758618
9788180690891
9788180694868
9789387297418
9788123798257
9788186791172
9789383684045
9788184353884
9780990645900
9788172054229
9789353575984
9788170662020
9788126313310
9788170557654
9788181433770
9788181435316
9788190627108
9789350729663
9789352290406
9789352290420
9789352296255
9789357750264
9789387648487
9789388684736
9789389012620
9789390659036
9789390659081
9788194201861
9789380550855
9789380906409
9789387648227
9789387648432
9789388434980
9789389563160
9789390678372
9789390678617
9789390678839
9789391125677
9788120821453
9788124602034
9788124607015
9788170702016
9788171107162
9788173045998
9788173154218
9788173156410
9788173156731
9788173158902
9788181430281
9788181437006
9788183154475
9788186103034
9788186103685
9788186921180
9788188267606
9788189634117
9788189859299
9789326350440
9789326352123
9789326352314
9789326352321
9789326352567
9789326354691
9789350004906
9789350007754
9789350008461
9789350009673
9789350009710
9789350337257
9789350722213
9789350727836
9789351869108
9789352292691
9789352661381
9789353222338
9789380183268
9789380186252
9789380186825
9789380864082
9789381467848
9789381709030
9789381887172
9789382460312
9789383233823
9789383962938
9789384168483
9789384168582
9789384168780
9789386446237
9789386870155
9789387297678
9789390366477
9789393111449
9788186050415
9788121204026
9789350485675
9788192611402
9789390500666
9788193993224
9788184352580
9789325982444
9788120815186
9788122412277
9788124603475
9788171567744
9788174533203
9788175511736
9788178312668
9788179824306
9788179917558
9788179919392
9788180901584
9788183150521
9788183153867
9788184352597
9788186791257
9788188071357
9788188629565
9789350980927
9789381467084
9789382206521
9789382460800
9789384761585
9789387919433
9789391214579
9789937597043
9788131908365
9788177663839
9788171857326
9788123915913
9788170175032
9788193402887
9789352773268
9789383962389
9789386835390
9788120416109
9789380336824
9788176505338
9789381506271
9780893892746
9788120800137
9788120805095
9788120810976
9788120840102
9788121241946
9788122503258
9788122504057
9788123765242
9788126040636
9788126110070
9788129512017
9788170224969
9788170287063
9788180692437
9788180696817
9788180697807
9788181438232
9788183154239
9788183873680
9788184804522
9788185244198
9788185503158
9788186030653
9788191062137
9788192674353
9788193532218
9788193732601
9789326350532
9789326354714
9789350335604
9789350737521
9789351860105
9789358562569
9789358562590
9789380739076
9789382114079
9789382396147
9789382775140
9789383233373
9789387919600
9788170006060
9788178353470
9788187374527
9789380336558
9789382396086
9789386835505
9789387472020
9789729867255
9788120808294
9788179915530
9788181430441
9788181439499
9788186030608
9788189059552
9789350726716
9789380048826
9789385054372
9789390179411
9789706667076
9780873513906
9788120807617
9788122422450
9788123771953
9788126903405
9788130903392
9788130917153
9788170173427
9788171563043
9788171641116
9788171855803
9788173049910
9788174530738
9788176493338
9788177420913
9788178235493
9788178540498
9788178541426
9788178542911
9788180902048
9788183152563
9788183152570
9788183154116
9788183155250
9788183876513
9788184301526
9788185891071
9788185891293
9788185891347
9788186050101
9788186230169
9788186230817
9788187418900
9788188569380
9788189766337
9788189833954
9788192763941
9788192889917
9788193295281
9788193462133
9789350004319
9789350141656
9789350570241
9789350571545
9789350576953
9789350579176
9789351486046
9789351710189
9789352803781
9789357940016
9789381448618
9789381588338
9789381841051
9789383838806
9789385509032
9789387693340
9789388107433
9789389152371
9789390818105
9789390062096
9789390900732
9788170495024
9788184820461
9788192664811
9788193440926
9788193773406
9789382025054
9789387195424
9788181894700
9789350007044
9789357310161
9789358569308
9788121213042
9788123776408
9788182882638
9789382114307
9788126043224
9789353338527
9789382332015
9789390260232
9788170006053
9788179752494
9788184671933
9789383064250
9789388292313
9789388292443
9789393559609
9788123010410
9788123923338
9788185362014
9788187216063
9789380536743
9789383296903
9788187780915
9788187780953
9781442207110
9789381141601
9788121512534
9788170711230
9788123922225
9788174878960
9788173154591
9788173155000
9788173155994
9788173156922
9788177213782
9788178224817
9788181432759
9788183226059
9788186103037
9788186103038
9788186103042
9788186103111
9788187332442
9788188322671
9788192453743
9788193655511
9788194407157
9789350004913
9789350729953
9789351865605
9789378313011
9789380146416
9789380186023
9789380186283
9789380631189
9789382114154
9789382901495
9789384168537
9789384168865
9789384343682
9789384344634
9789384344962
9789385593826
9789386054432
9789387297142
9789387297272
9789387297647
9789387297715
9789389915945
9789390101733
9789390179343
9789390179367
9789390366989
9789390659425
9780859791748
9788179754948
9788186103753
9780932216786
9780976998174
9788170006206
9788120324039
9788120338616
9788178223353
9788184353907
9789350259948
9788178711720
9789352298068
9789382396093
9781445379623
9788170006671
9789326355803
9789385509223
9789391034559
9788122202113
9788124602362
9788124605868
9788170331971
9788170463047
9788171563104
9788174877765
9788178222646
9788183871891
9788186117101
9788187606086
9788194928638
9789350020340
9789350562857
9789352804436
9789380336169
9789380677477
9789384109080
9789386835253
9789386835826
9789389341386
9789390620456
9789392038358
9789840515356
9788123919553
9788187285045
9788188237920
9789381951231
9788121210102
9789351364603
9788184353686
9788170226987
9788176370158
9788171100019
9788120348042
9780753417874
9781800583177
9783921508756
9788123920054
9788170229964
9788183154062
9789351710264
9788120779976
9788120842007
9788121209427
9788181434791
9788181439932
9788189487607
9788192932415
9789352807864
9789381030141
9789383252947
9789383582952
9789390659579
9789937506205
9788171102730
9788174733245
9789381141960
9789381907412
9780981585505
9788181431905
9788174790040
9788174790057
9788174790323
9788195166305
9789352804344
9789382460084
9789383649839
9789385985553
9789390659661
9788123912158
9788123922430
9780811842969
9788121206884
9788170462828
9788174450876
9788186937013
9780985344740
9789391818180
9788120344754
9788120805811
9788124606353
9788124606780
9788126041329
9788126330416
9788126905836
9788126906253
9788126913480
9788131100196
9788171302444
9788171563081
9788171692200
9788174532183
9788178440514
9788178441245
9788178541730
9788178541785
9788178542096
9788178542980
9788178543512
9788179912850
9788179918050
9788181435705
9788183150316
9788183151382
9788184541052
9788185616780
9788186017760
9788186050408
9788186116494
9788187879510
9788188121410
9788188446056
9788189630508
9789350020999
9789350025338
9789350026472
9789351480532
9789351710790
9789356962262
9789381448908
9789382114437
9789382711872
9789384391560
9789384878573
9789385144424
9789385724008
9789386799463
9789387578418
9788123906348
9788188757398
9788194783008
9789380206967
9780941532785
9788121200226
9788121200738
9788121211390
9788126005697
9788170554738
9788170555636
9788170556107
9788170556800
9788170559603
9788171104949
9788176471329
9788178352527
9788179935798
9788180695575
9788180697081
9788181437921
9788181438140
9788185578644
9788187780946
9788188791224
9788190600750
9788194928676
9789350002247
9789350004531
9789350005460
9789350009024
9789350721445
9789350722060
9789350722411
9789350722473
9789350725603
9789350761540
9789352290383
9789352293223
9789352293568
9789380262055
9789380262697
9789380262765
9789380262864
9789380707167
9789381467985
9789383649815
9789387648920
9789390265220
9789382396352
9789384168568
9789384721190
9789394547032
9788126053377
9788171104451
9788170557883
9789389012279
9789390678273
9789390678433
9788120734456
9788120806429
9788121214087
9788124603420
9788124603437
9788126318667
9788173159046
9788175054417
9788184302417
9788186103068
9788186103425
9788188267736
9788188757374
9788192361833
9788192453729
9788193655542
9789326351942
9789326354738
9789326355520
9789326355902
9789350480380
9789350484340
9789350728802
9789351864981
9789351867265
9789352661206
9789353222727
9789381063507
9789381467398
9789383296279
9789384168629
9789384168674
9789384168995
9789384406523
9789384406578
9789384788179
9789385593116
9789385593468
9789385593628
9789385593857
9789385593888
9789385593932
9789387297029
9789387297371
9789387297869
9789387989986
9789388984010
9789389663143
9789390315598
9789390789214
9789390923199
9789391446116
9789391446994
9789392040689
9789392554025
9789392574030
9789394502772
9788126102440
9788178311876
9789382396659
9788180313356
9780957490208
9780974020167
9780997701302
9788123925455
9789994678815
9788121243872
9788191010053
9789386810632
9789386835574
9789390973644
9789390973910
9788120311206
9780988154919
9780996297509
9789352294596
9788121204880
9788123916743
9788183153676
9789326352963
9789390122820
9788189059316
9789350729489
9789381842096
9788121234764
9788178356921
9788184617696
9789391446215
9788172734695
9788183151238
9788183151580
9788183152006
9788183152792
9788183153751
9788184553840
9788189884673
9789350253700
9789350570319
9789352072859
9789380026022
9789385854217
9789391028299
9788120719767
9788120804449
9788120805729
9788120816794
9788120823259
9788122500738
9788124600931
9788125015581
9788125016601
9788126100521
9788126110001
9788126110049
9788126903825
9788126913329
9788126921324
9788127249304
9788170088080
9788170222552
9788170223788
9788170224648
9788170225003
9788170227458
9788170229483
9788170307396
9788170418986
9788171724468
9788173047282
9788174368232
9788174369154
9788174369239
9788174533241
9788174876867
9788174879622
9788176292559
9788176299138
9788176299251
9788176636551
9788177142471
9788177143416
9788177144147
9788177145472
9788178221328
9788178224466
9788179751572
9788179753408
9788179755815
9788179756423
9788179756607
9788180691331
9788180694653
9788180695124
9788180698767
9788181151018
9788182680104
9788182681101
9788182681224
9788183161787
9788184353839
9788184577990
9788185002873
9788185218076
9788185244648
9788186565513
9788187380580
9788189431440
9788189431457
9788189630485
9788189833640
9788191062168
9788191062175
9788193342084
9788193547571
9788193547595
9788193607459
9788194739548
9788195124848
9788196631376
9789327220643
9789327298017
9789350729250
9789351486084
9789351941330
9789351941798
9789351941996
9789357940054
9789380262550
9789380515045
9789380567785
9789380615004
9789381054611
9789381054666
9789382398622
9789382775089
9789382848271
9789383514168
9789384401498
9789385503696
9789385503719
9789388891660
9789390449309
9789390449651
9789390885145
9788123927978
9789361566615
9781438425023
9789386867865
9789390477463
9789390652280
9788129116253
9788129129277
9789350728741
9789352295654
9789352296521
9789380146768
9789386799401
9788170226444
9788179860755
9788179860991
9788120808362
9788120811249
9788120819450
9788120821019
9788120834224
9788130904016
9788171680641
9788178221854
9788178223001
9788189630065
9788193476567
9789381189580
9789382246299
9789384391447
9789388799744
9789392510113
9788170227939
9788185809540
9788186050453
9788188643387
9788120345959
9788120814288
9788174790453
9788178243795
9788123926353
9788193423882
9788195393701
9788121206815
9788122432169
9788124602744
9788124605158
9788124608227
9788124609729
9788124610138
9788126903795
9788126904136
9788126910519
9788126923687
9788130912813
9788170948377
9788171567393
9788171640706
9788171690411
9788172054151
9788174532909
9788174533951
9788174534088
9788175413764
9788176463362
9788178312156
9788178442686
9788178541686
9788178541709
9788178542881
9788179916599
9788180697531
9788180901478
9788180901799
9788183284998
9788183601092
9788183640725
9788183821551
9788184353150
9788185891408
9788185891910
9788186208458
9788187392224
9788187392293
9788188775309
9788188808120
9788188965625
9788189833206
9788189996079
9788191038224
9788192512327
9788192512662
9788192544519
9788193425367
9788193631300
9788194877219
9789327264463
9789350026571
9789350180617
9789351483168
9789351484530
9789351484615
9789351485698
9789356962279
9789380283531
9789381043127
9789381523438
9789381523537
9789383252541
9789383252718
9789383260171
9789383723270
9789383725168
9789383725984
9789384385033
9789385144080
9789385593185
9789385985591
9789386088857
9789390095315
9789392963025
9788184553987
9788124606148
9788131901588
9788123925073
9788123929545
9789391034030
9788125914495
9788126318681
9788170556930
9788186103053
9788186995884
9788193397428
9789326354196
9789350002865
9789350005002
9789350007334
9789350481165
9789350721537
9789350721681
9789351252603
9789351480662
9789351480808
9789351482468
9789351483625
9789352290703
9789352293575
9789380081236
9789381467053
9789381467152
9789384168094
9789384168650
9789384406189
9789387297395
9789387297821
9789387919273
9789390179022
9789390366743
9789390678709
9789390923762
9789391446178
9788183211291
9788171396719
9788131247686
9788131247723
9788171568932
9788180697708
9788186099926
9788187966906
9788178353821
9788121940290
9788173052101
9789356962217
9789380829807
9788193610466
9789350501757
9789382396215
9788121109512
9788186117255
9788191038262
9788192227542
9789351506003
9789381484920
9789387919044
9789390620524
9789390659395
9788195390861
9788171382415
9788171798063
9788174732866
9788176467308
9788183619721
9788120330726
9788121212335
9788131249796
9789350001349
9789350728345
9789388434959
9789390678242
9788120835528
9788181435996
9789380677026
9788171381913
9788173818905
9788174181398
9788180903465
9788188683505
9788193547168
9789326355889
9789387324718
9788120350120
9788120827332
9788120841888
9788125047254
9788496627277
9788123915319
9789352804559
9788196026998
9789353574062
9789358568356
9789384716516
9788123913759
9789383234868
9789382543930
9788170556817
9788178280646
9788181435507
9788181436474
9788181820624
9788193423837
9789350005446
9789350007303
9789350007815
9789350009147
9789350729397
9789352293797
9789352295401
9789352295692
9789381951293
9789382998648
9789386835413
9789387648463
9789387648500
9789388434911
9788188775675
9789380550343
9789391759315
9788126312818
9788126910465
9788126910823
9788126916900
9788171641857
9788173049590
9788174534521
9788174790002
9788178541297
9788178541617
9788178542768
9788184302820
9788192453774
9788195267415
9789350483619
9789350485361
9789351866237
9789380261416
9789383234585
9789383252596
9789383725441
9789384385002
9789384385132
9789385593635
9789387297357
9789387297401
9789387297463
9789388107013
9789389563344
9789390179251
9788124605936
9788173200946
9788188757527
9788179755549
9789352313143
9789381484357
9788123900186
9788187138631
9789381951262
9789348418357
9789380700663
9789367137550
9788122435351
9788126913992
9788177146035
9788188459018
9789380707006
9789390588824
9789381162606
9788131102503
9788120339439
9789326351819
9788120842816
9788121107792
9788121407069
9789351626398
9789380292861
9785484010431
9788122408324
9788122408478
9788126900220
9788126900497
9788126907410
9788126913404
9788126917242
9788126921652
9788170553717
9788171564453
9788171567409
9788171856800
9788184541144
9788189738990
9788194756002
9789350183588
9789352290321
9789352295838
9789352807833
9789382618805
9789383963348
9789388766210
9788185984650
9789386021588
9788185680293
9789937056199
9789383166015
9789380847023
9789384168636
9788189959456
9789352210978
9788194233763
9789382396307
9789385445699
9780996675437
9788496585317
9789350482520
9789353225834
9789387980983
9789390588169
9789390588879
9789390891887
9788193366974
9789390179077
9788126901913
9788186791035
9788171106448
9788189899608
9788170354079
9788171696789
9788171697113
9789390891306
9789211013931
9789385000164
9788121109444
9788131243763
9788171566556
9788171695188
9789395073363
9780545668866
9788183703642
9781543965216
9789380702025
9788174534217
9788179101803
9789381031308
9788185396248
9788126904822
9786050827637
9788176580885
9788185708713
9788179921784
9789558156186
9788460676591
9780359159109
9781484244197
9788428103008
9788486083632
9789552403200
9789042905801
9780879070069
9780935008791
9788496987425
9781771611862
9788183153072
9788409274086
9789694710129
9788123019529
9788474778878
9789387357297
9781569300053

