9781975215514
9783083381266
9788190795203
9780198425427
9789356511835
9788885923553
9780761818380
9789390611003
9798218671594
9782090398243
9789389996227
9789389235036
9789389996364
9789391063641
9789390212859
9789390309221
9789390309702
9788498460308
9789389235777
9788496867994
9781740311045
9780262012140
9781591797746
9789350257944
9780521401616
9780881670370
9783527502189
9788194726968
9780631152293
9781855217416
9781850703990
9782711613083
9782711615360
9789384337735
9789390611478
9781398824515
9789380428574
9781408111345
9789390309191
9781841022215
9789390611812
9789356513440
9789390309290
9789390611010
9789391063306
9789392851537
9789392851940
9789392851957
9798235888838
9788194726920
9789356511712
9789389996296
9789389996760
9789389996791
9789390611171
9789391063085
9789391063375
9789391063573
9789392851049
9780850335996
9781039646049
9780791835661
9789251094389
9781240116461
9780865775053
9782909961095
9782251390314
9789356511798
9789356515437
9789356517967
9789389996098
9789389996326
9789389996340
9789389996579
9789390611386
9789390611638
9789390611706
9789391063443
9789392851117
9789392851131
9789392851230
9789392851926
9782852971912
9781981632572
9781346682938
9783700171447
9789356517950
9789356518049
9789356516953
9789380428796
9783125013995
9782877230230
9788182741256
9789390611423
9789389996135
9789356511279
9789356511286
9789356514706
9789356516991
9789356517158
9789356517974
9789389235104
9789389996562
9789390611317
9789390611874
9789391063252
9789391063788
9789392851575
9789392851759
9789392851841
9789881619464
9781493531844
9789356511620
9780803237896
9789356511347
9789356511996
9789356512016
9789356513174
9789356514775
9789356515444
9789356516380
9789389996289
9789390309238
9789390611164
9789390611539
9789390611652
9789391063245
9789391063320
9789391063344
9789391063511
9789391063665
9789391063672
9789391063689
9789392851124
9782251385709
9780867156539
9781494430603
9780472108299
9781855217393
9789350904213
9789356511774
9789356512580
9789356515673
9789356518360
9789391063214
9789391063887
9789392851032
9782251447032
9788194726999
9789356510036
9789356510135
9789356511507
9789356511644
9789356511767
9789356511842
9789356514140
9789356517905
9789356518391
9789389235111
9789389996630
9789390309184
9789391063238
9789391063399
9789391063405
9789391063627
9789391063757
9789392851834
9788024646657
9789356511149
9789356511262
9789356511941
9789356511989
9789356512085
9789356512191
9789356514089
9789356515079
9789356516076
9789356516922
9789356516946
9789356517295
9789356518841
9789389996043
9789389996548
9789390309085
9789390611997
9789391063009
9789391063382
9789391063603
9789391063658
9789392851025
9789392851063
9789392851452
9789392851476
9781287356080
9781962569453
9789082012316
9781240047116
9781240080939
9781240094295
9781240097616
9781240101924
9781240150489
9781241006723
9781241050399
9781241102180
9781241117665
9788417956288
9789356510791
9789356511446
9789356511651
9789356512382
9789356512429
9789356514379
9789356514478
9789356514577
9789356515628
9789356517691
9789356518094
9789356519077
9789356519152
9789390309504
9789390309528
9789390611157
9789390611256
9789390611324
9789390611805
9789391063108
9789391063115
9789391063221
9789391063542
9789391063726
9789391063955
9789391063986
9789392851070
9789392851360
9788408185550
9781240017874
9789391063467
9789392851353
9789392851780
9781575861982
9789356510104
9781427161697
9782711614707
9781240145638
9781240100538
9781873429877
9781240016938
9781241110734
9789356510074
9789356511668
9789356512115
9789356512153
9789356515406
9789356515871
9789356517035
9789356517677
9789356517998
9789356518605
9789356519183
9789356519893
9789390611614
9789390611775
9789391063634
9789392851643
9789392851698
9789392851728
9789392851766
9789392851872
9789392851902
9789392851919
9781240002962
9789356512023
9781240012022
9781240068531
9781240077601
9781240102051
9781240114436
9781240128815
9781240152575
9781240152735
9781241100520
9781241106140
9781241109394
9781241109721
9781241110338
9781241118020
9781241118242
9781241125837
9781275074637
9789389660975
9782952596268
9788184487657
9789462361010
9788194726982
9781240122523
9781240132966
9781241050221
9788194726906
9789356511491
9789356511729
9789356511811
9789356515505
9789356517172
9789356519817
9789389996210
9789389996807
9789390212828
9789390611232
9789391063702
9789392851414
9789392851490
9789392851568
9781240002078
9782952596251
9782711628773
9789356514027
9789356516298
9789356517899
9789356518421
9789356519206
9789391063122
9789391063764
9781240122653
9780471741244
9782711624997
9789356517523
9789390611966
9781240016945
9781240053261
9781240053285
9781240068609
9781240071418
9781240078561
9781240082308
9781240085910
9781240095216
9781240106844
9781240111954
9781240129188
9781240130511
9781240152056
9781241095611
9781241108014
9781241118228
9781241119935
9781240011933
9781240030576
9781240073191
9781240084524
9781240085811
9781240105762
9781240125142
9781275070158
9781241006716
9781241050382
9781241117634
9781240072033
9789356510081
9789356510807
9789356511361
9789356511521
9789356511781
9789356511934
9789356512634
9789356512931
9789356513822
9789356518773
9789356519220
9789390611058
9789391063498
9789391063535
9789391063849
9789391063870
9789391063924
9789392851100
9789392851483
9789392851520
9789392851889
9781240012084
9781241098926
9781241110611
9781240079674
9780987210302
9781601460950
9781607507024
9789356510142
9789356512290
9789356514102
9789356514690
9789356515581
9789356516663
9789356517622
9789356518803
9789389996333
9789392851223
9789392851292
9789392851544
9789392851964
9781240022809
9781240023363
9781240027927
9781240028146
9781240076901
9781240107469
9781240149094
9781240150434
9781240152445
9781240179985
9781241043018
9781241080761
9781241083595
9781241086718
9781241095710
9781289344399
9781289344290
9780271077543
9798296142733
9781845230470
9781103454495
9781240023387
9789356510272
9789356511590
9789356515543
9789356516403
9789356516625
9782252041772
9789653087224
9798871151181
9781240019557
9798867682293
9781275655331
9781240000845
9781240041992
9781240078035
9781240079520
9781240112036
9781241040277
9781241040949
9781241091194
9781287359609
9781240012053
9781240015924
9781240077670
9781240091621
9781240102013
9781240110636
9781240112166
9781240126798
9781240127245
9781240128976
9781240152568
9781240194674
9781241105334
9781275099449
9781240152490
9781241116439
9798355201999
9781240096176
9781240121946
9781911510352
9789356510098
9789356510173
9789356512139
9789356514546
9789356514553
9789356515109
9789356517585
9789391063337
9789391063412
9789392851896
9780793547586
9781287349419
9789356516281
9789400001619
9781240132539
9781241116422
9781240019090
9781240042968
9781240072200
9781240151004
9781240187782
9781241090227
9781530546398
9781240017027
9781241117672
9781240000470
9781241105990
9781502600233
9781240027842
9780024213907
9789356510784
9789356514614
9789356515680
9798260508367
9786071611994
9789356513082
9781117120119
9788842212362
9781240009657
9781240016990
9781240020942
9781240023769
9781240026746
9781240042081
9781240043330
9781240045006
9781240050796
9781240053636
9781240067619
9781240067923
9781240091447
9781240091775
9781240110063
9781240125197
9781240142651
9781240182756
9781241043254
9781241054618
9781241105471
9781287340003
9781287352730
9781289338299
9782711610488
9781240072781
9798256088972
9789356514065
9789356516045
9781534107632
9789810227210
9781862031104
9782864690818
9781240106301
9781859849019
9789356511637
9789356512894
9789356516984
9789356517394
9789390309580
9789390309597
9789390611409
9789391063061
9789241548458
9781644912287
9798258247681
9781240027255
9781240027446
9781240035397
9781240067657
9781241079543
9781885872951
9798269633244
9781289357160
9781240136001
9781241088811
9781240073504
9781240112128
9781240145874
9781240149025
9781240179435
9781240181438
9781240181575
9781241039554
9781241080723
9781240135417
9781240098118
9789356514607
9789356515123
9781240061921
9781241091040
9789356517356
9781240114610
9781241102746
9780521571487
9781240068005
9781240013395
9781240058648
9781240135264
9781249973508
9789356516120
9789390309474
9781946421012
9782764440902
9782711628247
9781240013074
9781240011926
9781240127993
9781240180486
9781241090807
9782840485759
9781240042135
9781240114573
9781021799753
9783954982165
9781534159327
9798872927730
9781240027798
9781493808656
9781249986324
9783700136422
9781240022755
9781240146727
9781241080709
9781241095307
9781241124397
9781240067688
9781502376527
9789356515550
9783991370611
9781240049370
9781240062065
9781240076482
9781240076574
9781240127498
9781241039370
9781241080495
9781287348016
9781532195419
9781288009039
9781240092475
9798323821105
9781240101306
9781241049706
9798324479183
9789036824170
9781260083552
9782711629282
9781240177417
9781240052981
9781289341985
9781240107988
9781289353117
9780443103346
9781240044351
9781240097784
9789356516427
9789241502252
9798288684203
9798873575527
9798880164011
9781240029136
9781241090470
9788412136685
9781240079124
9781240079476
9781240131921
9781240154210
9781241106515
9781241107697
9781240058402
9781241007799
9781287362838
9781240057542
9781241080341
9781289356682
9780780807099
9781289352370
9798235996953
9781240021697
9781530306862
9798326933386
9781500889937
9781500890032
9798862002324
9781240003143
9781240018437
9781240073559
9781240079568
9781240152650
9781241045289
9781771861519
9781073806072
9780756555849
9781728754093
9781098202293
9789382471868
9781098267704
9781482423600
9798268760293
9781287340256
9781098260712
9781240000791
9781240028825
9781241102036
9781289355203
9781240049318
9781240067060
9781241042875
9781098204259
9781240149988
9798902222378
9781240043002
9781240058389
9781240090389
9781240121465
9781241037611
9781241045197
9781287352532
9781098204280
9781943050260
9781721610396
9781923355989
9781634721417
9789356514911
9789356516557
9789389996838
9781534159587
9781534147638
9781534187351
9781240101917
9781240043682
9781240048434
9781240082285
9781241045128
9781241088743
9781287346357
9789462360693
9781472954596
9781240022380
9781240053698
9781241080532
9781241007843
9781241040239
9781241083533
9781289347758
9788418703164
9781806344253
9781274887276
9781249996835
9781241041793
9781240066001
9781241041489
9783126759311
9781098263430
9781098263454
9781098263478
9781240121984
9781240131006
9781275560826
9781289351878
9798291094389
9780444510839
9781550092295
9781240044313
9781240048359
9781240093076
9781240107698
9781240111978
9781240133789
9781241038250
9781241042028
9781275531451
9781532169113
9780072861471
9781240182312
9781240000821
9781240143047
9781240148677
9781241079260
9781240103362
9798325329753
9781240027897
9781241104566
9781859833186
9798287211981
9781641564809
9781634728539
9798268703665
9798269244570
9798851929533
9781103420599
9781240079247
9781240101269
9781240127085
9780764306839
9781145768703
9781241316327
9781241365677
9781241560522
9781289347871
9781241110437
9781240151554
9781241083694
9789994682065
9798608547713
9781287356448
9781850758310
9788412081282
9781098260699
9781240049080
9781240110315
9781240130238
9781240135776
9781241007829
9781241037659
9781241050276
9781240101283
9781240128150
9781289355043
9798293582402
9798266241459
9781098241124
9789356513112
9781494366384
9781727724622
9781240083985
9780631188629
9781500851859
9798326603807
9781108861519
9782487116207
9781778530890
9781240081066
9781240090976
9781240135189
9781241007157
9781240124565
9781275485631
9781240067671
9781240106912
9781240180899
9781241089658
9781240023660
9781240027101
9781240054237
9781240073665
9781240090600
9781240118434
9781240121724
9781240125975
9781241040444
9781240176083
9781241079635
9781240157976
9781240027279
9781240067596
9781240095025
9781240151813
9781289352813
9781289354534
9798289929525
9781240090426
9781241084769
9781240092918
9781240125821
9781240126484
9781240132386
9781241097219
9781241107123
9781289353131
9781240067770
9781240080847
9781240126170
9781241106508
9781240089680
9781959403609
9781964804200
9798268387407
9781240027224
9781240023233
9798323095988
9798323616152
9798325067990
9798325557217
9798866638154
9781532169144
9780413472304
9788479537517
9788484457176
9781240104987
9781240110223
9798598626771
9798297269217
9781909229242
9780716748229
9781736504277
9781240021949
9781240077458
9781240095902
9781289349288
9788190081009
9781240090679
9781241080426
9781241156626
9781241381202
9781241443962
9781241501624
9781609406219
9781240125234
9781287356431
9781240026838
9781240107162
9781240131754
9781240145416
9798327700024
9781857422856
9798991799768
9781240091973
9781240158102
9781241081201
9781287344766
9781847772121
9781241062743
9780554938974
9781240021680
9781289348571
9781850757139
9781110626175
9781784184155
9780316577908
9798245661155
9782711623013
9798292129264
9781287356479
9781287361404
9781240091959
9781240152155
9781240134960
9781289346744
9781240061730
9781240077793
9781241089252
9781289355241
9781908809322
9781287354765
9781240145089
9788493593087
9780778781288
9781543182156
9780554964867
9781249977179
9781275065840
9781275094079
9781275665262
9781287349709
9781398313316
9781771861748
9788854415317
9781736362051
9798326951373
9781776561919
9780412375309
9788411943475
9789356518735
9780367268633
9798864037287
9781913440619
9781913440633
9781240115501
9780559269332
9781275546929
9781240028139
9781240153558
9781241039011
9781241088415
9798267377591
9781240145621
9781240015979
9781240151905
9782711627776
9781240107209
9789993327356
9781241768621
9780756575113
9780756572006
9788415116165
9798296194480
9781240047673
9781277086904
9781287350224
9781542311694
9798662689152
9781275116948
9781572482494
9781240126651
9781771087971
9781240058495
9781289343071
9781240017348
9781240047154
9781240110131
9789390309481
9798874267117
9781240000494
9781241465483
9781946626141
9798277092415
9781240082384
9786078756773
9781845468057
9781287340126
9781287343028
9781289348847
9781240126415
9781240133000
9781289355296
9781633623729
9781240123094
9781794101357
9781845230791
9781287344452
9781240058341
9781241090777
9798293911622
9781805729204
9781805729211
9781805729273
9781805729280
9781805729303
9781805729402
9783692291208
9783692291215
9783692291239
9783692291284
9783692291291
9783692291314
9783692291376
9783692291383
9780306837739
9780781716512
9780756574345
9783700166252
9798276906607
9798873881017
9798328045414
9781240027293
9781241101558
9781240145096
9781241038403
9781241091842
9781240044375
9781240054947
9781240091089
9781241039714
9781241041526
9781240077069
9781275750654
9781275761278
9781287345305
9781240110452
9781240110568
9798298338387
9781500650353
9781240104826
9798250568517
9780810159006
9798257270444
9789937248921
9781946830074
9789356518667
9798865808770
9781959666486
9781240079346
9786077130796
9798501656345
9780131171091
9798263221690
9781789015911
9781240003044
9781240123902
9781240193585
9781275552319
9781241319045
9782711660124
9781240150984
9781240010066
9781275117327
9781275489462
9781275558496
9781275694699
9781275810037
9780778754367
9798309194780
9781289351847
9781240052219
9781240152308
9789915402307
9782711660070
9781240071593
9781240089420
9781240068135
9781240092734
9781240134991
9781241080433
9781241086978
9781289354909
9798285308751
9781240000746
9798246843376
9798324579012
9798872419860
9798326929402
9781241256982
9781241644697
9781275091337
9781275490079
9781275506435
9798292116585
9798872100669
9780285638976
9798999070807
9786078237753
9798325791536
9798315346470
9780708320488
9789082089509
9780522851465
9781240045471
9781289341572
9781289351151
9781240075386
9798878024723
9780750616409
9789382171003
9798267059206
9798291839331
9781881139287
9781786377418
9781733180030
9780815140146
9798268050578
9780803989276
9786078237746
9781240000203
9781480344365
9798294103088
9781287362944
9781289354145
9781240116652
9798233401671
9781289338305
9798290163895
9781846342141
9780793547494
9781835666388
9781835666395
9781835667361
9798235985087
9798235098305
9780671008543
9798269297057
9798281982009
9781287329893
9781287355144
9781405074131
9786073189446
9789251068618
9798231928019
9781550651423
9781938122088
9798286137718
9798993155319
9781914124761
9781976503986
9798300521103
9798262160334
9781287350705
9781287356493
9781405076975
9789937024679
9789937622875
9781904587651
9781931824422
9798272029836
9798201200633
9798316879694
9781839273575
9798265564924
9781668900802
9781668900956
9798265060389
9798870042466
9781240070091
9781289355630
9781545041239
9781287354789
9781289343712
9781289354305
9780241336151
9781289352837
9798277252260
9798281044998
9798855072396
9780708320501
9781288052400
9781289343316
9781800783751
9798735265177
9781487810825
9780195627640
9781872474045
9798736866984
9780738527659
9781289354671
9780807613870
9781782269458
9781241059309
9798235022850
9780752864938
9781240116003
9781289341503
9780711243538
9798232486761
9781550963052
9789994475940
9798263780296
9798291153970
9789653086159
9781848578722
9798233909818
9781478321347
9781240030408
9798721262272
9781500162887
9781632880079
9788433977052
9789386806734
9781904468097
9781497588646
9788188790340
9781249779124
9782711622191
9782711625406
9782711625482
9782711626380
9782711627707
9782711627936
9798715271389
9798991992206
9781240124183
9781602197824
9780986235580
9788854415416
9789862724064
9780241731413
9781473234628
9781983813108
9788192794501
9780810126282
9781240010110
9781240075676
9781773371092
9781034647300
9780856131479
9781537582528
9798264641848
9780143104377
9780241626450
9781039009899
9781039010352
9781464755446
9781596365193
9781628624779
9786070726392
9789990906134
9781983646492
9782251799957
9798262491490
9782889280803
9780810126350
9781289355135
9781016449472
9781616559885
9780816523900
9780749456825
9781845972837
9789681204594
9780007341740
9781539976066
9780938216469
9798257221682
9798879395839
9798264252297
9798654003959
9781087643700
9781523519811
9798460300037
9781035018154
9781930775688
9781539612261
9798904790387
9798233293412
9798233996023
9780810119109
9780823449392
9788497776905
9798993297736
9798255074396
9780634000362
9780634065484
9780735248458
9780793522286
9780793530182
9780793542925
9780793545322
9780793552870
9780793591268
9780793595150
9780823440122
9780861541010
9780936661322
9781411470743
9781583222768
9781583222775
9788178841403
9781902638256
9781545805480
9781088170618
9786078237821
9781540528896
9781101919613
9798269917740
9789997755094
9780192787118
9781793869319
9798657058420
9781728298061
9781839274077
9781856289146
9781946206558
9780816527250
9781550050929
9786077350798
9780739006719
9781933896311
9781770503366
9780000136671
9780000136787
9781723399428
9780074701966
9781537130712
9781743316795
9780593224915
9780713679779
9781445157368
9781565842410
9789862112151
9780823453313
9798576913879
9780193852976
9780198415848
9780593225868
9780634001789
9780634012297
9780634048913
9780634094828
9780793524471
9780793534760
9780793537044
9780793549399
9780793550227
9780793573646
9780793574667
9780793591527
9780793595204
9780825625459
9780825633478
9780851627830
9780860018803
9780870208959
9780877181057
9780877181576
9780877181583
9780877181606
9780877181637
9780881130096
9780890031476
9780910137515
9780936661117
9780936661209
9780936661292
9780936661339
9780936661575
9780984303670
9781039649736
9781455618736
9781495021817
9781546862703
9781583557099
9781588025401
9781625219770
9781727689396
9781743310113
9788173815935
9781405315838
9780825619588
9781845887490
9781850343714
9781864718461
9781911187066
9781952954504
9781974396467
9781981680290
9781985860728
9798876721617
9798878505734
9798879744613
9798253498682
9781984831347
9781785374661
9780873486705
9781419552953
9781894946346
9789706279606
9781602796119
9780572023034
9798263535902
9798265746030
9798297117044
9780575097360
9781592962853
9781534100381
9781534161917
9798316846160
9780143183457
9781490580272
9782711610495
9781721756001
9781526618146
9780521367585
9788417492410
9798303073876
9786074525670
9781906622145
9780714844916
9798869930392
9781907332265
9783954983520
9798180750075
9798180864321
9798481939551
9798886544527
9780193407510
9780193417755
9780193518995
9780193805293
9780634023446
9780634084478
9780634094576
9780634094590
9780634094675
9780634094705
9780634094767
9780718080587
9780743927437
9780743927888
9780743927949
9780743927987
9780756574970
9780761456445
9780793517848
9780793518012
9780793525010
9780793526178
9780793526475
9780793538652
9780793545100
9780793545650
9780793547128
9780793549467
9780793552856
9780793553891
9780793555093
9780793555758
9780793574483
9780793580378
9780793592777
9780793595136
9780823441532
9780823451975
9780825633737
9780825636493
9780857100214
9780881880885
9780890039212
9780890039229
9780890039267
9780890039281
9780890039380
9780910155526
9780913785423
9780936661513
9780936661766
9781039649385
9781039649392
9781423418344
9781423457862
9781477616901
9781481451598
9781482833041
9781496544018
9781496604170
9781496604859
9781507865330
9781533549877
9781536208825
9781547605958
9781550965230
9781565543980
9781569761137
9781574213065
9781574213157
9781581064063
9781590789179
9781639810055
9781639810451
9781644664179
9781666316179
9781666326192
9781669015468
9788198874092
9798262007189
9798348561390
9798385668151
9798512655672
9798682805204
9780415810029
9781540081537
9781839947025
9798182060547
9798297032354
9798884379503
9781870325660
9781906861988
9781785080173
9781847727855
9781908748249
9781913565008
9781913565022
9781913565060
9781913565084
9781913565107
9781938700989
9781944833091
9781949061093
9781976335068
9781976335464
9781976456091
9781977765703
9781978260962
9781978310896
9781978311626
9781978312012
9781978313996
9781978318311
9781978349988
9781978350427
9781978353138
9781978487345
9781979596572
9781981534708
9781985823082
9798877653061
9780875527338
9781770922433
9798235068469
9781101972625
9789863201441
9798266908031
9798702826622
9789866000768
9798839675445
9789861244235
9780299326241
9781786168030
9781790447404
9789391465933
9780785121732
9780486270708
9780634028434
9798990780125
9798875998485
9798254260226
9798362073602
9780897335973
9781087601786
9798876542861
9780825635236
9798389229075
9798254543701
9798870743332
9798877783072
9781786167781
9798282576559
9798570311893
9798627789095
9780193504363
9780193517882
9780193559066
9780340904657
9780572017811
9780634001109
9780634007040
9780634027529
9780634037481
9780634046162
9780634088391
9780634088506
9780634094491
9780711942561
9780743900058
9780743905404
9780743905411
9780786685714
9780793509522
9780793513987
9780793515714
9780793526154
9780793540471
9780793543014
9780793545421
9780793554416
9780793556328
9780793558537
9780793560837
9780793572076
9780793585441
9780793586813
9780793591329
9780793598540
9780825616105
9780825627279
9780853605669
9780884485520
9780884488835
9780890039106
9780890039120
9780890039205
9780892551897
9780930448028
9780936661452
9780936661797
9780982746639
9781039610774
9781087690346
9781087690360
9781423457756
9781423483601
9781434240347
9781458401519
9781476540023
9781476816265
9781480740280
9781496535474
9781512265866
9781520419244
9781533642714
9781540027924
9781546842743
9781546842842
9781546882572
9781546956822
9781546956952
9781548347871
9781548348052
9781564782960
9781564787040
9781574212853
9781583556139
9781639385065
9781644665541
9781644731932
9781669034681
9781725934696
9781727234695
9788483435724
9798215452943
9798215825648
9798218069964
9798223604860
9798263527921
9798293134298
9798294208127
9798330342259
9798367377279
9798394920059
9798452314714
9798675909193
9798758316627
9798882163630
9798705168576
9781959891277
9781642901139
9789347273506
9786078756568
9798870439570
9780723419655
9798846586826
9780750672733
9781785080180
9781795250597
9781840597929
9781840598094
9781840598124
9781840598254
9781840598285
9781840598421
9781847726056
9781897648650
9781913602260
9781921894299
9781922418104
9781934596425
9781940660455
9781946104083
9781950902309
9781975815981
9781978184923
9781978314962
9781980483410
9781982086039
9783791375670
9798876263773
9798877999893
9798897660049
9798251463897
9788835448815
9798235963825
9780778769149
9780793547159
9781478017295
9798235071414
9798235379855
9798235443242
9798235534551
9798235591721
9798235683068
9798235987883
9781621139539
9798258827005
9798525749207
9798525764668
9781541145979
9780898129236
9798869729989
9798554005268
9789354973079
9781508754275
9798266081826
9798596955514
9798597228990
9798894282152
9781857152791
9781791037604
9798876709592
9798990066021
9798450270814
9781940197029
9798878722131
9781565297159
9789807091213
9798876294760
9798879782554
9780743912648
9780743912723
9780743913508
9780743913546
9798262481767
9798671532906
9798859465880
9798325837548
9798869526656
9781087691022
9781087691039
9781764192903
9780743912761
9780743912846
9780743912884
9780743913447
9781493886487
9798377387138
9798589440393
9798871946145
9798991936309
9781915449818
9798292925583
9780310892595
9780634003639
9780634011894
9780634015069
9780634018541
9780634018589
9780634018930
9780634021893
9780634023972
9780634023996
9780634026089
9780634039942
9780634040207
9780634046964
9780634048555
9780634052828
9780634059537
9780634061905
9780634067266
9780634067273
9780634067280
9780634067839
9780634069680
9780634082429
9780634087202
9780634087615
9780634087639
9780634087653
9780634094835
9780634094842
9780634095399
9780711992023
9780734398673
9780743925372
9780743925389
9780743925471
9780743925488
9780743925884
9780743925907
9780743925914
9780778758242
9780793512553
9780793514120
9780793518104
9780793520220
9780793530601
9780793532568
9780793537594
9780793545209
9780793548453
9780793553846
9780793556335
9780793559268
9780793565276
9780793587759
9780793591572
9780793598533
9780804012058
9780811221962
9780825634420
9780825634765
9780825635380
9780825653506
9780890039786
9780912517292
9780931759895
9780932040008
9780932440525
9780954233082
9780976014249
9780979965364
9780984824441
9780998740010
9780998740058
9781423436133
9781423462224
9781423481171
9781433327407
9781480328334
9781480328402
9781480345232
9781480394575
9781493816491
9781495085925
9781495096440
9781500332570
9781554550272
9781587311338
9781620051993
9781632173379
9781639510665
9781705111079
9781738083107
9781742975368
9781760505646
9781760526160
9781760791469
9781760792152
9781760792466
9781760892012
9781760897666
9781761042294
9781761069055
9786077603580
9788483435939
9788773075494
9798232057305
9798235978263
9798267207744
9798292964278
9798538383337
9798572124910
9798638013783
9798672387406
9798825545974
9798989332038
9780273607366
9798181860988
9781783220151
9781914595615
9781914595622
9781914595639
9781975931896
9781988705019
9783473462728
9783551741509
9783732644506
9798873744459
9798876004949
9798887009933
9798879816907
9798990574922
9780864735751
9798870899336
9781935654643
9788447205943
9798235463332
9780743926478
9781087691053
9782266082853
9780793552405
9798992321678
9789688604663
9781891195037
9783968180106
9798990513815
9798312994216
9780755201938
9780756502461
9798865765165
9798866409983
9798391673446
9798292252900
9780525436645
9781842121979
9798722354235
9798869635457
9798869636256
9798879705355
9798987836903
9780836873030
9798253377147
9780620790116
9781583224885
9780739081112
9781616778101
9781616778149
9780718820954
9798289279538
9781499815085
9781635253399
9780634018213
9780634024108
9780634087226
9780711967250
9780764356001
9780793519934
9780793528677
9780793537235
9780793542901
9780793550500
9780793552054
9780793560820
9780793596690
9780807614310
9780825650932
9780825652066
9780829763126
9780853603580
9780853603856
9780853604938
9780877180227
9780936661810
9780955156694
9780979420856
9780998740041
9781074277987
9781452840963
9781458401434
9781474773102
9781480338197
9781494405557
9781508658320
9781534688452
9781546976028
9781581062939
9781603784023
9781606064924
9781606064948
9781632365439
9781632368171
9781639510856
9781707130962
9781732089846
9781760503390
9783954985234
9789043103497
9789043103589
9789811829758
9798266899995
9798280102460
9798280106420
9798280452619
9798280455733
9798280675537
9798280680708
9798281046954
9798281053624
9798281441872
9798281446051
9798281449120
9798281773218
9798285438601
9798287348137
9798288642142
9798305790276
9798319340986
9798319342904
9798327846869
9798340126603
9798345365748
9798345559994
9798357942890
9798577463816
9798653285424
9798862616118
9798868220647
9798879354904
9782906340398
9789358075175
9781616778507
9780713135190
9780634078262
9780634078286
9780634078309
9780634084232
9781423413899
9781423457442
9781423457466
9781423457473
9781495030048
9781495030505
9781495037382
9781495038655
9781495039652
9781495051029
9781495051593
9781495052187
9781495085826
9781495087578
9781495087622
9781495087745
9781495087844
9781540016010
9781540016034
9781540016119
9781540016201
9781540016263
9781540016423
9781540016485
9781540021489
9781540022264
9781603782807
9781616778385
9780634064678
9781423400141
9781423417323
9781423446293
9781423463221
9781495025082
9781495025099
9781495025501
9781495051210
9781495078217
9788179935163
9789380619217
9781902382098
9781902382555
9781906613181
9781906613204
9781906613259
9781906613341
9781906613365
9781906613655
9781906613808
9781906613990
9781910367056
9781910367063
9781910367070
9789814133920
9780431114972
9780721708331
9780330500081
9780857630414
9780039101565
9780689859274
9780852231425
9788131917244
9789380297057
9780516278179
9780174480815
9788172234133
9780448445618
9780764134531
9781843622246
9781840139037
9780816731886
9781856972666
9780140020618
9780070077188
9780143027669
9780434012206
9780764800542
9788131917251
9788131917268
9788131917275
9780340769089
9780140257106
9780224061469
9780245545627
9780722500071
9780745301945
9780816749300
9780851123042
9780756605667
9789380143514
9781846342967
9781853815843
9788178990415
9781474990974
9781474990981
9781644722961
9781801313469
9788131932278
9781842998205
9781904292968
9781905940141
9780198094425
9780572026752
9781405496865
9781782099833
9781850158042
9781408339824
9780486791166
9780789902597
9780763626228
9781597642026
9780866111300
9781861052513
9781801313476
9780448458106
9780283983818
9781905051588
9780860372929
9781861976598
9781847387981
9781402207181
9780711222403
9788170948711
9788189059422
9780195695182
9780440235842
9780740772481
9781843156277
9781597641111
9780761338932
9780756632090
9780552563406
9781416516798
9781588103192
9780241540800
9780416819502
9780711292888
9781801109239
9780340951729
9780330345392
9780689870828
9788119028436
9780003152623
9780824953768
9780746037287
9781402702860
9789500826211
9780850594836
9781509845385
9781780899558
9780736427241
9788126700608
9780486402413
9780750253932
9781474948036
9781906081195
9780755331536
9788175960282
9780545981156
9788126726912
9788126729371
9789389577495
9789389742916
9789390971800
9789393603180
9780356106090
9780241681060
9780753448441
9781526666574
9788172237325
9780750946391
9788122449532
9780755316434
9781407110103
9780965509190
9780521752398
9780841671454
9781572328068
9780582748118
9780786819119
9780330484152
9780375875359
9780195612264
9781526322760
9780285635562
9780702334467
9780140380248
9781407545967
9783735751201
9781781282489
9780486828435
9780431053837
9781035042302
9781526319104
9781416939023
9780070942967
9781408700952
9780333733370
9780722539989
9781405266765
9781416548454
9781855346710
9781855346819
9788170172246
9788174785565
9780333925874
9781407568010
9788131906842
9788131937044
9788131942482
9788180319396
9788183611145
9788189999643
9780007232734
9781853404252
9788180315718
9781860070839
9788131904688
9788192222622
9789380480787
9780333904046
9781847500557
9788131918432
9788131935583
9788131935590
9788131936504
9788131940839
9788131940860
9788131940891
9788170601005
9788178692753
9788179914762
9788179916087
9789833664856
9780241279632
9780723280712
9781409310761
9788131906613
9788179913338
9781472942029
9788172344818
9788184000948
9789388753999
9781405201933
9789388933735
9780237528461
9781407502403
9781860071225
9781907184963
9788178987552