9789352501755
9789077644102
9788184485141
9789351522065
9789356960947
9789383305735
9789385999994
9788123910178
9789356965362
9788184870640
9788184486926
9789351524151
9789382661115
9788184120813
9789351521426
9788180385780
9789386478320
9789350258897
9788184489057
9788187197171
9788180613630
9788176492386
9780470033333
9789389565935
9789351529682
9789351525264
9788173198151
9789327262650
9789352705696
9788172334222
9789350909720
9788183712026
9780470023907
9789352708451
9788932471631
9780190636937
9788122425918
9789351527398
9788184488098
9789351524540
9788184886450
9789350843413
9788122426687
9789351521587
9789354653537
9788123917344
9788184488401
9789351524007
9789350252062
9789389587890
9788131220719
9789380250670
9788183600163
9788130912240
9789356961036
9780127347608
9789086862238
9788170355946
9789352706846
9789325298767
9788121901321
9788122418644
9788894155907
9789462656338
9789350903506
9788181289353
9788188826254
9788175541092
9789349562301
9789351523321
9789380578965
9788184487275
9788180613708
9789354658679
9789356960756
9789352705504
9789380199559
9789352705283
9788172335564
9788122436709
9788192107509
9789366167473
9788181287724
9788123916460
9788123913445
9789389587364
9789388548533
9789380350257
9788183712323
9789400765481
9789380350318
9788126120024
9788173191367
9788181710475
9788130901794
9788130912318
9788180611995
9780143335733
9789350356890
9789352700721
9789876120364
9789390211494
9789352702374
9789390175123
9789354658686
9780978891428
9789352023554
9788183333795
9788173192562
9788121929899
9788184486308
9788132227205
9788184484496
9781941235126
9788121917049
9788122436020
9780713993127
9788180618802
9789386261793
9780736044929
9781595690401
9781925017618
9788170294580
9789386150318
9788125053446
9788184485998
9788132213406
9788175349872
9789381141328
9788120343245
9781499675313
9780857367471
9788176481304
9789352705085
9789349562059
9788184482157
9781901176865
9789348642233
9781889539058
9780007171163
9788187374244
9788126905485
9780955756931
9788187328988
9788181580535
9788123916347
9789389211696
9789352500055
9788180521133
9780874347838
9788891646910
9788180618093
9789352702886
9789352601691
9788885486416
9788120343047
9789352708017
9788378860006
9780522849592
9789626344392
9789868546585
9789358876550
9781591855088
9788184484175
9780199238439
9789388958981
9788178000800
9788180619182
9789366162232
9780486807188
9781595660244
9789354656132
9780470226636
9788851405816
9780761933304
9781845570316
9789380156569
9788184485837
9781850323341
9789351243380
9788122404241
9783827416575
9788122402964
9789352709823
9781776560486
9789350904268
9788885486522
9781902806044
9789350251218
9789086861408
9781600582417
9788170591276
9788184486414
9788123920399
9789004355811
9788172252137
9788478130450
9788121908450
9780442266356
9788184489965
9788173192371
9780954630065
9789401050074
9788181479884
9788121920568
9780820351810
9788850330560
9788178840727
9780071474566
9783869844701
9789352500468
9788131252550
9788493639754
9788189866969
9780207181870
9788174453365
9789368084648
9781602551220
9789393330093
9781921888601
9788188237524
9789390595549
9780252069307
9781936274277
9781591793540
9781868147748
9788189866075
9788170293361
9780575129306
9788847028340
9789385909788
9781843822028
9780333305645
9789383692477
9780470848999
9780761997887
9781575863450
9788885486478
9788170212980
9789385084003
9788172339364
9788177080131
9788185425412
9789352501298
9789354650574
9788170419006
9788173915529
9788180611711
9788173712975
9788121507523
9788195400959
9788185182537
9788184489026
9788120614956
9780241567388
9788173192609
9788131300541
9788176298551
9788176465267
9788188661725
9788188867677
9789569441394
9788124108727
9788120332515
9788176620307
9789350906408
9780991541836
9788176298124
9789500274395
9789675062384
9788176292474
9788176292566
9788176294249
9788176295536
9788123919263
9788185119601
9789388822213
9788170296683
9788120604445
9788120605459
9788972839842
9788176566056
9788177229943
9788176290845
9788176290937
9788182744370
9789380601311
9789350253854
9788180616129
9780471671718
9788120831575
9788121612012
9788170490852
9788185054681
9789382299967
9788173870309
9788173871795
9788173040306
9789077256138
9788886208512
9788185936116
9788121511988
9788121402316
9788176258593
9788176294874
9788176568883
9788181581297
9788187966784
9788174731029
9788121401173
9788129103093
9788129113030
9788129115638
9788170491149
9788176210232
9788180615887
9788176566155
9789351104711
9788173871252
9788176292054
9788176296175
9788176464116
9788187661245
9788121503242
9788121930338
9789351865377
9788184484328
9788184043013
9789839154702
9781846820625
9789382332527
9788184484120
9789352295722
9788173870842
9788175741195
9780156060844
9789390742127
9788174464149
9788893914291
9788176258135
9788125024750
9788171003679
9788171003709
9788176294065
9788176298094
9789839154368
9788171548552
9788126913473
9788182741737
9788187374060
9788170249948
9780486837215
9789839154580
9780713487701
9788170247395
9788182208643
9789380026930
9781871187182
9783844804058
9788184891393
9788187226666
9788185067926
9788177080995
9789352705177
9788171324170
9788176293532
9788185182551
9788176253222
9789332864610
9788174362599
9788170339861
9788174466044
9788176256186
9788176291927
9782831700472
9788125030096
9788181914644
9788176295499
9788184481440
9789350256312
9789385085062
9788176258005
9781903855218
9788187226567
9788187226642
9788176291569
9788176292917
9788173719158
9788182203518
9788183292931
9781846648366
9788171320240
9788173191022
9789380274140
9788184485899
9788170205005
9788178241661
9789354659461
9788170997047
9789384363130
9789402405712
9788492452118
9781855069831
9788188569267
9788176259255
9788176299831
9788176291798
9788126908660
9780867193145
9788171003723
9788120818279
9788129115867
9788173045332
9788182473010
9788182901322
9788192063904
9780195676549
9788870512090
9788121510349
9789385915871
9781585970360
9788181520845
9789351439653
9789707182127
9788420657288
9788494118227
9789354658921
9788171825110
9788180522734
9789352870844
9789352701995
9789395116145
9788184486858
9788185860626
9789389188769
9788124114629
9789351523260
9788184651126
9788173915352
9788184500035
9788129110022
9788131251676
9780300176872
9789386056979
9788184485974
9789348642929
9789354081736
9788179936580
9788190661041
9780375851407
9789384588946
9788184486032
9788184121513
9788184489088
9788125060901
9788176292122
9788176299480
9788174764430
9780974853413
9788185753836
9788120618572
9788121504393
9789356967144
9789381574898
9788170082477
9788176258302
9780912912110
9788184483154
9788172157319
9788172338688
9788131401712
9788188043552
9789356962590
9789356962934
9789350253458
9781844768172
9788183295932
9789382740681
9788182472457
9789354656576
9788189942861
9788125036807
9788494848940
9789356966109
9789356969483
9788184483727
9788188661107
9788860993885
9789086862764
9788125028697
9788172339333
9788182902121
9788182900394
9788182903128
9788183295949
9789380033143
9788121911993
9789388971003
9788193048825
9788185860909
9781530060399
9788129103352
9780670078318
9788189652203
9788176569064
9780761994671
9789382059912
9789366165066
9789681905378
9788175415829
9789366161563
9788170950240
9781898563686
9788178690605
9788172337322
9789626344002
9788862403627
9788171220977
9789351525387
9788131220917
9781492991083
9789351528548
9788123910000
9788123916422
9788448819767
9780439485944
9788183332583
9788181288837
9789048128709
9788870787467
9789356960503
9788323349303
9789386506139
9788123906478
9782855391380
9789350906651
9788170295501
9788123914503
9783631388853
9788120618565
9781413765922
9788189942502
9789380239002
9789380239156
9788184489545
9789382178033
9789351131212
9788182203365
9781864650440
9788183212236
9788184487541
9780312586744
9788193750193
9788172332334
9788173913969
9780141197333
9788183210096
9789383692743
9788871104683
9788477205999
9783037781227
9780415382557
9789395116046
9788173917561
9781905437955
9788496921207
9788122431193
9788173100499
9788188689538
9788888302867
9788854406612
9788183298391
9789059941175
9788170297192
9788184650129
9780861637720
9781846825316
9781978032576
9788484328568
9788170350842
9789462390454
9788859818588
9780825472930
9788192473352
9788176240390
9788131220900
9788123907994
9788176113700
9788857901084
9788184121667
9788449311215
9788177691856
9788172334673
9780230741249
9781543953466
9788120604575
9781571895752
9788869446566
9788890251177
9789382460190
9788195821099
9788195580477
9788120618596
9788183456241
9781921401220
9788176566742
9788193547274
9781849154338
9788183210980
9788173669002
9788183331784
9788185931890
9781844224715
9788120618619
9788183615617
9788126100545
9788126137756
9789380239927
9780670999002
9789747315462
9788180940422
9789380852119
9788182900899
9788120310056
9789383419982
9780133825725
9780312565848
9788121921886
9789501522297
9788188689545
9780916308179
9788129118318
9780130714763
9788188237715
9781845928049
9788174367617
9780139085918
9788869730023
9781876367855
9781934903254
9789388971034
9789388971072
9788122306590
9781568227580
9788126127542
9788194466819
9788170209867
9780233975863
9788123925837
9788188043095
9781444151039
9789348107190
9789349888333
9789350257227
9788179928370
9788174462428
9789386056870
9780794502713
9781424004775
9789356962040
9789380658575
9781604078015
9788180300356
9788174732224
9788123910536
9788123919607
9788176565493
9789626349229
9781412920148
9788186030431
9780007180134
9788122406993
9788183230360
9781848720251
9789353270322
9782902776566
9788174969828
9788178791340
9788189859251
9780439968591
9788389450456
9780782141245
9789505123612
9781569716786
9780241554685
9788188867714
9788184483826
9788189986001
9789380428208
9780471202011
9789350250761
9788171549856
9788869230240
9788888389790
9783830116585
9789384337780
9789993270560
9789402402100
9788131305447
9788182903043
9781860581243
9788177557053
9788177557138
9788484325192
9789361319914
9781119110668
9788176567176
9788172333430
9789380428529
9789384082604
9789389211924
9788180943447
9789386530189
9780470068199
9788176467766
9789350500729
9789350501726
9789350501887
9789350502105
9789350502150
9789350502341
9781847921550
9788180940637
9781478781080
9789400789913
9780672324116
9788128800856
9781420092004
9788176565363
9788176466714
9789350502044
9788188575008
9780448480190
9788896092026
9789390595778
9789463722124
9781420090888
9781444768169
9788192047508
9789348107602
9788183298001
9788125029939
9788176755504
9789386150721
9781875739981
9783764359904
9789626348871
9788183243445
9782080305541
9788178815275
9788120819627
9788183210126
9789356967069
9789686445619
9788121930963
9788177551020
9788859004172
9786071616098
9788170357872
9789354655586
9789384337339
9789350501702
9789380852256
9788183305525
9789350903599
9789383096046
9789556650310
9788170295198
9788182206267
9788126110285
9788126127603
9788188641871
9789351395324
9789356963788
9781138010666
9789381605486
9789350502037
9788192665498
9789391419424
9788179776377
9788179652350
9780333586051
9788123919638
9788131251614
9788181283719
9780199545360
9788184485363
9788875416034
9780241530498
9780199468409
9788128020506
9789382585190
9788171773510
9788449315220
9789348107954
9788185771502
9788183700924
9789385436925
9788126103027
9781442279896
9788184000115
9789350500989
9789350501207
9789350501993
9788187549666
9780340907429
9788193208519
9789351108344
9789384588380
9780723408796
9788181581624
9788188237999
9789386643681
9789349888272
9781949859409
9788869441370
9788184482645
9788477828976
9789350500255
9789629960766
9788178562483
9788121923330
9788170291664
9788895565019
9780805895834
9781452112374
9789350500545
9789350502365
9789350502761
9788183210058
9788185680088
9781857442748
9789383692453
9789380855028
9788171414215
9788174368782
9788870756920
9781481316736
9788180611094
9781422101179
9789350502099
9788187981640
9788194243809
9781137349743
9780199683598
9788184489415
9789556652017
9780521630726
9788176258760
9781842173947
9788183292986
9788193626023
9788189652760
9781783530199
9788189526429
9788189942113
9788180615092
9788863182941
9780199549146
9788122308549
9788483103593
9788128022289
9789380179377
9788183211772
9789351611561
9788128020353
9788171676255
9788180940279
9780815167372
9788180300752
9789350710456
9780901573582
9781731807014
9789351436065
9789380350097
9781842751015
9788181583109
9788123916019
9788123916026
9788123923062
9788123929057
9788123929156
9788123929217
9788181289094
9788184890990
9788184891034
9788184891072
9788184891119
9788184891126
9788182902237
9788433974594
9789380179476
9789385436765
9788176465885
9788184895605
9788178001937
9788176466547
9788176711340
9789381608739
9788177699852
9788131217405
9788181283917
9789354660030
9788172332341
9788172332631
9788172336004
9788190228923
9780743530125
9788129117830
9788186775653
9788189652401
9789380239019
9789387587298
9789867942074
9788174368744
9788190379779
9788121600323
9789869798525
9789380704777
9788187134237
9788893630771
9788869442155
9788189059026
9788176467971
9788188569106
9789350502785
9789351454458
9781857782226
9788869680144
9788171568260
9788182204867
9788183211376
9788183243865
9788189741112
9788183764995
9789353864118
9780763640941
9788193976401
9780415375825
9789395116336
9780241626511
9781457548192
9789777043779
9780857086266
9788892224803
9789356962897
9788176467247
9788189473648
9780415776707
9789352709892
9788174533166
9780521634830
9788181288813
9789389188585
9786263181618
9780987338631
9789351437437
9789354659850
9789356961852
9788121902908
9789888407088
9788178060590
9788183760843
9789380179988
9789380179995
9780195697230
9788189526689
9788189526771
9788189526979
9788478085217
9788184875607
9780950395432
9789861202662
9789350259658
9789366160559
9781439801727
9783860252604
9789381141779
9788120839977
9788121921299
9788180388927
9788176123327
9789382471363
9789865064259
9780199460502
9789384863593
9788478080786
9781869403843
9788186004999
9788889237700
9788408076070
9788184484403
9789366164236
9789381608135
9789380250809
9788872267257
9788170356356
9780470525746
9788180388446
9781782224808
9788130702827
9781516915934
9788489333383
9788190568128
9788184871036
9789350144152
9789380428444
9789380574899
9789382471158
9783830678335
9788189526085
9789349888296
9788126712472
9788184702002
9788184486957
9788130915449
9789349888968
9788180611209
9788185860367
9788176569040
9788119121540
9788170070061
9788195475063
9780486806808
9788878393431
9788181891808
9789388028806
9789390709441
9780199065066
9789385390517
9788172335489
9788172337995
9788188689149
9788176466929
9788190694261
9789356963290
9788184870831
9780199677580
9788823019416
9780241515617
9788496431249
9788873993520
9788893916509
9788170209973
9789380032504
9788122306552
9789350040515
9788173714788
9781241459192
9788126909704
9788186299722
9788189526351
9788183165549
9789380239118
9780486272801
9788185026749
9789064506840
9789385915246
9789390709250
9788180901270
9788184048049
9788449311093
9788492452187
9780316725590
9789777045872
9789389212105
9789389212310
9788176465038
9788176466493
9789350500804
9789380852201
9789380852362
9789380852898
9788178001128
9788194709015
9789382471523
9788188827213
9789380852164
9788171773749
9788171679294
9788403517363
9789349888883
9788886208307
9788185170664
9788180940163
9789777040778
9789350715338
9789351103189
9788186299470
9780782143553
9788183210164
9788176565516
9788181285744
9780692696972
9789384007492
9789382459187
9788496867642
9788131201008
9789392135088
9789380044408
9788131603260
9789354659973
9781584762164
9788492417308
9789629376543
9789382033653
9789386286468
9788173714092
9788170299011
9788861480940
9789380231150
9788415078159
9781851680979
9788123907130
9788123913421
9788179941911
9789383848041
9788176566858
9788893915175
9789351437277
9780716753193
9781543981803
9788181282200
9781594972263
9788183760782
9788120723603
9780731407552
9780962648526
9788128009105
9789354016950
9789348037879
9789385909818
9788120807297
9788183761093
9788189473433
9789351439455
9788182204027
9789381450765
9789382219163
9783764357627
9788174360335
9789383794058
9789351525929
9789382629139
9788498482379
9780316641791
9783777431932
9788170351405
9788173200632
9789352706860
9789385462917
9780670090082
9788480199674
9789937814478
9781241501136
9781846467882
9789385302398
9788189473778
9780723243892
9789354656156
9788483568484
9789381345122
9788129100290
9788183761383
9789351523314
9780718186517
9788170355854
9788187498018
9781892040107
9788175994621
9781854353313
9788188689705
9780071751490
9788170600466
9788189471248
9789382629061
9789382629252
9781423490531
9788131009147
9788123915982
9788185495460
9789352705795
9788170948735
9788184046991
9788181890177
9788184950786
9788184890617
9788176463904
9789389211917
9788189530662
9788177022872
9788123909110
9788123914381
9788185102962
9788408095767
9780198068617
9788188689880
9789356402492
9788183763929
9781568984674
9780415574716
9788122406535
9780785116851
9788183297936
9788434232754
9788189630331
9789382835882
9788174869975
9781582550152
9781638606314
9789356963313
9780866985093
9788177336863
9781556238635
9788176113113
9789251097311
9781849712842
9788191005059
9788498973778
9780863113758
9789350500507
9789350502631
9789380852287
9789380852560
9789386223173
9788185680019
9781501139116
9788181890788
9788182207370
9781904772101
9788847019799
9788126904785
9781591791157
9781933499130
9780857330833
9781591027720
9788189471316
9789350250174
9781613249345
9781562434298
9788181281388
9788184482492
9788186050156
9789348107770
9788192099286
9783982126609
9788189153007
9788189471972
9789382629276
9781890318819
9788184895025
9789381141434
9788126904235
9789385999116
9780415692984
9788876423109
9788181890214
9788172337551
9788170750925
9780764139741
9788131101315
9781906217419
9788186299449
9789385909290
9781592802500
9789393330468
9780241527122
9780241644645
9788888302591
9789383864034
9781845850135
9781907085871
9788122005479
9789352137312
9788176018579
9788171640492
9789076458083
9781665905664
9789027709387
9788120817562
9783956867248
9788189471941
9788188689095
9788188689316
9781473690431
9788183210461
9780910672412
9789392135293
9788415419600
9788183211499
9788497773133
9783825892982
9788184872149
9788184890358
9788184890419
9788184893373
9789351424444
9789386768056
9780415520355
9789584518255
9789353166274
9788893915854
9789350181706
9789348107381
9788495040619
9788466616089
9789354669675
9788495973160
9788483560815
9780752892122
9781855144309
9789387964303
9788188689491
9788184482959
9789384149192
9788171817214
9789354438462
9789354439490
9788188689743
9788181715647
9788189497163
9781787014497
9780713679250
9788415260851
9789350356630
9781444138658
9788188689286
9789387964266
9781926648118
9788184896558
9780782141894
9789352500222
9789383284085
9789350354377
9788170947967
9788172333270
9788184041187
9788184874402
9780794508845
9788181892263
9789655263459
9788489564626
9788173872280
9788194867654
9780471726937
9788126914043
9781626863408
9789583043840
9780198725312
9780857338082
9780007521517
9788176567060
9780782143720
9788177696899
9788183716949
9789386827128
9789354659508
9789388548403
9789388548854
9789390572991
9780143032540
9781241600228
9788176460538
9788176461801
9788176461948
9788176467421
9789350501641
9789380852614
9789380852737
9789380852805
9789383784097
9781845370473
9788189938062
9788183760362
9788185170589
9788189928469
9788171887224
9788176465779
9788188827107
9788189110161
9789350502198
9789354653773
9780785842033
9781241500207
9788196378974
9781847973207
9780755472758
9789389565805
9788172333362
9789386279651
9789350500583
9788185589503
9788124116456
9788423342235
9788170582175
9780750650168
9788179926215
9788197750083
9789385915918
9789389688870
9789351952343
9788120816411
9788179681725
9788181283788
9788183246743
9788184890198
9788184895193
9789387964358
9788131604182
9788126912551
9789681684556
9786079828608
9789386578464
9788178840642
9789380252988
9789382563389
9780723605164
9789380852775
9789380578033
9780195692433
9788123922362
9788183391153
9789389688597
9788189975692
9789387085817
9789573297581
9781920434014
9783791733999
9788177564242
9781853311178
9788170351580
9789386279668
9781241180782
9781241494933
9788131250709
9788123906065
9788170583547
9789387472730
9789350290064
9789381398722
9789391818548
9781856868440
9780906754245
9788120003507
9788188741953
9780956980212
9788181288806
9789392140518
9788121503020
9781897190272
9789351527237
9789381209479
9788189530617
9788493520427
9788178270517
9780230715592
9788121916660
9788170998778
9789350350300
9788172151652
9780900785436
9789395116596
9788823016286
9780890965979
9789385965517
9789386768896
9788185263830
9780997640540
9788126933662
9789385302145
9788176710367
9788181892508
9789385445019
9789351294405
9789351950271
9788120756069
9789380456607
9789383067558
9788126137282
9789365576269
9781622603022
9788188689071
9788188689132
9788188689309
9788188689330
9789383284153
9789388902953
9781862546417
9788494602535
9780821349632
9781406506655
9788189942724
9788127231910
9781849158824
9789350502570
9788173717239
9788176240307
9788183602112
9788496806023
9789390620142
9788847058835
9789381574010
9780583130875
9781405228862
9781403922359
9789381431436
9788187812005
9788181281807
9788181284129
9788184893304
9788187680109
9789382332985
9781578268016
9788188689255
9788123926452
9788190105224
9780859697101
9781853155185
9789390544332
9789391818005
9781785210969
9780521655194
9780521655293
9788188689026
9788188689361
9788188689460
9780991209033
9788173717703
9783437237805
9789349015784
9781731832665
9789351523338
9788170337140
9789354437823
9789390544004
9788177085310
9788186937969
9788189401269
9789352301553
9788176467193
9788787600620
9789385538193
9788173198434
9788192856711
9789356404748
9788188449194
9780198092001
9788895731162
9789388902717
9781849205047
9780875655079
9783700174790
9788184870855
9789380618982
9788183601849
9789810713799
9783468491726
9780749456863
9788184160314
9788185938790
9789381017104
9788496431355
9780648906001
9788171889372
9781241424640
9781241697617
9788183211901
9788171946495
9788176461078
9788176467209
9788176467384
9788184201215
9789350501870
9789350502556
9789380852799
9788171412211
9789350500699
9788170848127
9783290175771
9788180940262
9789863380658
9788170089773
9788180940200
9788121618687
9788123928579
9789349057043
9788121617727
9788121619516
9780304354658
9788187478256
9788181283498
9781490379760
9783881896641
9789583019012
9788876423079
9788180565755
9780826446701
9781441197542
9788199040809
9780415627078
9788119364930
9788123909226
9781569024348
9788183612258
9788130903101
9780241527108
9789352133222
9789386418906
9781905223244
9789380852591
9789381630037
9780747806387
9780764583605
9780333902547
9788122432770
9788121620338
9788178002194
9788188827275
9789350502358
9780198800125
9780670912346
9780197685952
9788120349445
9788173716300
9788178001371
9788179681688
9788179934111
9788180521843
9788181281371
9788181282163
9788181284174
9788183602129
9788184891218
9788184892864
9788188458936
9789380381497
9789386768131
9788188965243
9788188458905
9788174534200
9788189035440
9781902937243
9788177540345
9781241316327
9781241505172
9788185749297
9789380836102
9781241372637
9788122501186
9781516984466
9788187129042
9789350358122
9788125060796
9780244900663
9789350143599
9780070083073
9788180698583
9788190817929
9788188689248
9781241492083
9788170128687
9788122412086
9781567690590
9788119364367
9788173199554
9788174469229
9788184875447
9788184891232
9788198831767
9788125931294
9788184892482
9788120734913
9788170460671
9788186211175
9788174091093
9788119415809
9788188658619
9788131801147
9788823019584
9789385915505
9788173716706
9789839154085
9789385909580
9789351422020
9789381608494
9788170081395
9780143451839
9788122412987
9788854841925
9788121909402
9781988024073
9789393159045
9788122428025
9788195580460
9788131251003
9788173716904
9788181892751
9788189161835
9789350238929
9789388327961
9788186201893
9781101937600
9788123919805
9788188689040
9780825473623
9781493588107
9788122418545
9788131800737
9788188689347
9789352033959
9789380856957
9788123928104
9788187567813
9788174506788
9788190419017
9789388127387
9789388127493
9788170089971
9789383067626
9780787947125
9781781085226
9789381574324
9789385909801
9789351762232
9789684112490
9788122421606
9788131802021
9781556527418
9781781681183
9788187421061
9788184480764
9789389671858
9788174731340
9789350942468
9788181284907
9788185708454
9789352135639
9788185938943
9788121923026
9788122420340
9788170080077
9788176493178
9788184482911
9788186308417
9788186308660
9788190855907
9789350941454
9789351761754
9789351762584
9789380856216
9789381159668
9789388147194
9780865300200
9789388005074
9788123900391
9788123902760
9788123908311
9788123915395
9789350026304
9788121902984
9788131603512
9781857252149
9788172334857
9788180140020
9789383746729
9789389686326
9788122430905
9781850082279
9788131251652
9788180545528
9781561467525
9789365896480
9789389211931
9789799802903
9788121922210
9788176566018
9788185617817
9788187522713
9789350073421
9789350943472
9789380856681
9789380856773
9789386478283
9788121916677
9789556651522
9781594162374
9788122403633
9789327197419
9788119364299
9788123908113
9788123910123
9788126505395
9789354437427
9788184892055
9788175994652
9789358566147
9788121923477
9788121923576
9788122414400
9788122430820
9788130912028
9788170086833
9788172331733
9789350941447
9789350943205
9789351762560
9788180941610
9788186047118
9789366163291
9780632012206
9788185182469
9788120320482
9788123914404
9788186734261
9788131803035
9781401211448
9789354438714
9788178000275
9788475028507
9789380250823
9789386432070
9789462612136
9788184674521
9788196914721
9789368407584
9789385915482
9781904668350
9788123904887
9788123920061
9788131802205
9788131805091
9788170086871
9788172336509
9788180140730
9788185617985
9789380856353
9789380856469
9788125007043
9788123917290
9789380016238
9781241443962
9781899235674
9788123915845
9789354151620
9789380250618
9789358019179
9788123904528
9789350973752
9789382332947
9788189757328
9788170087687
9789351436614
9788123907703
9788123910185
9788126912247
9788121929585
9788122420234
9788122421538
9788122431087
9788131800812
9788170087304
9788180140136
9788180140235
9788183327763
9788185240589
9789380386713
9789380856018
9789381159460
9789386228222
9788185731476
9788190423939
9788123901480
9788123908458
9788123914374
9788123929668
9789327197433
9788120351851
9789354657733
9788121928113
9788121930499
9788179681695
9789351762553
9789351762591
9789380027890
9780723248057
9788123905693
9789389261714
9780822366157
9788183306836
9788123910918
9788120352094
9788173719592
9788176494502
9788180140242
9788180140877
9788184873917
9788184893137
9788184894455
9789351525134
9788121906517
9788121908641
9788121922173
9788121923606
9788121923668
9788121929684
9788122410976
9788122412031
9788122423976
9788122432589
9788122436730
9788122436990
9788170083399
9788174091925
9788177000207
9788180544231
9788183600774
9788184893366
9789351764717
9789380027517
9789381159590
9781337561372
9788121917797
9789380250465
9789381141564
9789386353252
9788123901473
9788123909639
9788123928760
9789356208148
9788170999300
9788184891713
9788124115350
9788171677245
9788188689408
9789389308457
9788483830093
9788123910987
9788180522437
9789351762546
9789380386058
9789383828456
9788123924472
9789386768193
9788184201796
9788177091496
9788120345973
9788123904412
9788123906669
9788123907147
9788123911465
9788123911472
9788123911915
9788123913636
9788123918969
9788123924007
9789350026250
9789386217677
9788126011964
9781511465687
9788122421392
9788172332877
9788174733955
9788184892772
9789380856209
9789384857240
9789386347350
9788176371001
9788123912936
9788170246978
9788174506313
9788120417915
9788171641994
9788174733450
9788121502726
9788121924368
9788121927802
9788121928045
9788121935845
9788121939973
9788121941211
9788121943338
9788122407716
9788122409949
9788122410365
9788122412383
9788122413113
9788122413311
9788122416053
9788122418842
9788122419535
9788122421514
9788122422139
9788122425956
9788122426182
9788122426946
9788122427424
9788122427967
9788122430875
9788122435948
9788122436723
9788122436808
9788125939986
9788126912056
9788130902326
9788130912158
9788131804704
9788131806289
9788131807514
9788131807750
9788176490955
9788176492713
9788178001470
9788180140341
9788185749174
9788186308905
9788188689057
9788190691963
9788190856010
9789350040171
9789350143407
9789350943250
9789380856537
9789380856759
9789381159019
9789381159538
9789381159675
9788183600606
9781921209697
9780132037129
9788123914091
9788123915968
9789391820107
9789698181048
9788119364039
9788119364077
9789389347838
9788121900744
9788184046397
9788496553446
9788120404236
9788123901305
9788123905686
9788123906027
9788123906577
9788123908588
9788123918464
9788123925387
9789326191661
9789350143841
9789386217462
9789388178914
9789393715265
9781589479661
9788127249441
9788173195198
9788178002460
9788185386850
9789351641117
9788123910895
9788171772391
9788123902630
9788123902753
9788123902784
9788123905983
9788123908717
9788123910901
9788123911786
9788123911977
9788123912011
9788123912356
9788123922843
9788123925394
9789382676812
9789386827814
9788182910270
9789353765712
9781482710830
9788123911960
9788185931906
9789380016085
9788121928205
9788121929431
9788123911571
9788123911625
9788131804780
9788178000756
9788188739141
9789384007850
9789350356241
9788412517804
9788123904603
9788123908953
9788123916064
9788123916583
9788123926360
9789350024669
9789350253724
9789354660924
9789386478368
9788188458103
9789380386799
9789384007676
9788170084754
9788174468642
9789384852900
9788123916002
9788173170539
9789351246459
9788121927536
9788121928021
9788121928465
9788121932011
9788122413526
9788122419573
9788122440515
9788127224851
9788127240820
9788130912585
9788131802359
9788131802366
9788131803431
9788131805459
9788131808627
9788172335779
9788173666810
9788180140549
9788185617879
9788189757069
9788189757588
9789325968974
9789350141632
9789350141694
9789380027036
9789380386430
9789380856803
9789380856964
9789381159606
9789391820268
9788121909525
9788171568390
9788184890143
9788130903989
9788185099156
9789380856339
9788422021384
9788176567329
9789380250328
9788123916118
9788123924083
9788177643855
9789387085183
9789387964839
9788186714935
9789351640776
9788494271649
9789873393150
9788123911373
9788173195242
9788192999036
9788176461368
9789386478375
9788123902470
9788123904535
9788123906805
9788123909455
9788123915401
9788123924175
9788123925653
9788123926636
9788123928111
9789386217691
9789387085121
9789356963283
9789386649898
9788180140167
9788868980634
9789380026152
9789382332435
9789382332992
9788123912608
9788123913087
9788123925097
9788121935722
9788121936149
9788122417524
9788122418903
9788127243104
9788189766504
9789350943199
9789351643159
9789356143326
9789380856544
9789388005159
9788181283405
9788170358084
9788174734365
9789389686197
9788178001265
9789383635054
9788120401006
9788123901237
9788123901855
9788123908274
9788123908427
9788123908830
9788123909141
9788123909271
9788123911427
9788123915234
9788123915470
9788123916552
9788123916750
9788123922041
9788123924663
9788123925424
9788123929439
9788179923542
9789385915178
9789387085831
9789388178938
9789388327503
9789389396201
9788180140259
9789381162361
9789350352960
9789358561579
9788121901048
9788121914598
9788121942409
9788122409925
9788122414066
9788122415957
9788122420210
9788122420616
9788122421002
9788122424607
9788122428087
9788122430288
9788122433524
9788122435627
9788122436006
9788122436150
9788126903245
9788126907991
9788127240523
9788131804711
9788131806876
9788173194771
9788176710190
9788180140440
9788184043235
9788188458967
9788190855976
9789350142615
9789350142745
9789350145449
9789350944172
9789350945841
9789374734841
9789380250199
9789380250748
9789380386836
9789381159026
9789381159170
9789381162514
9788178311616
9789380852447
9788120417755
9781241405021
9781241426248
9781241579708
9788181282828
9788427933774
9788122435771
9788122419429
9788120346826
9788177391343
9788180140648
9788187567592
9789355420046
9789362761255
9789392537257
9788123917771
9788173717376
9789381159729
9789380472140
9788121931687
9788121935265
9788124114346
9788174092502
9788176466202
9788176467933
9788176467995
9788189757311
9788190691970
9788190746281
9789350140697
9789350142110
9789350142158
9789350142622
9789350500187
9789350500798
9789352909421
9789356962309
9789380852027
9789380852225
9789383073245
9789385915895
9789354439216
9788123906041
9788123916859
9788123916897
9788123919867
9788123920467
9789350028124
9789354667688
9789385915123
9789386478634
9789381335000
9789332700857
9788180547003
9788188279456
9788189757021
9788189757199
9789350140529
9789350141328
9789350142134
9789350144794
9789351611974
9789391820282
9788175994140
9788181477378
9788181477385
9788181477415
9789381714706
9780785120674
9788123755809
9788120403314
9788120417816
9788121940870
9788123901107
9788123911731
9788123918426
9788123924199
9788123928586
9789354668036
9789380250229
9789380250519
9789385915420
9789386478047
9789389261707
9788184876499
9789355432742
9788120417700
9788120417779
9788121929295
9788122428193
9788123915067
9788123923529
9788125942504
9788180542152
9789353593476
9789380618487
9789380896045
9788123926339
9789357054171
9788126320950
9788184893557
9788123908564
9788123915081
9788174730282
9788175345881
9789387085862
9789388178723
9789389688566
9789389688887
9789326191654
9788125031574
9788180942594
9781423109945
9788180388354
9788122421552
9788189766627
9788119216642
9788121923156
9788121924566
9788121931700
9788122409581
9788122424577
9788122427462
9788122433562
9788122436525
9788125939443
9788126904808
9788127202651
9788127224592
9788131805015
9788178001395
9788180140396
9788184121384
9788185931937
9789327235173
9789327262865
9789327281316
9789350141892
9789350142462
9789351450191
9789351762539
9789380298559
9789380386645
9789380386805
9789382381143
9789389657463
9781570972126
9788123909288
9788170088837
9788180141263
9780340895313
9789366160825
9789380250410
9788123902937
9788123903057
9788123904283
9788123904924
9788123907055
9788123908540
9788123909929
9788123910307
9788123911724
9788123914138
9788123915012
9788123916095
9788123918952
9788123923710
9788123924694
9788123927961
9788123929767
9788179923153
9789386217585
9789386827869
9789388725651
9789389396263
9789389396294
9788123917009
9788191007695
9789386310729
9788125927914
9789250036748
9789350909683
9788122416145
9788184480740
9788184951172
9789380578118
9789386279637
9789389520934
9788121923187
9788121925358
9788127216269
9788131808665
9788172334871
9788173198960
9788173816635
9788184121483
9789681669003
9788121509398
9788121942508
9788181289247
9788188689941
9788120343009
9788180141485
9788183600446
9789313193517
9789352500475
9789380896038
9789382609810
9788188458929
9789350143865
9789381075562
9789391820336
9789351430056
9780070144811
9788121924504
9788123927985
9788184487060
9788188237609
9789351109051
9789387067189
9788413370965
9780199601134
9788120774346
9788121909310
9788121923170
9788121923422
9788121927963
9788121929394
9788121932462
9788121935746
9788122408003
9788122416985
9788122417159
9788122418521
9788122418880
9788122419085
9788122419450
9788122419818
9788122421637
9788122421712
9788122421972
9788122422030
9788122422559
9788122426830
9788122433388
9788122436037
9788122437607
9788122438079
9788125006916
9788125928560
9788125939955
9788126901111
9788126905720
9788126926930
9788130913827
9788131801611
9788131805183
9788131805602
9788131805862
9788131806425
9788131807811
9788131808603
9788131808610
9788170089254
9788171641178
9788172335304
9788173715006
9788173816468
9788173816987
9788176563581
9788180140563
9788180140785
9788180141157
9788181282705
9788183601733
9788184872170
9788184872187
9788184891645
9788186308738
9788188237104
9788188279319
9788190613002
9788190832250
9788190856546
9788194622178
9788195268795
9789326191647
9789350024027
9789350140093
9789350140482
9789350141274
9789350141335
9789350142189
9789352702183
9789380358949
9789380386010
9789380386164
9789380386454
9789380856438
9789380856810
9789380856841
9789382609995
9789383828586
9789384007430
9789385923845
9789385998379
9789391139667
9788123900131
9788123903651
9788123904931
9788123913148
9788189521271
9788194898672
9788194898696
9788198225924
9789354660108
9789388527675
9789389688078
9789571380827
9789861373584
9788123901275
9788181286642
9788184893236
9788184893601
9789354438646
9789354439636
9789371131001
9789380026008
9789380026886
9789381141359
9789386768599
9789387938564
9789389944037
9789390620227
9781841134154
9788184895612
9788188157334
9788187134183
9789390709106
9788179929971
9788131806777
9788173816208
9789351648925
9789382332091
9789386279798
9781571455642
9788173170454
9789384588663
9788119364336
9788123923512
9788179924693
9788184485943
9789381141120
9789384588588
9789388527774
9788123902661
9788123904009
9788123907949
9788123910390
9788123910772
9788123911519
9788123915678
9788123917191
9788123918471
9788123919195
9788123919201
9788123922164
9788123922225
9789354661563
9789354667220
9789354667435
9789385915369
9789386310842
9788179921678
9788188458479
9789351524663
9788182881020
9781550717419
9781583473634
9788171101825
9789354439902
9789358562163
9789386279743
9789386279842
9788180940095
9788184870480
9789380231075
9789391820183
9789350145142
9788490748893
9789688901106
9788123912196
9789387890084
9788195407187
9789383750917
9788178002774
9788188458448
9789352535309
9789385909924
9788174092526
9780600347231
9788123923413
9789350145487
9789382609728
9788121930888
9788122430653
9788122436457
9788125035299
9788125939399
9788125939474
9788126919505
9788127233792
9788127251260
9788130906201
9788131801291
9788170081517
9788173663017
9788173663024
9788173814037
9788180140280
9788180140839
9788180940149
9788181281036
9788184870503
9788184893649
9788184896015
9788189757304
9788189757410
9789327241020
9789350140888
9789350142097
9789352655915
9789380026763
9789380027340
9789380298658
9789380386843
9789383992478
9789383992515
9789384007416
9789389184174
9789389396355
9788418932342
9789380578538
9789380578682
9789381335185
9789382332534
9789390620586
9788131804933
9788170742838
9788185141794
9789333223843
9789351199373
9789352440788
9788121924870
9788125918578
9788125938460
9789381630082
9789383762187
9789388293884
9788120417991
9788123904986
9788123904993
9788123906270
9788123913001
9788123913933
9788123918587
9788123921990
9788170337676
9789386310910
9789389396324
9788120352285
9788121928106
9788172334949
9789350040423
9789384878139
9789385909344
9788184894301
9788176566636
9788187332671
9788171887781
9788171208593
9788178236162
9788185301587
9789380386911
9788121936088
9788123918532
9788124606483
9788131802779
9788171946990
9788189617974
9789327250978
9789380027807
9789384961688
9789385909436
9789385909962
9788123908236
9788170820680
9788123912158
9788123919423
9788172245276
9788178740317
9788189086800
9789351525578
9789380250151
9788123907000
9788123910253
9788123910642
9788123912271
9788123913285
9788123913292
9788123914879
9788123919188
9788123919683
9788123921921
9788123923956
9788123925431
9788123928319
9788187134145
9788188826384
9789385915543
9789386217721
9789386478221
9789386827593
9789390709922
9788184891607
9789333223621
9788120347458
9788126521531
9788129300355
9788171021093
9788172111397
9788178837291
9788184042788
9788184781120
9788186791028
9789355643704
9789356361430
9789380027845
9789380235271
9789382332350
9789380250441
9789386279644
9781544653129
9788121916592
9788121920919
9788121928687
9788121930727
9788122413854
9788122415148
9788122418668
9788122427509
9788122430813
9788131806500
9788131807798
9788172335502
9788172338268
9788173817328
9788173818776
9788180141065
9788180142048
9788182093348
9788184043617
9788184871579
9788184871753
9788185240909
9788189904333
9788189904340
9788189904357
9788195012022
9788196136888
9789327258271
9789350140284
9789350142004
9789350142288
9789350145258
9789350145456
9789380027722
9789380298030
9789380386140
9789380386522
9789380856070
9789382609896
9789382609919
9789385462634
9789386286017
9789386530097
9789389393293
9789385915611
9789389396331
9788184870893
9788185749105
9788185749662
9788197999291
9788198225900
9789350140239
9789350144534
9789351611721
9789351611981
9789380027524
9789380027692
9789380027821
9789388176644
9789391820244
9789391820688
9788120315822
9789384721190
9789386102911
9788170080732
9788171202577
9788171204922
9788178060415
9788178835747
9788191019155
9788173717000
9789381887080
9789352535255
9789380250694
9788121932479
9788121936446
9788176566339
9789351642305
9789380856230
9788120417106
9788123923543
9788173816314
9788186103876
9788190210041
9789380250526
9789385909870
9788181281128
9788120342521
9788120352179
9781398308480
9788121506793
9788121929783
9788121941129
9788122417180
9788126533190
9788170306306
9788170891925
9788172336646
9788173717444
9788174090324
9788174090393
9788174090584
9788177001006
9788178000855
9788178835914
9788180140860
9788181892201
9788182203013
9788184891935
9788185094182
9788189161798
9789352872817
9789380250373
9789381450581
9789383992461
9789384082000
9789386768230
9789388028752
9781241232771
9788121926331
9788126423569
9788184821246
9788188974153
9789380026817
9789381055922
9788185877228
9789356966390
9789380578910
9789384588786
9788172244910
9789350356524
9788126429363
9788127224943
9788127243234
9788174092045
9788180940521
9788181160072
9788181160102
9788181160126
9788181160188
9788184871630
9788189401382
9789327197105
9789327229363
9789327277821
9789327287936
9789359951980
9789368400295
9789368401407
9789368403722
9789368403739
9789368405146
9789368407393
9789368408994
9780345025791
9780974278742
9788120405523
9788123901534
9788123904825
9788123909042
9788123909776
9788123910376
9788123910383
9788123914107
9788123917238
9788123918099
9788123918297
9788123918747
9788123923536
9788123923901
9788123925042
9788123925332
9788123925998
9788123927916
9788123928845
9788123929606
9789389239003
9789389239010
9788171202591
9788188867479
9789393159151
9789390391004
9788126415359
9788131001592
9789381095034
9788120335622
9788121929875
9788122420241
9788122422238
9788122430295
9788122430455
9788122430639
9788122435603
9788122436389
9788122438123
9788126914180
9788127239916
9788131806470
9788131806999
9788131808306
9788184047523
9788185240732
9788185873367
9788188237937
9789327258677
9789327278316
9789350142967
9789350144336
9789351450252
9789351643067
9789380016795
9789380027678
9789380156002
9789381159354
9789385998621
9789389477702
9788171692538
9788178220017
9788179928004
9788184890310
9788184893922
9789381714577
9789381951484
9789384007027
9789385998164
9789385998942
9789386478580
9789386768780
9789387496347
9789390620371
9789390620487
9788185602813
9788123420639
9788126413744
9788128019357
9788184893359
9789391818678
9788172338169
9789380250137
9789380250700
9789386279712
9789385676017
9789386456298
9781316641880
9788171203598
9788173862229
9788173862243
9788173862519
9788178241470
9788178245492
9788185170404
9788189757687
9789350140475
9789355227188
9789383441396
9788123422794
9788131759974
9788184821444
9788184821604
9788184822977
9788184825046
9788184825633
9788189220303
9789865077471
9788188826278
9788186004234
9789380026831
9789387779464
9788120340640
9788121905411
9788121923484
9788122420944
9788125930846
9788125931362
9788130917559
9788173816789
9788174734334
9789352301973
9789352702411
9789354439384
9789390696376
9788123928784
9789350641842
9788171301034
9788173024429
9788185378718
9788185378749
9788186880524
9788191010060
9789381141267
9789383971442
9780195690774
9788179924174
9789352534319
9789389354089
9789389845327
9788122437850
9788128020612
9788131001363
9788170668640
9788173025624
9788183683142
9788184681697
9788123750682
9788123929446
9788131918340
9788174091994
9788178242606
9788178243368
9788179860328
9788120415973
9788121922302
9788123908878
9788123908946
9788123912646
9788184952797
9789380026046
9789380578026
9789381141113
9789383793082
9789388725972
9789388902724
9788173815591
9788120348660
9788121907996
9788121927239
9788121932417
9788122411768
9788122419849
9788122419894
9788122422047
9788122422504
9788122425987
9788122427578
9788122427851
9788122427998
9788122430400
9788122430448
9788122431070
9788122431094
9788122431292
9788122431377
9788122432169
9788122432442
9788122434101
9788122434132
9788122434224
9788122435634
9788122436082
9788122436617
9788122438024
9788122440638
9788123907734
9788125909309
9788125921585
9788125924104
9788125939368
9788125939818
9788130918006
9788131802342
9788131803813
9788170088035
9788173199004
9788173716270
9788173717451
9788173718847
9788179936542
9788180141072
9788180142413
9788183601429
9788184890303
9788184890891
9788184893175
9788185931982
9788186308844
9789327219562
9789327230154
9789350140079
9789350141601
9789350141762
9789350141830
9789350238097
9789351248804
9789352740802
9789380027104
9789380027258
9789380027357
9789380027739
9789380250243
9789380298016
9789380298412
9789380381503
9789380386263
9789380618166
9789380856056
9789382609858
9789385462214
9789386070883
9789386418364
9789387284494
9789393405173
9788126425259
9788184673142
9788123929019
9788126701995
9788170163190
9789380607399
9789385915130
9789386827982
9789388178860
9789389185911
9789389185928
9789389239034
9789389688061
9788173716140
9783826333774
9788178690421
9780312498146
9781241410049
9788123434650
9788128016158
9789351646907
9789352441013
9788121929424
9788194867630
9789384588519
9789385909078
9789385909276
9789385909559
9789386479112
9789386768070
9788123728353
9788124801796
9788126308859
9788126314539
9788131250242
9788131953099
9788170601593
9788180561535
9788188018697
9788188225842
9789351107965
9789381325087
9789381325353
9788123926469
9788129113931
9788178271811
9789381630068
9789388127271
9788126031344
9788126436613
9788170286257
9788171784950
9788177691160
9788193026021
9789352440917
9789364527309
9788171888108
9788173199639
9788180140389
9788185938936
9788186308363
9789380578217
9789381162910
9789352440283
9788125940593
9788190613019
9789380631554
9780241661505
9780439531252
9788172867799
9788184820454
9788184821659
9788123430133
9788123905402
9788129507679
9788170284536
9788170284796
9788170664376
9788170841388
9788178986975
9788183453042
9788184193046
9788185063959
9788189912970
9788189945046
9788192026381
9789350176221
9789352440764
9789380072074
9789385104855
9789388631259
9789388860505
9789389802559
9788123905013
9788123906034
9788123906997
9788123910994
9788123911595
9788123912189
9788123916804
9788171885954
9788171886661
9788189110352
9789352700486
9789354668630
9789381320006
9789384588007
9789386217646
9789386478238
9789386478337
9789388725644
9788184894073
9789350358115
9789382332022
9789383073184
9789392234583
9788122307627
9788122308402
9788170110163
9788173862335
9789381209394
9789390183777
9789355270313
9788123909028
9788180940781
9789354661013
9788122431452
9788125925323
9788125927969
9788125939467
9788173814310
9788184872033
9788185336671
9788190454643
9789380856261
9789386223289
9789386310644
9788121616577
9788126912476
9788175545410
9789389538793
9788195196128
9788123403915
9788128012457
9788171305223
9788194867692
9789382332138
9789384588236
9789385909641
9789390620579
9788120805460
9788121901024
9788178000411
9788180545610
9788187134039
9788120841529
9788131217344
9788172701222
9789381458136
9789385054266
9788184894264
9789380250434
9789380250786
9789388327510
9789392379239
9788120343566
9788120344549
9788121916684
9788121923132
9788121929400
9788121929462
9788121935517
9788122436112
9788125909897
9788125916635
9788125918660
9788127242626
9788127248604
9788173190377
9788173197581
9788173198083
9788180141683
9788180142062
9788184046694
9788184870459
9788189798635
9789327227970
9789327240351
9789351382751
9789351646884
9789380027227
9789381141519
9789385750786
9789386237996
9788194242048
9789386274854
9789387192317
9789387333000
9789390183838
9788121618656
9788121618717
9788123915852
9788176210577
9788188479269
9789386478115
9789387085992
9788123907383
9788123908571
9788123910437
9788123913629
9788123916293
9788123916309
9788123918105
9788123919065
9788123924373
9788123928302
9789385915222
9789386310620
9789386827678
9789389396348
9789381162415
9781591950615
9788126423637
9788126708468
9788128020407
9788130902333
9788130903026
9788170281757
9788180522048
9788183681322
9788184485783
9788185425184
9788189757526
9788191082159
9789327221688
9789350140550
9789350143285
9789350145753
9789352027217
9789381714584
9789384007409
9789384007836
9788189401214
9781445155944
9788123769769
9788131911235
9788131932308
9788171240234
9788171640799
9788171641420
9788185301044
9788186004081
9788186339749
9788192555720
9789380009483
9789385160516
9788123434643
9788126019434
9788131233207
9788172336912
9788177203028
9788193059067
9789381095669
9789381714027
9789382648024
9789386173294
9780070125346
9788125917151
9788184893908
9788189866471
9789380856049
9789384588243
9789386084033
9788180520556
9788188575152
9788188575886
9789350464854
9789381319604
9788171243709
9788173194153
9780852061879
9788120409378
9788120417984
9788123900704
9788123905136
9788123907598
9788123908090
9788123911991
9788123914022
9788123920726
9788123926643
9788123928395
9788197750052
9789382648901
9789385915550
9789386310637
9789386478061
9789388527668
9789388527811
9789389261851
9789389688030
9789389688085
9789390619474
9789390709243
9780135947302
9788121925402
9788126315253
9788170520412
9788171859177
9788187067726
9789385998829
9781884550744
9788119364237
9788120347533
9788120351882
9788124302996
9788176559713
9788194979630
9789350501016
9789354437670
9789386274311
9789387192850
9789389347234
9789391818753
9789391818975
9788123914916
9788123918662
9788188237418
9789353450755
9789354402258
9789386768506
9789386768841
9789389867220
9788122415131
9788182815612
9788184872088
9788195237241
9789380298047
9788171799381
9789380386539
9788123923161
9789350001318
9789381141199
9789386217554
9788123440842
9789391818265
9788176710657
9788177091878
9788129109927
9788170963080
9788178000916
9788178001166
9788183330480
9788183876162
9788188458172
9788189757786
9788190738606
9789350140383
9789350142936
9789350143049
9789350145005
9789350358375
9789351611547
9789351611936
9789352535293
9789380027210
9789380027685
9789380027838
9789383992454
9789386456793
9789386768001
9789386768704
9789386799340
9789388176378
9789390735464
9789392469473
9788186809082
9788122310177
9788125039839
9788126439706
9788128016691
9788128811814
9788170086796
9788171208517
9788173031816
9788174363664
9788174462565
9788182991910
9788185141626
9788193144022
9788194065401
9789382332145
9789384301651
9789384598587
9789387192843
9788172867485
9789383635160
9788120346840
9788121924009
9788122411881
9788122436181
9788125921547
9788126903047
9788126906581
9788131807422
9788170297291
9788172334536
9788173191381
9788173199387
9788173199844
9788173660764
9788173666223
9788180140686
9788184870121
9788184871760
9788184874020
9788185636344
9788188458875
9788189757373
9788189757991
9788194735755
9789327220483
9789350143919
9789350145173
9789350145227
9789350974414
9789351529095
9789380298139
9789380298788
9789380386188
9789380856384
9789382381884
9789386070937
9789388812160
9789351641254
9789380250601
9788174734174
9789393168368
9788180140075
9789349919198
9780060524333
9788120417878
9788123426099
9788126431953
9788128008023
9788173029790
9788181281241
9788181285218
9788181287601
9788184026351
9788192982212
9788893630627
9789353497293
9789380578194
9789381319673
9789383067688
9789386768360
9789388327534
9789390620319
9789390620418
9780199465927
9780754808008
9780761997719
9781593271459
9788121510493
9788121930017
9788121941709
9788122411362
9788131518410
9788131903056
9788131934234
9788131934265
9788171242627
9788172330941
9788172332730
9788172338527
9788179919910
9788181285843
9788182204485
9788186050767
9788186470428
9788187332633
9788187661658
9788188826346
9788189645441
9788190891868
9789385676161
9789389347777
9789391818166
9789845120104
9788123928647
9789380138121
9783902514370
9788173197949
9788184895278
9789384319403
9789381226698
9788126311224
9789356403284
9780670084593
9789381595152
9789326191623
9788121926140
9788186265314
9789385909665
9789394168510
9788170118831
9788173158605
9788173158643
9788178542614
9788181467522
9788181468369
9788184950403
9788185141138
9789351611820
9789382332602
9789384419431
9789391211783
9789380289021
9788128011764
9788174091178
9788184120431
9788189798123
9789350091197
9789350682838
9789380240589
9789384641245
9789387484061
9781241096588
9781241465483
9788125910114
9788184870435
9788189757762
9788481852301
9789350143629
9789385909047
9788173717710
9788176462419
9780764571145
9788123432885
9788176371018
9789381503614
9789381920343
9789383052202
9788121620659
9789366161686
9780782143324
9788187586517
9789326352901
9789354217470
9788172868086
9789387890091
9789385462924
9788122410242
9788122422658
9788122438802
9788126467075
9788170086185
9788172339913
9788173716928
9788184873344
9788188458141
9788189757298
9788483230527
9789352134243
9789380856674
9788119364268
9788123903934
9788123914947
9789353501808
9789384588410
9789389447071
9788170288947
9788178222585
9788189912802
9789390224876
9780007112739
9788193975909
9789333221948
9788119364800
9789381141458
9789391818180
9789391818876
9788126702596
9788126435715
9788129100450
9788171301959
9788193354940
9789382394310
9789383052356
9789388913409
9781602551213
9788122304299
9788123018294
9788123788135
9788131930311
9788171640829
9788176558105
9788178541662
9788180310737
9788184776683
9788188043071
9788189485443
9789380536293
9789380536385
9788170337461
9788180520563
9788181902436
9788194782780
9789339213039
9789383067640
9789384319397
9788123442044
9788123928715
9788126014088
9788126720385
9788128022159
9788177022995
9788180140488
9788180315176
9788185396590
9789380743172
9789381055847
9789381595121
9789381822838
9789384598433
9789387103184
9788120805736
9788180312892
9788170462583
9788173157523
9788173157561
9788173157639
9788184772852
9789352752874
9789385288302
9788174532794
9789350259030
9788172248918
9789380250724
9789333223720
9788126522170
9788170083412
9788182860063
9788182881488
9788185549453
9788187332619
9788189766498
9788190941679
9789350355800
9789381075975
9780312960445
9780471781424
9788131806135
9788184894486
9788120344860
9788121924276
9788121926164
9788121928472
9788122408270
9788122417197
9788122418248
9788122419078
9788122424096
9788122427318
9788122430172
9788122430479
9788122430585
9788122430592
9788122430974
9788122431186
9788122431353
9788122435672
9788122435986
9788131502075
9788131806449
9788131807071
9788131807781
9788131808917
9788173199745
9788174453679
9788174733351
9788174734273
9788177229028
9788178002507
9788180520532
9788180522826
9788180943133
9788180944048
9788181280510
9788184893281
9788184894127
9788188237449
9788192107578
9789325982338
9789327222982
9789327229868
9789350140604
9789350141861
9789350970058
9789374734742
9789380027401
9789380298580
9789380381565
9789380618302
9789380618418
9789382127024
9789383182459
9789383419517
9789383828654
9780945819202
9789353165185
9789385915499
9789390224906
9788178740614
9788184891492
9788184894981
9788184896251
9789333223690
9789387964259
9780230636590
9788121404013
9788121905039
9788122310726
9788122411430
9788126432110
9788185381848
9789383441372
9788128010828
9789388631464
9789384588687
9789391952228
9788173663963
9788182203327
9788183568425
9789333223331
9789351611592
9789380358963
9789385909122
9780349406800
9788128008887
9788128010262
9788128010279
9788128012327
9788178242255
9789352440108
9789382394372
9789358875478
9781854598684
9788172336547
9788171788521
9788181467423
9788125039617
9788173150449
9788173151552
9788173152047
9788173153815
9788177202687
9788181713339
9788185830568
9788185832456
9788188139880
9789326351669
9789351611431
9789351611783
9789380186245
9789380864150
9789380864990
9789381063408
9789382648192
9789350356173
9789350356487
9789351430278
9788183611947
9788470749179
9789389845426
9788125941958
9788170843139
9788180140228
9789350140413
9789388623070
9789814559065
9789814559096
9789814559102
9788183302432
9789352440481
9788498622966
9789382332190
9788170436980
9788194364801
9788412089196
9789391748203
9788170461456
9788184005684
9789390477685
9780198077466
9788183247788
9780582064874
9788119415342
9789380660752
9788173716447
9788184047066
9789350142455
9789350710067
9789352134564
9789352533343
9789380027319
9789380027852
9789382332596
9788175543645
9788188118984
9789389991284
9788123433134
9788128022593
9788176461573
9788176465229
9788188974061
9789352440733
9789380743608
9789381582596
9789381822463
9789382648383
9789388957588
9789392379000
9788171414673
9789382396642
9783748139775
9788121928403
9788122405248
9788122414776
9788170521549
9788171640782
9788171641406
9788171641451
9788174467171
9788174532626
9788177001013
9788178235196
9788184871692
9788185141749
9788185478081
9788186617991
9788188757015
9789326352918
9789326354721
9789326354790
9789381626795
9789385502248
9789386817136
9788121923088
9788176505079
9789333223485
9788184772876
9789393168283
9788497771016
9788186880067
9789386768575
9789388973977
9789392379949
9789839154474
9788173812286
9780758646828
9788172700843
9788189859664
9789937761000
9788188071579
9788180140099
9789385259807
9788125052661
9789327276541
9789356966192
9789382332473
9789382332954
9789384588830
9788123908960
9788128024696
9788187477228
9789351506676
9789382396321
9789384641320
9781884089732
9788493576684
9788170287445
9788183616270
9788189945138
9788483109342
9788121908924
9788123773551
9788172110215
9788172111083
9788172246501
9788178241340
9788184540789
9788184893854
9788185122687
9788187498308
9788193747001
9789390971916
9789937594127
9788121901277
9788121905930
9788121922326
9788122406399
9788178557304
9788183453363
9788184040081
9788186308752
9788193975268
9789350142752
9789380856513
9789380856780
9789389533545
9788171413270
9788180430619
9788184571752
9789384716424
9789386348203
9788178311708
9788178791234
9788192251707
9781636514888
9788126316298
9788170082446
9788173152535
9788173152542
9788173158193
9788180313349
9788188757442
9788188769162
9788190666831
9788497775861
9789326354707
9789380183114
9789380186832
9789380186931
9789814629645
9788132111023
9788121926294
9788121929417
9789380250021
9781569244470
9788173192340
9789390569335
9788183710510
9788120820449
9788124114100
9788129113184
9788170999218
9788176465533
9788176466868
9788176467735
9788176467902
9788177551389
9788188466962
9788189065577
9788189110222
9789385609428
9789385609435
9789390595174
9789387484139
9789391818616
9788190194303
9789387333413
9780761935971
9788120350786
9788121510837
9788121511520
9788121920506
9788121928014
9788122422702
9788122432046
9788131804094
9788131806685
9788174468802
9788177394917
9788178242729
9788179923559
9788184893045
9788184894462
9788186535776
9788189757359
9788190656603
9789333223782
9789350717417
9789380574387
9789380607009
9789380607092
9789385000362
9789386228598
9789387472563
9789389347487
9788176672375
9788186937198
9789385868887
9788125904182
9789352837335
9788123913612
9788174468277
9781850321927
9789381574232
9788176113120
9788408089162
9789313192084
9789390655199
9789351529842
9789383073924
9780711100824
9788128008320
9788131024621
9788131024669
9788131024829
9788171416806
9788173199578
9788122427677
9788127226770
9788180611353
9788192275963
9789350140802
9789385909986
9789390711642
9789350355527
9788184000559
9780198077350
9789333221788
9788126043019
9788184000757
9788131807453
9788174533296
9788175411081
9788176498531
9788178242880
9788180900990
9788180901508
9788187332466
9789381325216
9789383260454
9789388542104
9788122431445
9789380852096
9789380854250
9789385309182
9788184870879
9788123925950
9789382396147
9788184022308
9789350143926
9788194026785
9780070529120
9788120347984
9788178241821
9788178242491
9788178242965
9788120344570
9788120349575
9788121109970
9788121926638
9788121928229
9788122410792
9788122419795
9788125930853
9788131802731
9788171949632
9788180521393
9788184870497
9788184892727
9788185749815
9788188818167
9788189757960
9788190691956
9788190738675
9789325960008
9789380578866
9789380618463
9789381162880
9789385909863
9789386768513
9789388005180
9789388005487
9789389547900
9780743457408
9789381162606
9780130115492
9788190642705
9788417900724
9788126913299
9788189487089
9788121900034
9781259026683
9781560101697
9788120417632
9788125020172
9788126517572
9788173154218
9788173156410
9788173156731
9788173158902
9788185094847
9789352134199
9789380186252
9789381887172
9789386768186
9783142210155
9789380545547
9780528994692
9788121929561
9788183990738
9789351104698
9788126436590
9788172542818
9788173029738
9788174831750
9788178837048
9788179000007
9788184245868
9788187321514
9789382543121
9789387192522
9789387192867
9789387484573
9789390310289
9788123913230
9788193993224
9789359987385
9789385909306
9789386479488
9780199456307
9788174533203
9788175511736
9788188629565
9789386446237
9788126706372
9788185244198
9788191062137
9789350641866
9789380025070
9789382775140
9781466380448
9788170089537
9788125910008
9788125915454
9789385909160
9788493473907
9788120416109
9780694518937
9788174468925
9789352605224
9788123433004
9788128016103
9788174731661
9788183280099
9788193342084
9788125032106
9788131806661
9788172335762
9788181289179
9788189757700
9788193975282
9789350140468
9789351107934
9789382396086
9789390175314
9788179915530
9788189059552
9788126717347
9788176463515
9788171416271
9788416075799
9788176464932
9788193418802
9780863110900
9788174530738
9789352803781
9789389152371
9789390818105
9788120346383
9788120347977
9788121909556
9789387195424
9788120808676
9788178841304
9789354659799
9788179752494
9788193975305
9789388292443
9780070494633
9780198083764
9788120337978
9788125020226
9788185119526
9788187216063
9788498670912
9781788641401
9788187780915
9788187780953
9783921508756
9788176465571
9789333221870
9789350092705
9781402209765
9788128004797
9788176461788
9788176461894
9788184671636
9788192616964
9789381055861
9789386592743
9789387363199
9788173156922
9788184301526
9788188322671
9789380186283
9785699471065
9788121504256
9788121926058
9788121932028
9788121933506
9788125930914
9788172336202
9788173198250
9788173664359
9788184041804
9788184047899
9788185636467
9788189161453
9789351107286
9789352133925
9789380027180
9789382396956
9780349144009
9788180314124
9780857466624
9788121928717
9780074631133
9788121510097
9788122411140
9788122421934
9788122423594
9788172331160
9788186050941
9789380607085
9789380864181
9789394168916
9789840515356
9788123919553
9788172016883
9781463542269
9789333223867
9780706987591
9788170010081
9781843309840
9789333223942
9780753417874
9780819467232
9781800583177
9788131803929
9788131804827
9788173049026
9789355326478
9788120324039
9781138607347
9781845841348
9789384588359
9789383252947
9789333223676
9789381907412
9788131802861
9788131807439
9788174533241
9788180280313
9788180280337
9788180280382
9788180900983
9788180940064
9789380386942
9789380856292
9780761994190
9788171413768
9788176465731
9788180521935
9788185229058
9781530755233
9788173717284
9788126727506
9780333904749
9781408845745
9788125027409
9788170462828
9788190935043
9788178270005
9781853118197
9789333223645
9788120344754
9788131809211
9788174532183
9788178440514
9788178541785
9788183552790
9788185616780
9788188446056
9789387578418
9789506414443
9788126714858
9788176464543
9788176465151
9788178311814
9788186565452
9788189110413
9789390620197
9780632056965
9788129111852
9781842158791
9788120328976
9789382396352
9789333221726
9788496627208
9789333223614
9788126318667
9788131802830
9788173159046
9788188267736
9789350484340
9789351864981
9789380550954
9789390789214
9788126102440
9789382396659
9788182811140
9788126915484
9789994678815
9789350564042
9788492691258
9788419224774
9789385433382
9788171419258
9780195687767
9788120746985
9788131804339
9788131806234
9788170233114
9789386486158
9789937594103
9780470294208
9788176461696
9788189359614
9788480214285
9789386530936
9788120719767
9788126711352
9788126719068
9788126722082
9788170088080
9788170200307
9788170201540
9788170222392
9788170225201
9788170228820
9788170307396
9788170418986
9788171196630
9788171546527
9788171724468
9788174876522
9788174877413
9788176299251
9788177142471
9788177143416
9788179755198
9788180317675
9788180690587
9788180690792
9788180692321
9788180694783
9788180695087
9788181292926
9788181296207
9788182680104
9788182681224
9788183618977
9788186565513
9788187380580
9788191062168
9788191062175
9789352210190
9789380710228
9789381067451
9789381582800
9789382775089
9789383894727
9789386228161
9789390971169
9789390971831
9789390971909
9789391186593
9780857233745
9788189884673
9789391446215
9788125010807
9788125026402
9788126340514
9788131806128
9788184353839
9789389530247
9789993343486
9788171887057
9788174369055
9788176465915
9788176466875
9789350500538
9789390477463
9788171696253
9788180318450
9788422019473
9789353282431
9788467737684
9788179860755
9788179860991
9788180313554
9788180314162
9788124115596
9788131802762
9788131803141
9788131805916
9788178298863
9788183615624
9788185119618
9788189110345
9789350501313
9789350642320
9789380601861
9789380852355
9789387192386
9789387192805
9780764540622
9788172866822
9781620819791
9789384027742
9788170186588
9788176461122
9788176463485
9788177022889
9788186562413
9788187644040
9788188381524
9788189110109
9788171419036
9780789901415
9781786943514
9788120345959
9788130912813
9788131803967
9788172701192
9788173664434
9788179916599
9788180317323
9789380283531
9789383252541
9789383260171
9789993352204
9789351524847
9788184871241
9780825410956
9780190072162
9780197558812
9780345097996
9780750301527
9789333223683
9780745962191
9788426362285
9789350481165
9789356110311
9788192898476
9780852268520
9781909673861
9789352705436
9788182991071
9789333220842
9788170843122
9788171396719
9788173803888
9781403923653
9781403923660
9788121511247
9788172361136
9788185102887
9788186653319
9789381209080
9789385274565
9788180313325
9788131264317
9788496627277
9789351710455
9789382396215
9780198564331
9781685637026
9788120331266
9788120340138
9788123750378
9788125921578
9788129113757
9788131806227
9788171243433
9788179934586
9788171798063
9781941538067
9788170552499
9788173045141
9788174532909
9788180692505
9789383725984
9788416972005
9789706667076
9788128025051
9788176463355
9788184200713
9789390490974
9780748406548
9781405154826
9781851683604
9781898486299
9788120310490
9788120348202
9788121504775
9788121511605
9788125002734
9788131803882
9788172702434
9788173043444
9788181283887
9788185119663
9788189059361
9789381141984
9789386863539
9789389368093
9788492452033
9788416613274
9788180040436
9788123779133
9788123913759
9788131802571
9788131802878
9788131804643
9788131805084
9788131805701
9788408221296
9789381325292
9788120348950
9788170183174
9788176461719
9788176465748
9789387192744
9788176467698
9780070472686
9788120343894
9788120347045
9788131257715
9788131805107
9788170351450
9788170351795
9788170352563
9788178240541
9788178241975
9788178243702
9788184302820
9788185167008
9789350485361
9789356182943
9789384385002
9788494030109
9789380574516
9781892295248
9788184823523
9788171102273
9788120308480
9788120336070
9788120340688
9788178241111
9788178242484
9780745960456
9788447223558
9780528880520
9782278060788
9781427796691
9788498259421
9789348418357
9788129117618
9788171887811
9788176465502
9788176466585
9788180613340
9788183243803
9788185475813
9788188837434
9788189981396
9781538006559
9783403208945
9788122435351
9788174877864
9788177146035
9788180312038
9788188459018
9789393603456
9780230323988
9788120339224
9788121920957
9788124101735
9788131802854
9788131803127
9788131803158
9788131805909
9788131806067
9788173710438
9788175224308
9788175740785
9788179930892
9788185040356
9788185952758
9788192061528
9789352136315
9788126719716
9788176464253
9788183244275
9788188257270
9788193639962
9780749950026
9780071077880
9783525404010
9780408106597
9789357604154
9788131804360
9788131804650
9788176114622
9788185396231
9789362619693
9780141036632
9780811842969
9788176466912
9780444516930
9781510419056
9788120347250
9788121923101
9788131802793
9788131803868
9788131808467
9788170995814
9788172110499
9788172111823
9788173815041
9789390891306
9789362055347
9781930709621
9788128000027
9788496585317
9780070669017
9780230329515
9788120842816
9788123906294
9788170188148
9781240930524
9781241793401
9780863113130
9788120352667
9788121930918
9788131802755
9788131805237
9788131809716
9788131809723
9788131809730
9788131809747
9788131809754
9788131809761
9788175363205
9788183306751
9788477209034
9789360136628
9789381714546
9789382618805
9789384248710
9788180381324
9789357992602
9780825417719
9788412000139
9788431315573
9780863180507
9788185680293
9788186562789
9781241431006
9781403923646
9788120335929
9788126041329
9788126710010
9788171106448
9788171856800
9788182963948
9788185419596
9781422229057
9781592170692
9789707184992
9780781719674
9788478087723
9780198062295
9789385783586
9780199477661
9788119218806
9788120305724
9788120324435
9788120335189
9788120351820
9788121507783
9788121911009
9788122425741
9788125011668
9788131807989
9788172112769
9788174531995
9788182092020
9788185094526
9788185179544
9788186050989
9788186791035
9788186791219
9789350941065
9789352031726
9789352031740
9789356811058
9789384266028
9788466646895
9788180388576
9788126001682
9788193328484
9789388280716
9780670088126
9781408100783
9789351526452
9780850789744
9789380456706
9788123920511
9788193775288
9780198066644
9780201067408
9780230328853
9781848106918
9788180280177
9788185753621
9788483539941
9789380578040
9789382460725
9780706911282
9781636512938
9788171106738
9780192857996
9789355154071
9788193366974
9781241542238
9788120336834
9788121941532
9788131806166
9788181478498
9788185094243
9788185396064
9780971556010
9781789535549
9788170994046
9788172111427
9789325963931
9789356521308
9788179750209
9788180317071
9789380228914
9780198064220
9781241517649
9788176258371
9789357552783
9781241498214
9789386629814
9788483534236
9780861318919
9781241560522
9781439807248
9788120341876
9788122403213
9788122432299
9788122436105
9788125062738
9788126903160
9788170992066
9788172110369
9788172110413
9788172110468
9788172111748
9788172330415
9788172330439
9788175432543
9788179860090
9788179930014
9788179931073
9788179931295
9788187498155
9789381325407
9798885831772
9788425415593
9789390588879
9788120345423
9781588294852
9789067643283
9780713673234
9788177227574
9788125042211
9789356811942
9789368682875
9789389872828
9789380607382
9789392145261
9789389633085
9780198062462
9780198072089
9780878135790
9781905200559
9788122401257
9789357552714
9780786656561
9780883869000
9788186511008
9788187134497
9789389971613
9788170990093
9780333924082
9780333924099
9780706960976
9780706976212
9780893892746
9788120309296
9788120337107
9788120777880
9788131507544
9788131809204
9788173717192
9788173814624
9788173818004
9788183334730
9788185015552
9788194735076
9789311127613
9781241227876
9780071077743
9783861335917
9780197693261
9788126710775
9788171695874
9788173195587
9789380574806
9789389937060
9788497428590
9781907025716
9788498521702
9788183333634
9789388028080
9788447212361
9789389845006
9780815196167
9789333223447
9788126526499
9780723264989
9781492323891
9788131711729
9789382688907
9788180940873
9780387949871
9788121906265
9788121941945
9788131808115
9788172111816
9788172330354
9788183212113
9788183245784
9788186050415
9789382258094
9789937524407
9788823016309
9788120335691
9788491643999
9783540230908
9788181930286
9789364681537
9780545668866
9780340812938
9780340812952
9788120341067
9788122402858
9788125024972
9788131803653
9788131808269
9788171020706
9788172111724
9788172330255
9788174530585
9788178440484
9788183558648
9788185094151
9788190208673
9788119962167
9781241139247
9789325298651
9780973872736
9788123916132
9780853122418
9780195686326
9780195687088
9780749413101
9788120340879
9788120417212
9788121904629
9788122407501
9788122409031
9788122415216
9788122431360
9788125024958
9788125041047
9788131801390
9788170089391
9788171696703
9788172701741
9788179931578
9788184540949
9788189059323
9789333221931
9789350043127
9789937330152
9781241381202
9781241582982
9781241237455
9789357558440
9781843544753
9788170998730
9788415603023
9780857420374
9781241217815
9781241745745
9781420061314
9788120331174
9788120341845
9788120351752
9788170404446
9788170995883
9788171170975
9788173712593
9788181282286
9788187358114
9788189076801
9789384168469
9789386042279
9789937524322
9780198845621
9788129115294
9789386629838
9789386629845
9789353945251
9781410108623
9789694023229
9780715326534
9788120314467
9788120346642
9788125018735
9788173712968
9789387472778
9780750303385
9788197189890
9780091929275
9789395761376
9788498620122
9780333926581
9788120334830
9788120345942
9788120351660
9788121904032
9788122440522
9788171321209
9788172111380
9788172331726
9788172702021
9788178557694
9788179930038
9788179930427
9789382396291
9789388019194
9789388019200
9789395101387
9788494463112
9788170999089
9789371600316
9781646912292
9781550713114
9783834641977
9788170742388
9789355263315
9780761344254
9788125006435
9788186030912
9788188237289
9789211013931
9780470371442
9781241024482
9781846250897
9781419552205
9788131713235
9788120334359
9788121509763
9788131215166
9788131803875
9788173910494
9788184048827
9788185444352
9789325298675
9789350287231
9789368349815
9789385593048
9781570624605
9781240919161
9781240922659
9781241234676
9781241490942
9788170992165
9788171171491
9788173917349
9788192445755
9789385593185
9781241600242
9788126512614
9780600629771
9780060440657
9788123929750
9788181894748
9789395624435
9788171320509
9789351199311
9789326191708
9789380607184
9780198076964
9781241156626
9781241201098
9781241490386
9781241501624
9781838281106
9781853757419
9780863113772
9788120340831
9788121909358
9788122428391
9788170233503
9788171565825
9788179930212
9788179933251
9788185094410
9789327239232
9789351443438
9789380550466
9789380550688
9789380864303
9789382460497
9789693502947
9781406822793
9781906210182
9788494059230
9789386446176
9788447219643
9788823021105
9780470850480
9788494930584
9788477524878
9786050827637
9788498426458
9783131461414
9788417720315
9788416613915
9788468303888
9789937826686
9788424178802
9788424178833
9789350254042
9781241494650
9789948390510
9788874392032
9781241327309
9781241529031
9781241703226
9781241768621
9780702006647
9789558156186
9781587789786
9781241104566
9781241420550
9780874477870
9780312500177
9781467908276
9781581826340
9781563633652
9788428397445
9780992765491
9781241760373
9781514385289
9781946633262
9781241160807
9781241550585
9781240907977
9781241478735
9781241693596
9781240873647
9781241493752
9788486387150
9781241032739
9781241043216
9781241139186
9781874400646
9789937267786
9780359159109
9788491020011
9788418093692
9780713676822
9781406204315
9788418975585
9788496082434
9781484244197
9788492528783
9780753510773
9788416613366
9788489552128
9788413790077
9780825424755
9780197750704
9788486083632
9780829745078
9781847302694
9788494847165
9780857423412
9788497941570
9788416690855
9783940417244
9788498886573
9788499304564
9781934941546
9788416286089
9780199298044
9788483539460
9780965791120
9781908213655
9780643051560
9783966240109
9788497478601
9781409943600
9781854143730
9781890181017
9788498523492
9788496987425