9789355382894
9789383496051
9789354659263
9788177228342
9789351199281
9781639575671
9788122315165
9789385980466
9789386179524
9789386561626
9788178557618
9788183203739
9788185053639
9789357463799
9789357463812
9788193356678
9789385980442
9789385980749
9789311128757
9788180140310
9789350041772
9788131205471
9789385980855
9789380619361
9798900546261
9788122301038
9789392598579
9789382127581
9789388211550
9788190284134
9788177211788
9781639741830
9781638328643
9789385980374
9789395533003
9789351471257
9798900077338
9789352135134
9789352032891
9788131909997
9788131901748
9789382711087
9788180567308
9789350141380
9789350144374
9789380644011
9789371649148
9789377061135
9788131226636
9789385915321
9788196751265
9788126507788
9789350040270
9789325983373
9788175248601
9789380644332
9788131926062
9789350234914
9788190659178
9789364684040
9788199261365
9788183558648
9789357467223
9789357464635
9789352135813
9789351104728
9788184975963
9788131918852
9788131927885
9788185170725
9789351197621
9789381162088
9789380156842
9788131931196
9798900070537
9788126127986
9798900892146
9789351103103
9789350481714
9788183990097
9788170842330
9788197259456
9789350147368
9781685095987
9789380183466
9788123721798
9788189975142
9788198898234
9788170217596
9789351197263
9788173172878
9789392756917
9788172761196
9789359665955
9788172762957
9788131938492
9788131906125
9789354885204
9788126505968
9788194959137
9788190843331
9788178127323
9788131905302
9789355015365
9789351472070
9788126550531
9788126537310
9788126548545
9781845576264
9788119058518
9781639975174
9788180549922
9789351212232
9788190375139
9789351864653
9789350947999
9788170219774
9789386009180
9789353435110
9788193698686
9789389152203
9781638323136
9788178125312
9789385509988
9789350239742
9788120338029
9789381695517
9789381505823
9789350238172
9788177223347
9789332539570
9789350231029
9788123911786
9789311126975
9789350949047
9789387672925
9788197072536
9789361038792
9789361032936
9781685542139
9788120347144
9789391832094
9788131915530
9788173667732
9789380473192
9789354773648
9789386054784
9788131918401
9789351100027
9789390223763
9789381496312
9789353502898
9789381293317
9789352036813
9789352036790
9789350944516
9788131528082
9789352036776
9789352036769
9798903924035
9788177097979
9788183424790
9789350480175
9788122416640
9789382618904
9789123977482
9789385966637
9788126511730
9781580408479
9788131916902
9789350239667
9781071604434
9788187967552
9789350042731
9789350040515
9789353949464
9788120347670
9788189497859
9788131809112
9788131809280
9788178551920
9788120349230
9788122421576
9789373593449
9788193895153
9789382609377
9788175371910
9781638328667
9788197657788
9788125918998
9788126509317
9788170521891
9788174091147
9788131910740
9788180140242
9789381496442
9789381398524
9788183332699
9788180142628
9798898791087
9781646501168
9788184044065
9788131911389
9788184044843
9789388182416
9781639205578
9781685236106
9789395101332
9789388182171
9789352031726
9789352511044
9789352036875
9789352031740
9789352031481
9789370609600
9788184046632
9789391067847
9789371646604
9789368536031
9788194685449
9789386070531
9788131505700
9788170298731
9789350620762
9789694962931
9788186098141
9781509712922
9788180562679
9789388850933
9788180562631
9788183286862
9789350040430
9788120757400
9789390521241
9788126505333
9789350040850
9789388425100
9788182964167
9788172210908
9788176811347
9789351472339
9789351472223
9789386383808
9781578268344
9789387984493
9781638322863
9788179916223
9781684875214
9788180549915
9788131905524
9788122421903
9788122315929
9788176710190
9788192773735
9789386418364
9789390508341
9788131928219
9788121918947
9789386224132
9789380200347
9789352740413
9788131808672
9788131805480
9788120351974
9789352740222
9788123922959
9788179681077
9788179681220
9788179681091
9781638730002
9788123763644
9789350140277
9789351190929
9788192153476
9788184048957
9788122202212
9788126550500
9788131905531
9789393853776
9798902076025
9788131900710
9788122204230
9789386070265
9788170822431
9781685233099
9798898798178
9788193784525
9789351471912
9789394168411
9789356811867
9789356811959
9789350944608
9789351449621
9789383643776
9788195079315
9788173157431
9789358472424
9788120349810
9789351448440
9789357462204
9789351445258
9788172764296
9789380200231
9789352137510
9789351866190
9788194726814
9781638862314
9798897779789
9788180561573
9789350234556
9788173158933
9788186308912
9788131902974
9788131918418
9788183552462
9788197852213
9789351449836
9788180560538
9788170211198
9789351446460
9788100001585
9788131905142
9788188322138
9788131923863
9788131924334
9788131914946
9788170216223
9788184048780
9789350046753
9788170213741
9788192153445
9789351107279
9789383110674
9789347273506
9798891869448
9789386832993
9788184045819
9788122202335
9788199115729
9788170521839
9788121206464
9789380186849
9781638731016
9788175054806
9788187479000
9788122301175
9788189975159
9788131901755
9789383691739
9789352665693
9788180561832
9788180561498
9788180561504
9788180561535
9789351103813
9788122204216
9788180141812
9788178556840
9789394076358
9788192476070
9789383111633
9788131999110
9788180561320
9788192084091
9788180565458
9788180564697
9788170215554
9788184977943
9788122316001
9788120323896
9788195398287
9781638867852
9789387840126
9789387672871
9788177394443
9781638867432
9798901763223
9788178129747
9789380186634
9789350236116
9789381505991
9789389048742
9788192339733
9788123917399
9789388425063
9789311126715
9788120784437
9788190723305
9789350140642
9789381068397
9789332552456
9789389009002
9788120324145
9788189221621
9789352136735
9788131905654
9788182092341
9789332555174
9788131505809
9780070669260
9788176371346
9789380027074
9789389048766
9788194868835
9789350487907
9788184047349
9789350146736
9789348203458
9789352137763
9789350235065
9789380186887
9781572842847
9789380183558
9789350485392
9788187415282
9780190137076
9780190137106
9789354970788
9788186050903
9789380186870
9788176811620
9789353521189
9789351287117
9789386850881
9788131002681
9789350146217
9789367254646
9788173156793
9781637749586
9788184620313
9788188082681
9788173660610
9789332536005
9798889755784
9798900233949
9781068884528
9789380619392
9788170213840
9781529936476
9781685633714
9789355511867
9789355515414
9789389867701
9788197361494
9789395287654
9789366114613
9780894440083
9788131902509
9789384544034
9788119355938
9781639208340
9788185217307
9798900540917
9789381431252
9788120344686
9789387590137
9789351471004
9788177392371
9788122433722
9788120334038
9788193440070
9789361039751
9788119367320
9788192134598
9788120345485
9788125950363
9788125923442
9788120335059
9789380823218
9789352136216
9789350239711
9789352131037
9789351109143
9788172160692
9798181282681
9788172161859
9789394630239
9789380016115
9788180562228
9788170219828
9788131964156
9788131903650
9798901760147
9788123917313
9789382609001
9789386070555
9788122200829
9788180560415
9789351869535
9789311125251
9788180562341
9788126548767
9788126542444
9788120334564
9788126541768
9789357460361
9788120346901
9788120347175
9789350045954
9789350041574
9789356520202
9788131927731
9788122313956
9789350235201
9788192009049
9788183331388
9789353944377
9788131900970
9789349365513
9788126312771
9788181478528
9781684941674
9789387444294
9798898543860
9789388818445
9788122449884
9789351447979
9789387320673
9788122416343
9788131923368
9789351762676
9788126562329
9788196218423
9788184681833
9788194937142
9788170216322
9788173719356
9788120792456
9789381398791
9789393853790
9789367253175
9789355733702
9789386347060
9798895417850
9788126521234
9788184044201
9789361032912
9788186308578
9789382291459
9788122413656
9789351449799
9789351449782
9789351449768
9789385875977
9789351442592
9789386070210
9788122432244
9789350940242
9789350940259
9789311126135
9789311126142
9789388305860
9789386070562
9788184040357
9780071068031
9788186773864
9788177221954
9789381075647
9789390937523
9788184040234
9789390767564
9788123791395
9781639049677
9788184046113
9789350040140
9789351065692
9781639400386
9788180565700
9788120342682
9788131901052
9789367136416
9789367137413
9789390394135
9789332556911
9789389588880
9789332581296
9789353940669
9789367136768
9789332550087
9789386070593
9781933804194
9788184877113
9788123914565
9788170213499
9789381458419
9789383635894
9788184974706
9788193560129
9788183990868
9781781750117
9789352512348
9789383233670
9788131900833
9788170555476
9788184048070
9788193073599
9788173664397
9788182964686
9788120775268
9788190551953
9788120731417
9788192549712
9788131909171
9788131930939
9788173159466
9788171820368
9788194134633
9788181280732
9788181914637
9781645467038
9788132209621
9788183551069
9788183553353
9788126512065
9788126538287
9788126510580
9788126539147
9788126540181
9788126546558
9788120333932
9789350041338
9788126541683
9788186308769
9789380618876
9788184043723
9788195864102
9788131704370
9789351194132
9781638861454
9788131001165
9789376319381
9788131903704
9781648052699
9789350147375
9788184410365
9789353501525
9789386309297
9788185749389
9789387590335
9789350716229
9788192009063
9788186308981
9788193334959
9789356810174
9789356181229
9788189973704
9798183821093
9788184042962
9788119625581
9789393726148
9789361038068
9789361030222
9789361036866
9789361039737
9789361038884
9789361039058
9788170822417
9788185680255
9788189140205
9781639208074
9789325992252
9789350141793
9789380027005
9789380027326
9789350140949
9789350140765
9789350141182
9789350147481
9789350140833
9789350141946
9788189757595
9789380027586
9789350147498
9789380027371
9789350146033
9789350145333
9789350144862
9789350143063
9789350143162
9789350145722
9788188458868
9789350146187
9789350144077
9789350145449
9788189757663
9789350143216
9789350145203
9788189757649
9789350140260
9789350141069
9789350145890
9789350141458
9789350145937
9789350147146
9789350145975
9789350145036
9788189757656
9789350143070
9789350140772
9781933804316
9789350233894
9788126560448
9788184046144
9788190733311
9788196358907
9789350146484
9789383992324
9789383992065
9789383992003
9789383992300
9789350146446
9789383992447
9789383992188
9788178126296
9789392837227
9789392837210
9789356811508
9788100000977
9789358479096
9788173668760
9789351864738
9789348957863
9788191019568
9788178557069
9788131900314
9788181430861
9788177223804
9788176812047
9789358778441
9789380828237
9789380828220
9789389538939
9789385724299
9798886845075
9789380108636
9789380108605
9789352532094
9788178125329
9788173669835
9789358860108
9789386310446
9789385923289
9789350041024
9788131230688
9788119058549
9789387242074
9789385932533
9789350236901
9789391706012
9789354770555
9788193427651
9788170086109
9788184047448
9788183557207
9781685380021
9789352512300
9789387590038
9789383496037
9788131946305
9789386070623
9788176812368
9789384344368
9788194932826
9788195875733
9788197187254
9789358473803
9798901121351
9798899848124
9789380206844
9789364266499
9788193893241
9789367255193
9789361030031
9788122434125
9780074637890
9788176565431
9780190134242
9788123916590
9789390767120
9788131907405
9788192597904
9788196751296
9788131903674
9789359668161
9798889272526
9798899844249
9788182757455
9788184621600
9788170595632
9788170822028
9788122202274
9798900231051
9789361312120
9788123715841
9781644290767
9789388850438
9788126542864
9788120767270
9788131949313
9788126531035
9788183713146
9789386036803
9789388302098
9789357600446
9788131950975
9789392536083
9780511558856
9788705893844
9788170211419
9789377706272
9788131514764
9788194293309
9788172234300
9780074601426
9789380494234
9789696697572
9788172765057
9788131901670
9789350002117
9784420684200
9798901124598
9788181433015
9788131903643
9789814380430
9789377065553
9788120342248
9788170219705
9789387604827
9788126504664
9788131909256
9788178001791
9789348203274
9788120345515
9780199494583
9788119510504
9789373101293
9788195428106
9789351101345
9788170216919
9788184048681
9788131903636
9788193788509
9789387282223
9789359665405
9789350482926
9780142181454
9789351103523
9798901126387
9788177228311
9788177228915
9788126513901
9788126521623
9789350484043
9789348048363
9788131517376
9789383992140
9789383635207
9789394200456
9798901123072
9788122205046
9781685633011
9789350040867
9789351198765
9788177228953
9788126512218
9788126513208
9788126516650
9788126575312
9788126522217
9788126505630
9789389520385
9788126558698
9789354641268
9788126541645
9788120341197
9788120341203
9788120341166
9788184048339
9789351102502
9789350040690
9788120342675
9788120335011
9788195654284
9789350040874
9788126527274
9788131805565
9781637140963
9789381431504
9784863470071
9788194080558
9789388508711
9788183488068
9788188600809
9789386092953
9789388159128
9789385721267
9788170841142
9788173861130
9789358775891
9788185053134
9788189485511
9789384753252
9788194780847
9788170604822
9789383111725
9789385243912
9788180566752
9788131901984
9788173664380
9789381431740
9788177229042
978813z1805725
9788131806296
9788175251762
9788131905623
9789350143827
9789350145715
9789350141229
9788185749785
9789350141908
9789350142325
9789350144404
9788131909270
9798899619809
979890319093