9783031133329
9780822520450
9788184886696
9781295791576
9780230331983
9780007299812
9780778709121
9788171797509
9780833047472
9781883584740
9781891785108
9788172332556
9788172332938
9788172333607
9788178817545
9788180900297
9788182205437
9788182209985
9788183211956
9788187586043
9789384082420
9789384092801
9789384649210
9789384866037
9789505577613
9789698373030
9781543997330
9781444176681
9788173912078
9788192713236
9781552100059
9781934169674
9783866590458
9780756542184
9789386006042
9788170557234
9788179061268
9788185809717
9789350481202
9781537577487
9788171325450
9788120721029
9788189129064
9788126552696
9788184450422
9788877744760
9789350291566
9781626865983
9780070161887
9780471686156
9781441197542
9781558007611
9789392242847
9798288530180
9798326443984
9798867296018
9780789722249
9788175225251
9788184041583
9789362754202
9798232505783
9798232588434
9788172110741
9788195198948
9789388266710
9798876488077
9789394991248
9788177561944
9789353030162
9788123922676
9788195157594
9789394991200
9789394991507
9789394991514
9780071419383
9780071141321
9780486825090
9780721675817
9789707183506
9781847490971
9781584888208
9789384866082
9788183212366
9781947491854
9781985637900
9781985638983
9781985711037
9781986016872
9781986111812
9782019476564
9783662612750
9789312148327
9780194557122
9788170337126
9780323033923
9788170893585
9798289838254
9798315891390
9788172293383
9798241205384
9788194920977
9789352875405
9788185860220
9789384319601
9789351439400
9781903450697
9781886289246
9788126162321
9789350846124
9781390448801
9781444132519
9788186184134
9788860534880
9780615148458
9781923432055
9781962896795
9780199485505
9780307357366
9781616988005
9781923570979
9781923593237
9788123721095
9781405318624
9788171170517
9788170445289
9780070482869
9783368059873
9783368272906
9783368813888
9783382022129
9783382133467
9783382189549
9783382504069
9788131227145
9789352036615
9788131415344
9788170893332
9789814610148
9781505346527
9781505705461
9781505902242
9781508773283
9781511550499
9781511553254
9781511665353
9781511712101
9781511712361
9781511757201
9781511766142
9781511869164
9781511880053
9781511997812
9781512122220
9781512122299
9781512125337
9781512201178
9781512229073
9781512255973
9781514163986
9781515010975
9781515049814
9781515051053
9781519747785
9781522871460
9781899791644
9788187393252
9788869330452
9780486415246
9789390616640
9781527757950
9788192386096
9781413741544
9788184201208
9788184201956
9788410501362
9788788415278
9788842083993
9781413020823
9789381385012
9789381385081
9789381385104
9789381385128
9789381385609
9789392135422
9780948230431
9788120350496
9788171323050
9788184834130
9788187036142
9789350728178
9789352681686
9789380637013
9798266588646
9798287040710
9798304253635
9798307786567
9798325997457
9798326254207
9798709889637
9781514315514
9788176930352
9780198363699
9780803992962
9788176461405
9788478713691
9789360095734
9798288732812
9798338768983
9798862959949
9798865110507
9781983788444
9788131602461
9789350290057
9789392064043
9789715504065
9780230705494
9780230745896
9780333902530
9788187067139
9781429093255
9788173713811
9788197519086
9788436269994
9780762105687
9788126421954
9789387648111
9781543346442
9782090380835
9788195830473
9780754093732
9781948260596
9788415115618
9780138197803
9781842056707
9789381385975
9781850322566
9788184732825
9780789335708
9789382835424
9780762448678
9781534620087
9781451612363
9788126507474
9788172236021
9788176259217
9788122419191
9780631139423
9781904315377
9780723415046
9788178671444
9789350904466
9783861876700
9789350200285
9780761992387
9782711625574
9788176044356
9780433045106
9780714538587
9781540842534
9780143450184
9781390074857
9781545326442
9788181900050
9789390912193
9780316544207
9780070608214
9780781753678
9788172731755
9788868924386
9781934648391
9781623236212
9781507803172
9781508480358
9781508716945
9781511465533
9781511536981
9781511781466
9781511829342
9781511833875
9781511868396
9781512013412
9781512021646
9781512069211
9781512073713
9781512085792
9781512092806
9781512122114
9781512129809
9781512129885
9781512150056
9781512170238
9781512179965
9781512195477
9781512201468
9781512203684
9781512204025
9781512228588
9781512318043
9781514323908
9781514607497
9781514609255
9781514635391
9781514872673
9781514889435
9781519549402
9781519572356
9781519772350
9781522957003
9781522958109
9781523213320
9781523213474
9780593420607
9788126563913
9788186809136
9798903301645
9780754817536
9789332505742
9789380677729
9781879639317
9780198481065
9780863111303
9781107539280
9781646870165
9781718505247
9781787400726
9781804440735
9789380143699
9788497636643
9788497637497
9781472640758
9788121937641
9788126515936
9788889092866
9781408240908
9780890372258
9781944556136
9780070618480
9798233500428
9788121105583
9788195747542
9798230587453
9798232135805
9798232417420
9798232644956
9798232927172
9798233944499
9788123929491
9788497941327
9780395376959
9781275132139
9782810623440
9788131761724
9781455808830
9788875416034
9788171110629
9789392242908
9780935047431
9788177211177
9788180549946
9789358777352
9781511669597
9781511699020
9781511833998
9781511882330
9781511932592
9781512055832
9781512095470
9781512300260
9781514882276
9781519747587
9780439697378
9780739051580
9781390510928
9788175244214
9789833894079
9789387457331
9780615592367
9780830645350
9788183331647
9788187496267
9780230015463
9780553493979
9781741210286
9789393738929
9780230010260
9780332106212
9780804843751
9781783120703
9788126940387
9789394168305
9781841134154
9783836500906
9788899848064
9788126911059
9780016758119
9780979875229
9788181580481
9789362738516
9789393577627
9789390513963
9781403400185
9781432933258
9788130848167
9781785787690
9780764500312
9788126513932
9789384866198
9789385114571
9781562947958
9780007467600
9781447287070
9781645701712
9788184489439
9788194604082
9789383286690
9798235765078
9781441175762
9780131112117
9780945819202
9781905339099
9788126905249
9789353062262
9789385114014
9780132313742
9789384410179
9780141047072
9780444510341
9789380704401
9788182091108
9789380152325
9788131206850
9789386416995
9781390368949
9781620400548
9780099472261
9781094723884
9781991458094
9788197171499
9789899829855
9798296121158
9798300867621
9798329133790
9781901677959
9780199474783
9788123915074
9788184732009
9788897730149
9780366350957
9781730128301
9788122427707
9783199895954
9798233916502
9789386698902
9780462008264
9780462008271
9788131805275
9789381385142
9788123900193
9788123913865
9780330483674
9788176211611
9789389686838
9780717125302
9788174461964
9781572492752
9788176295314
9789350833100
9780557341221
9789380839080
9780074624814
9780331854398
9788126532452
9788126561872
9789382885566
9789387226111
9789387226128
9789387226135
9789388983266
9789390078301
9789394364097
9798873221684
9781842654453
9788177420661
9788581480480
9798266926516
9788123904092
9781416026594
9781565939240
9788185860824
9781566568951
9780747577164
9780868243528
9788126528776
9788130930329
9788132107422
9788182748040
9788184893304
9788185320137
9788186623084
9788186623954
9789350621714
9789352601820
9789364405799
9789364407922
9789387153981
9788180301421
9788190914321
9788182060883
9781848300477
9788126424306
9780333929865
9780859791625
9781848314566
9789350870426
9788120718159
9788186361580
9781740596688
9788184451009
9789357122955
9789351611295
9788120322189
9780521725712
9789385444746
9780521674829
9789388378734
9781843321620
9788129111180
9781586101350
9788186361047
9780743230124
9788494463112
9780070588295
9788121102421
9788182930704
9788193218051
9798232967406
9798266617766
9798283543185
9798291660874
9798314906910
9798324267681
9798345187678
9798864596463
9781844485659
9788174370334
9788175344297
9781682970324
9781508465553
9781511666817
9781511670227
9781511799270
9781511840613
9781511855518
9781511908061
9781511945165
9781512027068
9781512027198
9781512083934
9781512165937
9781512166170
9781514398029
9788184080834
9788478087488
9782700507157
9780070966437
9780761418856
9788131424247
9789385000980
9788186361405
9789250068411
9780949398345
9789358404333
9789388875097
9789395951289
9788121105019
9788170162339
9788186321744
9780070483606
9781274130648
9781512337457
9780074623299
9788176486057
9788123904689
9788955856262
9781277950403
9789707187139
9780241740644
9781857152043
9788120314740
9788174532954
9789358770285
9789358775402
9789360620875
9789367505984
9789388159654
9789393393876
9781487812652
9781845204242
9789381957707
9789381113578
9789384410247
9789392135972
9781547230785
9788126702961
9789350271360
9789380388762
9780074638132
9781107606494
9780132353991
9789380200033
9789382299813
9788190118149
9781107606500
9781417781201
9789380501970
9780131462342
9780198545842
9780632058648
9780632058655
9781429012157
9781505859386
9781508487418
9781508652878
9781508703396
9781508709497
9781508709886
9781508777670
9781511414289
9781511653411
9781511670470
9781511687553
9781511746304
9781511758390
9781511781411
9781511833219
9781511875738
9781511890953
9781511917773
9781511929363
9781511930161
9781512007909
9781512032789
9781512033205
9781512095142
9781512164596
9781512174182
9781512222715
9781512231427
9781512233254
9781512264784
9781512339383
9781514121900
9781514275252
9781514313299
9781514313404
9781514313459
9781514338308
9781514612965
9781514888773
9781519610652
9781519772725
9781519772824
9781522961345
9781522969778
9788124604700
9780721696904
9788120713048
9788122432763
9789364405478
9789395161336
9789839154085
9798243232197
9781527751569
9788125951575
9788184201901
9788184203738
9788184203813
9781591864165
9781591864226
9789351864813
9780008316433
9781578268016
9780785826170
9788170206903
9781316612187
9781528594769
9781849310734
9782855391380
9781781485088
9781845710514
9788170892670
9788125951964
9788130913520
9788177562743
9788193399408
9789353285630
9788172340230
9788131408599
9789918629961
9781390593273
9788176298971
9780199695201
9780431192048
9780785717225
9788120325166
9788120724655
9788170999379
9788174465580
9789382609773
9789387192423
9781555252168
9798287069575
9781844566372
9788126100699
9788178240169
9788173918605
9788181373618
9788183241786
9789575744779
9788172333751
9789384139292
9781907519864
9781957262901
9789036825108
9788170462910
9781428061309
9788179652657
9788172155674
9788177561609
9781404277144
9789350726358
9780070963580
9780340953242
9789353690441
9781900364720
9788178884486
9780192736789
9788123926063
9781592219452
9781477714195
9781616686895
9788190738521
9780070083240
9780266033332
9788120403437
9788126551200
9789995279066
9789995279844
9788126930340
9780619073152
9780812108439
9788171170623
9789380096872
9781846841941
9788125942603
9788131905326
9788131919286
9788131919316
9788170640790
9788188466573
9788189859268
9789350717523
9789350940006
9789351105671
9789385914720
9789386418920
9789386850584
9789388537681
9781287716686
9788131717004
9788131724040
9788181890481
9789390187904
9798332873072
9788888302690
9781538063200
9789280806366
9789382314479
9781533341624
9781533358684
9788171797547
9788496627277
9789381867495
9789395522373
9798326682857
9798668463480
9780428143046
9783758411052
9788176257022
9789360327125
9789388313896
9789393511942
9780074638941
9783906927749
9788131206553
9789357430869
9788131413982
9789385444302
9789385989971
9788122506730
9789385914737
9789387532359
9788170891079
9788181283566
9780333921913
9781921700439
9780781749183
9781390439755
9781507638965
9781511672474
9781512090161
9781514393598
9781514610664
9781515033554
9789394913431
9783965150102
9788174369406
9788184485509
9788189988029
9788897730439
9781527933446
9781552101025
9789312146941
9788175156579
9788183820974
9789355423146
9789380704029
9788170669982
9788172151799
9788177564488
9788872267257
9789382258100
9789382459590
9789385914744
9789388905930
9798891710726
9781605125268
9781605125312
9780521185479
9781537700847
9788897479024
9789364406482
9780415627078
9788126505937
9788171798650
9788184201970
9788776749330
9789383290307
9781843224921
9789354259685
9789365210972
9789381189269
9789392549649
9789394407534
9789363860292
9789382127697
9781890761080
9781403990693
9789354642210
9788172734534
9788178556048
9788180612060
9788187925934
9788466616096
9789325963924
9789386379139
9789386500526
9789389009118
9789390875238
9789391797058
9788176252416
9783826333774
9788175942028
9788195669028
9789027704429
9780070702752
9780471916567
9781442610569
9788187853350
9788187853534
9781212341235
9781794657038
9788190893589
9788192187587
9798878585286
9798879879995
9789350353967
9780896082670
9798235361775
9780266023869
9780932855268
9788131214077
9788181374790
9789385914775
9780735709751
9788190710435
9788495020819
9788189944186
9789694071183
9781512362275
9798230830436
9798232218553
9798232291235
9798232322243
9798232522704
9798232538743
9798232580896
9798232776756
9798232819293
9798232866228
9798232968526
9798233076602
9798233259708
9798233610455
9798233716058
9798233868436
9798233873829
9798233924965
9798261770640
9798268937398
9798277772935
9781390434620
9798235135994
9780613359016
9789381063590
9786074372830
9788131408728
9789392194085
9789392242151
9789681633486
9780613672405
9781032768557
9788863422320
9780230224933
9788174534729
9788185396392
9788186219775
9788186852057
9788193095454
9788193324370
9788193324394
9789350716236
9789352135974
9789356182370
9789380601854
9789381626467
9789382127017
9789384566036
9789386202147
9789386561749
9789386754097
9781448852468
9781448852505
9788177565775
9788887243611
9789387457294
9780340733714
9789353674441
9781527711051
9789350497630
9789382484820
9780702171819
9788173663611
9788893911122
9788172156541
9789353229092
9781572731370
9781078713061
9798665238456
9788131208533
9789681685737
9780521279925
9789380176154
9780195695809
9780070473546
9780070535091
9780266771722
9788198660305
9789350090190
9789381177020
9789812355300
9788126111824
9781420926842
9788120313095
9788192990101
9780266810827
9780364740729
9781390542622
9781614270973
9788177543056
9788188811359
9789368086673
9788194345671
9780282616243
9781390380460
9781850328810
9788172540555
9789386561855
9780399134449
9780195614961
9789384826864
9789927118173
9789927118180
9789358547238
9781581771404
9781634241489
9781771831147
9781771831901
9781942483625
9780898435405
9788181467874
9788183331272
9789355423085
9789380014562
9789812041975
9788175154926
9789357609463
9789354389368
9780198464525
9780674247550
9781390417890
9788984860858
9798314147580
9798326198440
9798326343192
9798326428691
9798333897824
9798866561636
9780999629741
9781935021797
9788868321024
9789380422602
9789352137602
9789381162613
9789381505960
9789386585622
9789388642873
9789390875016
9780548687307
9782908322156
9781292417721
9781850702405
9788190524957
9789350253649
9789351421474
9789383026302
9780070608221
9780074631782
9788184044140
9788184355857
9789350239353
9780194671637
9780194671699
9780428153229
9781447173618
9788410247147
9789387994300
9788176461450
9788181373106
9788187055044
9789386500328
9789386500342
9788899612481
9780072828498
9789583018237
9780451531285
9789386896674
9780260617224
9788174936943
9789391736729
9789681633202
9788125905912
9789354517501
9781508738145
9781511549677
9781511899628
9781511929196
9781512162417
9781530862528
9780230529281
9781502744272
9781505860603
9781507572542
9781507605684
9781507636794
9781507772126
9781507844274
9781508509653
9781508710257
9781508868248
9781511652476
9781511653367
9781511653770
9781511664677
9781511665278
9781511708005
9781511799126
9781511833677
9781511892131
9781511916929
9781511919234
9781511929455
9781511931106
9781511945554
9781512001754
9781512054828
9781512071641
9781512078114
9781512142280
9781512142938
9781512147452
9781512147780
9781512179422
9781512181708
9781512232646
9781512299724
9781512302974
9781512339192
9781512352665
9781514141038
9781514368176
9781514379707
9781514889985
9781514894095
9781515035275
9781519772909
9781519773012
9788131217139
9789385077227
9780070531536
9780074635148
9780702210112
9788181913814
9788181913890
9780260955883
9780265040591
9788171171330
9780397550289
9789332855175
9798873734405
9781390415827
9780521479523
9781162186849
9788125027072
9788172297091
9788191001303
9781422215555
9788192685298
9781718502086
9798231145706
9798231732852
9798233848865
9798233899188
9788179931820
9780006154822
9788126139576
9781316623862
9788188808618
9789325976139
9789385401626
9781506709451
9781506714332
9788170996958
9788171324286
9788173913495
9788176565776
9788184200621
9789389546477
9789354248412
9780282833602
9788175738010
9788175738812
9781500503970
9781514175163
9781530705474
9781897829165
9788126911462
9780099819400
9780723607793
9780852741306
9781572327115
9789383097135
9781286757543
9788876980695
9789352607860
9789386824974
9782711605026
9788122430837
9788126567898
9788170210405
9788170500643
9788175300286
9788186623763
9789355423238
9798215529690
9798232453749
9788180304781
9789389564990
9789814107136
9781406314380
9781843324027
9789385924514
9781957302409
9789382314097
9789386896247
9780230408548
9788120806795
9788184870565
9780131888104
9780307945983
9781416026877
9788131526194
9788177569032
9788183601030
9788184290400
9788192990163
9780230527263
9781489637291
9781847491206
9781904902188
9781977253910
9789355423771
9789390647880
9780521439824
9788131020814
9788175738515
9788175738621
9789388293532
9780333938010
9788177394382
9789351443261
9789351449256
9789351449287
9789390875511
9780850331547
9781527738102
9788497636711
9788437628899
9780197501023
9780074516201
9780195687675
9788172163327
9788182747234
9788184896459
9788189640576
9788189866600
9788193095768
9788196319168
9789355436948
9789380297576
9789380607320
9789385621499
9789386105240
9789390923922
9789391297206
9789393393838
9798232901684
9781572315914
9781563127830
9788175102279
9788184121759
9780074638491
9780074638880
9780143104179
9781405077033
9783864074288
9788184000429
9780753804421
9788876954665
9789352270361
9781906659486
9780851779232
9798248613380
9788131524510
9788176464628
9780752875569
9788178665139
9789352705139
9788170664413
9780316861939
9788831451079
9789812746313
9798247178446
9781541073296
9788177642742
9798227848536
9788121923316
9788187733751
9789332523753
9789351102342
9789351191490
9789385497490
9789386379696
9789388563727
9780826478566
9783848781669
9789351343561
9780521014311
9788170662655
9788171886821
9789382006848
9780130962775
9781398864757
9783929108668
9788172299224
9788183579612
9788199107502
9788199824270
9789332534971
9789334090369
9789358773309
9789363584747
9789370028890
9789382359531
9789812040466
9798895410233
9788184201413
9789388725637
9780515078978
9780074621479
9788120347762
9780333283424
9780340847329
9781923525207
9780713689761
9781408110768
9788184890099
9788873993520
9789786945378
9788183712712
9788187347002
9788189093808
9789393885746
9788176256636
9788181903594
9781506021096
9781511712804
9781511886628
9781512168938
9781515057505
9781530982745
9781848102552
9788130913964
9788177562101
9781622600786
9781622601042
9781622602179
9780074601396
9780201884531
9780702026942
9788120408074
9788125044192
9788174467911
9788174468192
9788178330686
9788184048438
9788184486612
9788184896282
9788187447603
9789355428356
9789356521049
9789382127383
9789389389951
9789394499683
9789559044468
9789694250816
9798891842472
9781537485386
9788189526085
9780340826652
9788186569153
9789382299493
9780857330109
9781851034734
9781967230037
9789386320339
9788170335047
9788184354676
9788194975816
9789386110442
9789389048025
9789389633351
9781517668846
9789370601369
9780571277414
9781478375524
9781479233472
9781491046999
9781621274575
9780143102458
9781035823116
9781844762552
9789388005432
9788862200158
9788869108440
9789382192336
9780139786020
9788122004212
9789349728165
9789384323059
9789394829756
9781742857305
9788126904358
9788131416716
9788178880938
9788180614033
9788189901332
9781844256327
9783472099062
9788121929592
9789580494041
9789353166052
9789356187542
9780531187074
9781259097119
9781494381318
9781502505927
9781502885555
9781503305755
9781505587265
9781505705607
9781505855418
9781505856187
9781505902068
9781506148205
9781506148465
9788483108253
9780709951254
9789351444947
9781405879132
9780571247578
9781942367024
9789681679835
9788123914664
9789352315376
9789385593994
9789381162552
9789383182015
9789388902977
9788126938674
9780836854497
9788123701257
9788171170258
9788171171095
9789389928259
9788131703908
9798235376380
9780349412207
9780198464877
9780070585379
9780193402676
9788183761451
9788189473662
9789572041246
9780198834878
9781424011599
9788176258050
9781848313453
9788172112417
9788174531780
9788181760135
9788183780209
9788185396217
9789356180000
9789390875269
9798186270041
9781857039184
9780778737483
9780740722486
9788199755956
9788193975565
9789359136912
9780989131858
9780545981712
9788126567881
9798270650797
9798273484344
9798291990858
9798305783483
9798306097800
9798319108845
9798323098187
9798326914057
9798327822146
9798224415861
9798224880546
9798232186555
9798233121845
9798233241185
9798233455230
9798233805660
9798233885006
9780073341118
9781484926963
9781542300056
9788126114788
9788131807767
9789176372937
9789649045832
9798581892855
9798311744409
9798334105362
9798397067041
9781494488161
9781495446511
9781684944200
9789583024658
9780521498302
9781405879439
9788131704516
9788195932733
9788131518069
9788173913259
9788176498845
9780198536222
9781494215668
9781507572467
9781507651292
9781507651469
9781507664223
9781507664605
9781507664773
9781507665206
9781507665480
9781507666463
9781507860489
9781508442295
9781508464204
9781508466451
9781508480112
9781508482550
9781508487357
9781508489832
9781508497196
9781508509462
9781508547686
9781508638711
9781508638803
9781508638988
9781508639169
9781508639602
9781508650560
9781508652618
9781508653608
9781508685128
9781508685159
9781508685432
9781508693543
9781508693666
9781508710318
9781508710752
9781508716839
9781508725886
9781508725923
9781508735885
9781508736004
9781508736578
9781508737117
9781508737759
9781508738213
9781508738510
9781508738855
9781508741350
9781508741473
9781508743033
9781508774808
9781511411844
9781511414449
9781511437059
9781511450515
9781511464796
9781511482868
9781511483438
9781511486620
9781511486941
9781511487078
9781511520553
9781511520584
9781511521437
9781511551427
9781511553759
9781511652070
9781511652704
9781511672894
9781511678070
9781511678162
9781511684354
9781511684491
9781511684835
9781511690027
9781511711753
9781511716239
9781511723046
9781511723596
9781511730549
9781511744683
9781511745994
9781511746069
9781511746083
9781511746106
9781511746410
9781511746694
9781511747257
9781511747813
9781511747998
9781511754835
9781511758697
9781511781343
9781511805575
9781511806954
9781511820585
9781511849012
9781511853811
9781511856867
9781511868693
9781511869669
9781511870320
9781511876414
9781511883832
9781511891103
9781511918718
9781511928830
9781511931311
9781511931359
9781511932929
9781511933032
9781511934466
9781511949491
9781511998499
9781512007022
9781512007466
9781512010985
9781512011135
9781512011418
9781512012255
9781512012422
9781512012767
9781512013214
9781512013542
9781512015522
9781512016222
9781512016321
9781512016406
9781512017441
9781512024807
9781512025392
9781512025767
9781512025897
9781512033137
9781512062991
9781512071283
9781512077902
9781512077988
9781512087703
9781512089769
9781512092141
9781512092615
9781512092707
9781512121964
9781512142549
9781512143560
9781512146660
9781512147728
9781512148138
9781512163216
9781512168495
9781512170016
9781512200300
9781512205947
9781512206647
9781512222494
9781512225686
9781512226232
9781512226584
9781512227895
9781512227994
9781512239294
9781512257847
9781512267549
9781512291360
9781512291841
9781512298031
9781512304398
9781512306880
9781512314359
9781512331745
9781512348378
9781512348453
9781512349290
9781512350807
9781514103067
9781514110331
9781514118986
9781514120941
9781514121474
9781514160329
9781514164693
9781514178638
9781514229477
9781514239681
9781514280591
9781514281253
9781514308035
9781514308172
9781514313480
9781514338254
9781514383506
9781514399248
9781514609422
9781514610992
9781514764046
9781514764787
9781514764923
9781514775608
9781514893777
9781515020943
9781515033622
9781515033851
9781515043102
9781515044222
9781515048190
9781515055648
9781519390073
9781519392237
9781519395887
9781519539335
9781522707646
9781522708421
9781522820543
9781522841753
9781522968795
9781522976851
9781523201280
9781523209217
9781523219575
9781523219926
9781523220441
9781523220595
9781523224593
9781523225071
9788184291230
9788188661565
9789371236652
9789391065430
9788170510697
9788185151748
9780367487706
9781845234621
9781911027034
9798884850637
9788177080414
9789350872871
9781847496720
9788170218326
9780864736451
9781564963383
9788121510387
9788170164395
9788172111731
9788172331764
9788172333416
9788182207790
9788186762127
9788189161835
9789351100843
9789352134977
9789352836093
9789386603135
9789393498311
9789694071138
9789698551230
9781484278840
9788126941537
9788172154400
9780143468059
9780143470670
9780670088454
9780935112634
9788120727229
9789356403406
9780349146263
9798233384714
9780070677500
9798232002268
9798232662592
9798277731369
9780195656961
9783829027939
9788170351313
9788170351559
9788170351979
9788189547660
9789385504105
9789386189615
9789394027152
9789681634483
9780531211069
9788185026671
9789681686079
9780670088249
9798259368736
9789382074984
9789382484707
9789382484974
9788173917684
9788131774434
9788194027454
9788185693699
9788194920090
9780133784633
9780888544926
9788126941520
9788185867540
9788192496764
9788196185503
9789389693348
9789992194140
9789992194348
9781405104197
9781506018874
9781508502241
9781512063042
9781512063370
9781522764670
9781528509176
9788131771914
9788170510659
9788171101481
9788171171958
9788174462657
9788184451887
9788186030646
9788189473518
9789383649310
9780201438635
9780838425619
9789386668257
9789390187775
9780333902523
9781512350685
9788411941082
9781923570535
9781923570955
9788177569292
9789322221508
9780787947125
9781554731909
9788130926902
9788130932521
9788193095713
9788193175101
9788193425398
9789350021361
9789351194156
9789356182417
9789380601427
9789380601991
9789388005029
9789389236026
9798174732872
9788174534712
9788180563881
9788185396484
9789351199403
9781613423172
9788171799756
9780194003278
9780444013200
9782711626427
9781506084244
9788173915376
9780070583283
9780670885855
9780765807236
9781406372700
9781853962561
9788185944807
9798339592273
9798340753885
9798340765512
9784824109668
9788126137305
9788172113063
9788172113087
9788176565165
9788184355390
9789186782832
9789365578355
9789394168015
9789789820566
9798263772192
9781564968913
9781625880048
9781903855218
9788126938681
9788170948025
9780367475543
9781593891633
9788897815808
9798278893288
9780613374750
9780943610801
9788125042037
9798180686053
9788126440887
9780521674782
9780521674799
9780613675932
9781505553031
9781539043256
9781587671296
9781911390091
9789384319458
9788126140534
9788188479481
9780387915067
9788177290356
9788869163029
9789352607945
9789380014654
9789380014685
9788895650395
9780130426284
9789382120414
9780559070068
9789381505755
9789384042790
9789385722110
9789391029296
9789395101998
9780746061114
9780074600900
9788177560794
9781562430245
9780241852224
9780070965744
9780706908299
9781405873321
9788373950726
9789380444017
9780806961712
9781597713955
9780195664164
9780199151318
9788125907046
9788189836474
9788193012048
9798906064929
9780195665109
9780367239633
9780071182621
9789350249956
9780521696876
9781905740895
9788171170265
9781841157252
9789353165673
9781583400999
9780131268623
9781032934167
9789385839184
9780071072496
9780864738332
9780879422165
9788185495453
9789363644359
9789387791237
9789389310375
9780753460061
9788174345523
9781539775645
9788189530617
9789326193245
9780521674751
9780721481517
9788194939184
9789327191851
9789369149285
9789389962024
9780706412291
9788177240054
9789351860105
9788173912115
9788173916267
9780070669321
9781410301413
9788171789108
9788174469458
9788189795047
9789353127664
9780074517055
9788120046863
9788184245868
9788185578170
9788131763964
9788189582708
9789380191935
9788121908450
9788184355383
9788184355512
9789350237854
9789390973071
9788893330497
9781585677061
9781259862021
9788179933244
9789391793562
9788486115791
9788174464040
9788120301740
9789350350546
9780521152648
9788171800667
9789359037554
9780070447615
9788861480940
9789394792357
9788184047486
9780431137858
9781900715539
9781928232728
9788131522462
9789383026197
9798873619276
9780702081859
9781510459991
9788122437959
9788172330910
9788175300507
9788183246729
9788184350968
9788196319120
9789358770179
9789358774962
9789358777796
9789358778250
9789358779400
9789388159777
9789393393081
9789393393272
9789393393289
9789393393739
9789393393807
9789393393821
9788181287878
9780143464631
9780898126990
9781530849123
9788184200829
9789681660925
9780195698039
9780836877991
9781537592237
9781548663230
9780143068433
9780349014784
9788193342985
9798224153459
9798227617248
9798232004811
9798233139192
9798233165528
9798233195297
9798233257377
9798233339783
9798233355127
9798233466649
9798233475696
9798233494123
9798233713491
9798233828805
9781497638440
9781537752709
9780803963740
9781032218496
9781361730478
9781511760430
9781511786867
9781519429766
9781662967313
9783910776081
9789381325643
9798224394845
9798246711019
9798268650723
9798284877968
9788194968443
9788497771016
9788170217343
9788180404511
9788180569586
9788185843902
9788193975510
9789380502557
9789392549342
9788174532091
9781484193884
9788170209836
9788171885954
9788437623733
9781403931597
9798232346003
9780811477901
9788122006544
9780071481557
9780143031734
9780994033260
9788131759998
9788184048520
9789350715802
9789351448075
9781457613227
9789681669522
9781591126768
9788189986742
9780571276806
9781304646965
9788466623742
9780070263628
9780528942105
9780711996014
9780749428242
9780749449001
9780958034852
9781107056091
9781259004568
9788121500272
9788125037903
9788126320769
9788170892342
9788176292238
9788179506592
9788181931023
9788182745018
9788184350777
9788184353143
9788184894592
9788194043720
9780333917701
9780980296549
9781847247087
9781684050536
9798889100331
9781544047010
9798232900311
9798233014093
9798233136498
9798233199943
9798233402333
9781544601205
9789386008725
9788172291761
9788196150419
9789350299081
9789386516282
9780395665923
9781499733532
9781501152702
9781605125404
9781605125428
9781939437389
9788170992806
9788173711299
9788183242905
9788184881394
9780988050006
9781927136393
9788170999300
9781538080658
9788176292900
9789376311262
9781291853544
9788126027422
9780863110900
9781544127361
9788170210726
9788170218517
9788171209996
9788869441073
9789312147306
9781479179466
9781489607799
9781489619518
9789682325304
9781973809838
9782915512397
9798198483828
9781471769597
9780199631001
9780755464906
9781741217841
9781842733455
9781987963700
9789388899949
9788188808007
9789350719497
9789350719992
9789380601502
9789380707242
9789385497940
9789389368628
9789390875900
9798267973830
9798284348352
9798301730726
9798308008286
9798326395085
9798332888861
9798336065503
9798336424041
9781406309744
9780900599385
9781505860795
9789351247517
9780808563747
9780864739896
9781403433480
9788126536016
9788131903032
9788175050280
9788179931530
9788197321467
9789380164601
9780143416692
9781512300963
9781512362206
9781512364316
9781512366587
9781519735539
9781845570095
9788120723290
9788120724761
9788126420131
9788434313477
9788489897014
9781067624101
9788126309207
9788172112844
9788174141118
9788185242903
9789380761473
9781668974605
9781668974612
9780771576652
9781589510272
9788172234713
9788131907214
9788172290535
9788173171956
9788179506783
9788862882088
9789310004823
9789367259153
9789386070876
9780078817663
9780898626506
9781597640633
9781781540732
9781925579161
9780521468862
9788131012468
9788131733875
9788172452926
9788173192982
9788175090101
9781484252741
9788122413045
9788122433715
9781444103786
9788170554677
9788181464897
9789355012432
9780521674812
9789387506633
9788174830180
9788174830364
9789365574265
9789365575507
9798273466517
9798296758781
9788176294270
9788181984227
9789367259603
9789386664051
9780007702862
9780143466444
9781850006817
9781852303860
9788121919661
9788121920575
9788125031123
9788126933525
9788131931257
9788170086895
9788170216315
9788170590316
9788178234885
9789350716137
9781853754920
9788131759974
9788172454272
9788184080636
9788190688451
9781904919513
9781905716791
9789357052078
9789630573504
9788886408462
9788893912822
9780330348959
9788131732069
9798280545526
9798287577964
9798288610677
9798329676044
9798332034299
9798432403285
9798680034965
9780141183206
9780749846695
9780751313048
9781780095004
9788172450120
9788183242721
9788188739837
9780340924693
9781405126397
9781534824829
9781541358942
9789367254943
9780877798378
9781781168950
9788126563708
9788178091044
9788412330793
9780143455226
9788131012437
9788173916175
9788188452033
9788188452064
9788681954386
9788120726390
9788122314762
9788127226749
9788131803493
9788170088141
9788170217015
9788170311775
9788176934411
9788185102566
9789352610990
9789356810969
9789388632102
9781405878531
9781536878011
9788123924953
9798262459186
9788131939611
9798274958011
9781444138665
9781514878422
9780772658692
9788170286424
9780333923528
9781148445991
9781246087840
9788172334475
9780755400904
9781971071152
9788178690445
9788488242891
9788170284994
9788172454173
9788184827309
9789382088677
9780230533523
9788886083584
9798258596802
9780141022130
9780141022567
9780443070921
9788121614795
9788122427561
9788126310159
9788126555987
9788131800737
9788131801307
9788170088929
9788171170906
9788171171019
9788171171026
9788172113933
9788172290788
9788174463739
9788179915561
9788180564017
9788196162610
9789350128763
9780074633113
9780670082148
9788120307780
9788120339545
9788183711876
9788187173199
9789351522928
9780460871211
9780811209489
9788123915289
9788125008170
9788171678990
9788171820665
9788178061108
9788182746459
9788188575299
9789380051802
9780142003602
9781842702451
9780143416661
9781840724295
9788189491437
9789332421448
9780749416836
9781546477488
9788120321588
9788186982068
9789387257221
9781511974714
9781511979214
9789353858438
9780333909607
9788178062327
9780143427100
9781591742692
9781849154178
9788123908373
9780768904444
9788122308402
9788131902721
9788131902967
9788131908396
9788170086611
9788170553557
9788170554073
9788176931427
9788178836065
9788185119243
9789359957845
9789673091362
9798335019682
9780751534542
9781363710348
9789393128133
9798254362128
9780385903233
9798298964234
9780143417996
9780195688634
9781605490038
9788129110053
9788177665093
9788121998260
9788194940937
9788887319811
9781408809259
9788182091283
9788190204811
9789352161959
9789381212677
9788128641367
9789384447915
9781613779293
9781683960133
9788123915272
9780260207296
9788131908051
9781294878209
9788172290542
9788172293024
9788172296612
9788192554136
9789381430682
9789386410269
9789506414443
9780528859809
9789381991152
9789386223944
9781405252751
9788177397468
9788868361389
9781536611663
9781536633849
9781536645262
9781536696288
9781846102042
9788184875157
9789384081492
9788131761465
9788172341725
9788172343941
9788177588293
9788184680805
9788184779899
9789387779532
9789389053784
9789389717235
9789390391059
9780143440680
9780143440703
9781600106743
9788121618571
9789353491093
9789353491383
9789810775681
9789350300060
9789350255025
9798268856224
9780761933441
9788495787842
9780007286737
9780007288601
9780143428275
9780304354658
9781408330975
9781580133623
9781580134651
9781580135115
9788126941742
9788171675609
9788172450397
9788172867218
9788173100499
9788190899604
9789351720782
9789351865186
9789352102099
9780340847725
9780340849538
9780805094664
9780861314003
9781527934337
9781905710423
9788120806412
9788121937559
9788121938389
9788122315271
9788122405163
9788125047957
9788130904610
9788131800201
9788131908235
9788173815393
9788176493192
9788176495806
9788176496544
9788176496681
9788176760140
9788179502655
9788179913109
9788179913598
9788180560378
9788180561375
9788182880405
9788183618366
9788185952413
9788186004111
9789350181683
9789380349879
9789380444444
9789385609923
9788408089162
9781734974423
9788123921938
9788177696295
9798227430793
9798233742835
9798271955907
9798278388289
9789332515390
9781585181537
9788126314607
9788126314621
9788126559534
9788126561865
9788126598472
9788184049541
9788190595773
9788199175778
9789350239964
9789351101659
9789385000959
9789390461370
9781316601037
9788125060901
9788183513227
9789356810372
9789381887868
9781503247185
9789394417106
9789382665922
9789387022218
9789387022584
9789403705774
9798232827199
9780755472765
9780756507008
9781840328301
9789350464847
9780140184709
9780736859820
9780199481767
9788129114044
9788173666094
9780074603376
9780977978564
9781471807268
9781564841537
9788121939027
9788125050131
9788126312771
9788131919705
9788170584179
9788170600237
9788172146368
9788172331580
9788180560354
9788182203532
9788182204201
9788184046601
9788184351880
9788187586388
9788189645014
9789351624257
9789355742483
9789358901726
9789358984965
9789368084181
9789374067291
9789380607450
9789384082888
9789384082970
9789384637163
9789388428637
9789391968571
9780071332385
9780143335726
9780143415961
9780143429609
9780241312575
9780723294511
9783125544208
9788121613668
9788126937370
9788177081855
9788185047041
9788195724130
9789360460907
9789386041531
9780007266708
9788497323925
9788193315002
9789351434917
9788170559689
9789350482537
9789351866992
9789352661480
9789383878536
9789395386852
9780143421429
9780143425939
9781584231929
9788126911516
9788184671742
9788492796014
9788496263215
9780194792936
9780375835896
9798224293643
9798224612482
9798231463176
9798232025366
9798232178857
9798232207113
9798232466619
9798232486068
9798232620738
9798233105067
9798233113802
9798233153303
9798233181009
9798233186073
9798233357800
9798233388392
9798233465451
9798233504624
9798233593888
9798233616983
9798233645624
9798233687754
9798233746871
9798233762543
9798233782497
9798233855603
9798233913419
9798233928987
9798233930690
9798233948312
9780199474554
9788171677689
9788180615474
9788184952889
9788184953947
9789350247433
9789353494384
9789380856346
9780746050798
9780781810142
9781514872345
9780448458298
9780545175920
9781408112984
9781546607304
9781906029043
9781906714048
9788121931083
9788121938570
9788122306163
9788122315356
9788123742069
9788123921853
9788126315260
9788126713752
9788129106483
9788131019764
9788170218760
9788172113780
9788172248994
9788172291273
9788172291709
9788172451059
9788174363664
9788177210880
9788184893199
9788186470404
9788187522713
9788193889794
9788194833550
9789324198198
9789384598327
9789386578419
9789387225114
9789387957848
9789387973299
9789390423842
9788131528365
9781538062272
9789332540101
9781032045832
9781259064302
9781399802956
9788179915905
9788123911236
9788172340827
9788172341688
9788172344238
9788184778007
9789351032489
9789386106933
9789387539181
9788173661778
9780074518595
9780143029588
9780143103202
9780143330448
9780143330844
9780143427926
9780143440796
9780143440802
9780143440840
9780143440857
9780143440864
9780143440901
9780143444787
9780143444824
9780143444831
9780143445241
9780143449195
9780143450993
9780143451006
9780143451037
9780143451518
9780143451525
9780143453376
9780143453437
9780143458067
9780143468158
9780143471424
9780330517683
9781509849086
9788172344931
9788172452995
9788175992801
9789353491024
9789355436597
9789380143330
9789384757960
9789389717433
9788122430820
9788125041641
9788126310920
9788126316960
9788126318254
9788126340637
9788131800577
9788131802106
9788170084884
9788170088936
9788173043239
9788173813894
9788175300248
9788178242460
9788180564987
9788181803153
9788182202122
9788183760751
9788185047560
9788185425535
9788449320262
9789350620038
9789352870844
9789359649412
9789360289942
9789365212358
9789365219487
9789380358864
9789384043513
9789386345943
9789386600783
9789386906656
9789394829473
9788130908168
9798277006726
9780521752138
9780194774819
9780194774833
9780833582089
9780143427902
9781523092932
9780143334057
9780826418302
9788123720159
9788184231588
9798232174392
9798232375904
9798232941529
9798233493515
9798233515767
9798235216648
9798249548674
9788120336865
9788183231664
9788186762981
9789351447825
9789380397450
9789380601878
9789384248819
9789388983976
9798242080744
9781333539474
9798287276782
9788177240092
9789361595400
9780198479093
9781538062357
9782855392219
9788180381577
9788184481754
9789350909737
9789359512631
9789391008055
9789391596293
9789369426157
9789384255015
9789385722103
9781620313800
9788122414103
9788126308934
9788172110901
9788172290993
9788176492829
9789326352987
9789326355155
9789350462638
9789350480021
9789351863052
9789351863144
9789352663224
9789352874811
9789355211873
9789386202925
9789387980822
9789974805484
9788572416863
9780857510440
9781846340055
9781860075834
9788126439102
9788172247133
9788183226189
9789350466308
9789350640593
9789350640951
9789357784917
9789380143972
9789381639146
9789386827548
9788184026566
9780521300247
9780694522736
9781848985407
9780852268520
9788190694032
9788193406229
9789383142699
9780397583126
9780755409686
9781535348157
9788172733902
9788184480665
9789352766758
9789380391106
9789388859028
9798255326846
9788184204261
9788395722608
9789384310493
9781607101611
9780143100409
9780143428794
9780143428800
9780143451549
9781375012850
9781409520856
9781409520863
9788131918869
9788184654585
9788194914143
9789327198058
9789810713515
9789810713676
9780451185945
9780671891862
9789386316820
9798233748233
9780531162385
9780732286415
9788119858057
9788121943451
9788123727653
9788126316984
9788131524749
9788131802120
9788170084006
9788174466563
9788174466761
9788175544444
9788182963481
9788183616065
9788185094687
9788189161712
9788493948931
9789350623183
9789350946497
9789351416111
9789352136483
9789380856469
9789381416150
9789694963297
9798892210812
9781529120745
9788426449320
9789382314196
9781514719558
9781842369333
9781429117715
9781511429788
9781511788441
9781512195347
9781515042471
9788123917993
9788123920375
9788176061834
9780230226500
9788178220802
9789381394809
9789385140662
9789712201554
9788129101952
9788129116918
9788129121158
9788129129321
9788129129833
9788129132758
9788177669824
9789353336974
9780789036162
9798181164536
9781543164510
9789992195468
9789992195505
9780702171789
9780857428363
9781741140125
9789392023385
9780841600546
9781405316453
9788126707706
9788172454913
9788177229165
9788179929865
9789352440474
9789381394823
9780898127010
9780898127959
9780898129526
9781786531896
9781897563717
9781897563748
9781926722429
9788120721616
9788120761247
9788120796041
9788121619318
9788121619523
9788121924108
9788122300482
9788122311747
9788122315110
9788122315493
9788126911325
9788131800362
9788131802243
9788131806357
9788170215806
9788171851270
9788172112349
9788175542808
9788185105031
9789354977756
9789354977763
9789387198012
9780195670011
9781432914745
9781533270870
9781534804937
9788181281234
9788888389998
9780199119721
9780330443876
9780571175093
9781408859995
9781586109318
9781609947088
9781741854589
9781784042790
9781846012044
9781848105409
9781848981072
9781849020961
9788854407411
9788854407435
9788854407442
9780143104230
9780399521911
9781546348818
9781605125305
9788170189916
9788171831289
9788172252779
9788189936037
9788190638104
9789351429463
9789384343088
9798128808257
9780985337797
9781596470224
9788120409569
9788120806924
9788172342982
9788172343767
9788172344535
9788172344559
9788175993778
9788175993808
9789386538970
9789388144254
9789388144858
9789390183319
9780141002460
9780143028130
9780143031116
9780143068228
9780143333159
9780143442554
9780143447337
9780143449379
9780143449447
9780143451907
9780143452119
9780143459095
9780143463238
9780143463290
9780143468127
9780143470380
9780241590997
9780330412131
9781569571675
9781904594529
9781904594550
9781909645806
9788170555728
9788177210767
9788181436603
9789353227050
9789353494056
9789353494186
9789353496395
9789354891601
9789356810020
9789382616139
9789383142026
9789383331024
9789387383258
9789388241946
9789391234348
9789394112957
9789394168107
9788120338562
9788193881323
9789371462907
9780007290819
9780070587618
9780262011525
9780528868252
9788426720115
9780713671483
9798882962356
9780721449432
9781405878449
9781534969704
9781845335199
9781858216362
9788123923369
9788131208700
9788184040340
9789352727971
9789380222530
9781849709552
9788120321359
9789395192248
9780074633953
9780143417460
