9781560220961
9788496921122
9781555462185
9780723415572
9780782126044
9780195550566
9781847733474
9780874137866
9781931559225
9788496921313
9780833039415
9788716112293
9780861318360
9781558993075
9781560005452
9780819438379
9781433249631
9780824823627
9780735536326
9788441524279
9780252029691
9781850322061
9789351436713
9780739101971
9788535241990
9780955739415
9781575860008
9780195640205
9789506412975
9788181282774
9781483005706
9788441519701
9781906966027
9788120324329
9780786187041
9788441518148
9781591790846
9781590421475
9780071547048
9780786177530
9781432900625
9781842656679
9780763722456
9788170995586
9781442357624
9781260190595
9786077355762
9789584510983
9780321735676
9780443087622
9788496969810
9780841671805
9789380164458
9781429600651
9788120603868
9780195654332
9780415133449
9781477711408
9781770093836
9780321600813
9780486470658
9780841602823
9780312459994
9781934851135
9783790800395
9780321873941
9788441523128
9780856463952
9781932476316
9789380937380
9781403490933
9781522588979
9780471453574
9781861059581
9781941792117
9780660173931
9788178793306
9780495506522
9788466639545
9780977937639
9788190017114
9781441703866
9780071629287
9789004093478
9781900151672
9788184290547
9780773451056
9781587284335
9780272754399
9780819453051
9781843344070
9789054105060
9781118217382
9781604942828
9789041121998
9780071459440
9788416361236
9781929987122
9788496222793
9780815628248
9780073011974
9780632035984
9788184290431
9781259255618
9788184290264
9781400104772
9780762452194
9781458715319
9780486795454
9780814717912
9780275961145
9780719075490
9789350290965
9789580476177
9781279102596
9781941324424
9781260111750
9780878148868
9780791808399
9788131312353
9786074530308
9780894354274
9780195693737
9789054105077
9788186618103
9781406558579
9781604977134
9781604979022
9781845640101
9780750703086
9780910707169
9781260168358
9780761839095
9780817314200
9780736873505
9788859814764
9781609102272
9788176292443
9780825146206
9780750617420
9783540972303
9780497260774
9788185604541
9780073223568
9788172233792
9780899307787
9780198463856
9781433900143
9788185989006
9780521754149
9788181915061
9781483350219
9781556227448
9780387547497
9781483364926
9780786191932
9788176258838
9781933810447
9781469283814
9780873718028
9780443055188
9781847351425
9780987698605
9781684098965
9789814272896
9789584506733
9780786194964
9781588710949
9780819464835
9781861343499
9780198349501
9780930304959
9788175140608
9780618747856
9789812456540
9780863113277
9780132411318
9780815607281
9783137830023
9780486458182
9781622235902
9780321246721
9780324382594
9783704696830
9781845598518
9781498756938
9789681317911
9780761804239
9781450583701
9780195663266
9780415651028
9788176482523
9781319053147
9788176291385
9783764354398
9788172360955
9788126103423
9780789751775
9788183243223
9781873757604
9783764362720
9780077354336
9780861404599
9780497259815
9788176466226
9780606268981
9780415604062
9788172232818
9780072195248
9788175256750
9780898759693
9788173918421
9781457658709
9780133059281
9788173917356
9788170893561
9788182910768
9780321592972
9788170006299
9780273677581
9780935278729
9780753407363
9783382033590
9782711620449
9780826458230
9780132626545
9780134506708
9780787977795
9781559530866
9780812466010
9781441743329
9780321951779
9780948877209
9783847106418
9781477702147
9780757587030
9781406535082
9780321865977
9788184290424
9788176295758
9789812613165
9788184290707
9780194398756
9788184290134
9780497259938
9788129100566
9788176484565
9780789334183
9780823971350
9788175941496
9781557348722
9781785299933
9781439081242
9789042924109
9781406595628
9780471166436
9780497257606
9788184201376
9781483004761
9781602230279
9788189582654
9780497259891
9780128102794
9788178711157
9780836864595
9780739324516
9788184200058
9780764544484
9783368356897
9783375101176
9783382108274
9783382146399
9783382161156
9788176296243
9789359034089
9780497260743
9788173052156
9788184290189
9788183240093
9788186653043
9781470888367
9781457615009
9783382027032
9781415206812
9788184290479
9788122425918
9780471934349
9788184290226
9780861966455
9788173919268
9788183243438
9788189913380
9788189582555
9781491514078
9788173919060
9781464120770
9789042907690
9780538748858
9780736874250
9780873395700
9780683400335
9780683400526
9788182900172
9780817628154
9781457660436
9781464119422
9781860582240
9780757564826
9780471196518
9789350258972
9788176296458
9781844139330
9788189582142
9780443076985
9788171640430
9780134747378
9781464114410
9788179080276
9780340870716
9780471526421
9780195665406
9788173199967
9788185503042
9789351306436
9783382033583
9781441779564
9788184485622
9780789008749
9788176299206
9781922022042
9781909609143
9783382036614
9780323024174
9788176296700
9780121286859
9788176295673
9780721638867
9788176258951
9788131307410
9780739320679
9788175741799
9780815340942
9789681617516
9789051703061
9781592802753
9780134131948
9781897829592
9781288467426
9788466315838
9789386690067
9781861522405
9781457663574
9783368231378
9783368323431
9783382026691
9783382329594
9780340858219
9788176291569
9780194382199
9788489396463
9780819189363
9789694025469
9780930042455
9780746310557
9788475774992
9780321484208
9788173871764
9781850084419
9781531824334
9788131601334
9789881590381
9783368247782
9780861252480
9788188575855
9780240513874
9780199123001
9780071601955
9788170214939
9781452634746
9788122422283
9783368277628
9783368277727
9781938260001
9780683171693
9780721667867
9780781718240
9781410937896
9788495787620
9789087906269
9788184870640
9788869176470
9788170339472
9780312589622
9780134019376
9781433226540
9781610457699
9780195647617
9780070717756
9780820602318
9798174464773
9780559106064
9781107643673
9781457617355
9783382022242
9783382035853
9783382113353
9783382150679
9783382161378
9781505105803
9781869404529
9781408626450
9788496921047
9780074601655
9780566029080
9783382011772
9780131024816
9781481512527
9789350254998
9781904339380
9781625342324
9781469087221
9789380480954
9781457634192
9788189065393
9789386690005
9781611471656
9788187661412
9781143162220
9781279046326
9783382030872
9780134424088
9781141897711
9781294295990
9798887316673
9781889298542
9788132015444
9780321621955
9781276819398
9788185019437
9780761995128
9781429286367
9788181890351
9780141981611
9789054108993
9788184484120
9781278781525
9788170950943
9788181921802
9789815179859
9780431908151
9781626235663
9781441743459
9780412391705
9780324233544
9780324661392
9781133951001
9781621581895
9780849357602
9780815126577
9788131221983
9780852551721
9781452604107
9783382004262
9783382009038
9783382011130
9783382031473
9780761996965
9781443801287
9789350901977
9780397513680
9781469087306
9781906497811
9780321941701
9788170208266
9788187134602
9781111772062
9781400137138
9788175741911
9788173915505
9783375115661
9780789022431
9788131314357
9781406240337
9788173917394
9788175740846
9781401833817
9788176291880
9780203427125
9780786170708
9781259662317
9788175740914
9780132669184
9781742373140
9783382002589
9780415015608
9781483026626
9788894155907
9781278751856
9788857912561
9781560235521
9788180613654
9781876944742
9788173871023
9780321481863
9788176294744
9780198563945
9788176256827
9781433206634
9788120716124
9781403926449
9780865778030
9788176297561
9781133363750
9780071261982
9780471716532
9781483027340
9780462008417
9781849283595
9781408519820
9781558343191
9781141421510
9781433208928
9781504754965
9788176291620
9781435438781
9783382001544
9783382013493
9783382031169
9783382153328
9788170893547
9781482929225
9788176296625
9780077111373
9788171009497
9780205744053
9781457655623
9788171798520
9788176298544
9781844861415
9788131303399
9780312585617
9780198477617
9788182741355
9788170421375
9781141134045
9781278148465
9780554232225
9788885675452
9780125064521
9783882220858
9788171009534
9781932855500
9780444703972
9789814355544
9783846215463
9780873395748
9780444818508
9781483005423
9780195693560
9781948501330
9781578082865
9788170944928
9781406531480
9780333933404
9783368247638
9783375114060
9783382024147
9783382024864
9783382314668
9780691150901
9780521770101
9788129104397
9788120322820
9780947506230
9788131763858
9780321662163
9783083140252
9780030532313
9780205455881
9788176290517
9780415161107
9788178660431
9781455722921
9781442377004
9781433208850
9780071219297
9780559110313
9780761933236
9781788821483
9781410300119
9780827379091
9789380601670
9781403469786
9788131311042
9788876767128
9780321733252
9781847023254
9788174464521
9780471477297
9780786302550
9788182741997
9781906133122
9780131296138
9788185930107
9788180180958
9780781719445
9783382148300
9780321205070
9781248471210
9788182744394
9780471735601
9781898307266
9788184672589
9783368038434
9788176464208
9780974599373
9788184501001
9780080327815
9788183242400
9783608426281
9780471020677
9781684204533
9783368059170
9781439840009
9788178240640
9788126141418
9788183712323
9780194602082
9780205744510
9783423619219
9780815198222
9781860640452
9780495103271
9780761934202
9788854408036
9783908450719
9780773525634
9788173917660
9781235904042
9781499675313
9781742755731
9788194619765
9798295521829
9781576761342
9781906497910
9780415933254
9780205997282
9780071214421
9783727250309
9780205349258
9780415739276
9788170211594
9780753106204
9780241015346
9781856869553
9781294842309
9781865089140
9781408259078
9781107651227
9789251033494
9780873395427
9780873395953
9780195686715
9780881673739
9781446211144
9788124204993
9781504666725
9780683064339
9781175499707
9788184484885
9788186706381
9789993332428
9789054107071
9780757586811
9780786158072
9780849380853
9788187661115
9780077260057
9780072330502
9781538407189
9780658001512
9781144692399
9780205536535
9780127745619
9788182741263
9781433203534
9780387196909
9781420051209
9780471212072
9781481532969
9789357607124
9780824206116
9781445519319
9783368043001
9783368184087
9783368267506
9783368824013
9783382004088
9783382147556
9783382149918
9783382157814
9783540969693
9788170005438
9788441517172
9780071140645
9781245666190
9781148518909
9788185268095
9788176294638
9788171007721
9780071168533
9780387547015
9781120245120
9781470891305
9780835212120
9781619697379
9781412920315
9789385883101
9788176290524
9780071122894
9781277413694
9780857688927
9788176293990
9788183333795
9781906985561
9788496921832
9781627125642
9780387558417
9780761994930
9781862878952
9788171007691
9780844740539
9789388548533
9788129106292
9780786181049
9789777043779
9781177570886
9781459665910
9781906735173
9780761992134
9781294419914
9788172334987
9788176298698
9780838446379
9781107677708
9780133997507
9781847662484
9788129103277
9789280811971
9781175444646
9780199489787
9781470826192
9780538695237
9780313299896
9781742662435
9788132039297
9780321461674
9780838446423
9788496921429
9781457603679
9788173195655
9780470837252
9781565341975
9780857330833
9781439852750
9781783250936
9780945483977
9781412918282
9780761996187
9780761997146
9780007345168
9780812110562
9781614281795
9789351364962
9781504615044
9780534918606
9781441715630
9780781738484
9780761993452
9780813525556
9781933499000
9780873395502
9788182741737
9780131613898
9788184568493
9780415307437
9780471979005
9783368359188
9781443823296
9781144742537
9781144992451
9780415492317
9781249596158
9781289099763
9780735403932
9781278433578
9788872415450
9780198332671
9781143195457
9780195657951
9781565492189
9780786176014
9788189915131
9788176297622
9780340810729
9780536670038
9781177109673
9781605950563
9788175343672
9781249613381
9781288652013
9780548122112
9789812838896
9788176296212
9780340858011
9789264135864
9780986398902
9781161420623
9781172405879
9783452271280
9781138940895
9780205018093
9781438501222
9781605436685
9780071164566
9780723421887
9788170998884
9781176770034
9788175240780
9780134058184
9781177308403
9781177944458
9780443044564
9781509517978
9783368828387
9783382135522
9783382138738
9783382148706
9780321881847
9781932777499
9780786188239
9789392323263
9780074516850
9781439842010
9789350350904
9780130495297
9781172586400
9780444418173
9788170214106
9780820410654
9780198469681
9781259027680
9783368811716
9781907085871
9781558992481
9781145593725
9780130559784
9789707561625
9781172160839
9781628413311
9789630578301
9798901940532
9780748742592
9788176294867
9780321513403
9781455133710
9788183713801
9780719803109
9780831132644
9781149574379
9780571178902
9781504696074
9781412988254
9788126106660
9780750636766
9780824724894
9781169929821
9781783326730
9781248046197
9781408506288
9781781545300
9780205488827
9780721657790
9780706949315
9780706949483
9780071314572
9781518942075
9781149391303
9780205954421
9788493544300
9781627129633
9798992108729
9780074620090
9788176489157
9780205068296
9788189915728
9781416035848
9781780437873
9789380096131
9780803133549
9783446221673
9780443011979
9781177321938
9780205845644
9781558998421
9780956478771
9785211464384
9780256220483
9780554772288
9789350352786
9788192082318
9781149504857
9780194306041
9781439148433
9788129103406
9781149513309
9781179536545
9780566071300
9781172301157
9780415690973
9781610393249
9781923593886
9780205231072
9780071122085
9781294036227
9788174464965
9781277070682
9781594607769
9780891169857
9788131231081
9788184485769
9780677055206
9788187359661
9780205122127
9789971502072
9780786189854
9789383243051
9788180612626
9780198060208
9781405879613
9788857200880
9780721646435
9781177231060
9781849203883
9780763735869
9780816907397
9781405836463
9788179102114
9781847669414
9780849327377
9781417819584
9789087220037
9781258043919
9780126912654
9780849329654
9780683303780
9781970852073
9788180611339
9781428230200
9782711609321
9780387819075
9781169832251
9789251094037
9789251043783
9781433208805
9781173543600
9781173747589
9780195698756
9781178349429
9781406589979
9781178348194
9788876754586
9798597297927
9788894154603
9781923525030
9781849665094
9780887549762
9782304276008
9781169920149
9781970852028
9798901947357
9781425816728
9788131302675
9788131309797
9788483232583
9781781542705
9781169893030
9780444517753
9780683402025
9780871704597
9780131538030
9781923625631
9780071343893
9780079137258
9789387324503
9781175622785
9781177478809
9780789003126
9788177691726
9788182521216
9781316503614
9780486439891
9788184485837
9781853120930
9781850084273
9783382134617
9783382165291
9780761996750
9780470109724
9781880599525
9780198060475
9788131309223
9780871890764
9781558992764
9780205880676
9781420055368
9781420072945
9780415537377
9781478951162
9789388798532
9781576761311
9781422200971
9788131307182
9780753114087
9781173552978
9781178874365
9781420939323
9781412987899
9780407017009
9781923525740
9781923593299
9781923625020
9798901947340
9781452602363
9780761995296
9788125020714
9798227661951
9798233467059
9788176295642
9780525507369
9788176297233
9781107431461
9783764372699
9783525537374
9781850709398
9788171003679
9788176298513
9789351103561
9788174462893
9781273833168
9781923593978
9780978982782
9788188826391
9788174828828
9781403434814
9788187966784
9789630582582
9789380156279
9798901947210
9798901946572
9780833045621
9780857338082
9780135234556
9780521778046
9780071127271
9781596040588
9788183710800
9780470882245
9780898752786
9780865778450
9780781778695
9788194677307
9780471262534
9780548024256
9780761427926
9781176581074
9782711621460
9781427611000
9783368227364
9783368823801
9783382027520
9783382145521
9783382198046
9781276553919
9788170248217
9781171915058
9780559130724
9781588102133
9780801082696
9780495110804
9780836874297
9780768034943
9780768057263
9789251303597
9780444012159
9783805553766
9781560320777
9780761932673
9789812454867
9788184500011
9780071643573
9780761448945
9781406234145
9780134879277
9780890543344
9781578082179
9780195690859
9781172283903
9788481747331
9781913229030
9781932771558
9781970852141
9780761934653
9780761998006
9780198062769
9780071785747
9781589261792
9780130598752
9781405726122
9781405756235
9781405771535
9781405781756
9781405782227
9781405799072
9781851663040
9788130914084
9781274029614
9781681088211
9789814998284
9780078916731
9781176975873
9780415467100
9785519661058
9780879426446
9780131622739
9780471526964
9798273000766
9780836894332
9781176302532
9780131487901
9780440968467
9781923504561
9788173042331
9781169850200
9781599218144
9788170998600
9781781637456
9781877069437
9781638283324
9788126126149
9781113838650
9780898678499
9780764191695
9780136790860
9798243935869
9789333120470
9780367411244
9781284036220
9780201729764
9781149346396
9780195686692
9781173132637
9780205294213
9780153381195
9780900739446
9780199230068
9780891167402
9780538481151
9780195649420
9781904798798
9780757568176
9788497649865
9780521748261
9788481747201
9788126516285
9781481532891
9789350255612
9780444997630
9789392323096
9781173774486
9780794527662
9780471339823
9780201555981
9780333382622
9780072834376
9780683306217
9781432622831
9788886842532
9788187118077
9780077525361
9781598597424
9783718605415
9781494506346
9780443085413
9781861007704
9780321871527
9789087220273
9788173871252
9781441774583
9781178221480
9780761992295
9781477757109
9781913229559
9780521625739
9781172596058
9798233457159
9788170080992
9780143031123
9788173870842
9788176295246
9780764530593
9780444016416
9781887201582
9780136170853
9780815128663
9781149521823
9782856537060
9788176567961
9781857753462
9780143330431
9780632044016
9788175741669
9788176293211
9780028628820
9781932705430
9798242876422
9781441723819
9783465016229
9781326390983
9781842656921
9798288951718
9780471519973
9788126118083
9781783324941
9788131600146
9789350271834
9789810216955
9780836880625
9780753113073
9780030220920
9780863801815
9781842653968
9781177064811
9788131302255
9789386288707
9788124107607
9780873395496
9780471951148
9784899740735
9780316573603
9788120719552
9780813014685
9781593164638
9780194386296
9781133283454
9781575760605
9780563519775
9789630575980
9780443012884
9780323016735
9788120409682
9788183711081
9780030639869
9780683175325
9780781716635
9780070825437
9781168676726
9788170996620
9781435454408
9781923484016
9781861525277
9783764371647
9780387524146
9789971504007
9788121502320
9781846841729
9788121401913
9780195698909
9780781701358
9788170335733
9781856175166
9780028001524
9780205196265
9780761996774
9780195655452
9781473310964
9781423904380
9780706310498
9781179032207
9781842652411
9780421593305
9780397504510
9789382299967
9781464800245
9780484782739
9781420061277
9798215132678
9780156070287
9788178311784
9781857078145
9781141377565
9788176291439
9781780575339
9780415267250
9780074518267
9788170366072
9788182748361
9798227136961
9788129113030
9781589635746
9789390208999
9780787949013
9780300044386
9780412143519
9789380929828
9788171007882
9780803993884
9781880891032
9788865505762
9780073345123
9789706430762
9788125032717
9780761932598
9781408259214
9781569902455
9789251098080
9780677064758
9788129116901
9780879934262
9783764316495
9781935430902
9788173871108
9780803917644
9780194016759
9780194016872
9780905958521
9783718604630
9788173191992
9788188661275
9780415359030
9781984634580
9788174364029
9788176291590
9780028018171
9781851663644
9788126119929
9781905411375
9781984638588
9780072358735
9783795769000
9788193750193
9780486272351
9780198078883
9781172370849
9788180522833
9780844227870
9788183712408
9789358872224
9789358872859
9789358876031
9781923545236
9781441714503
9788176296137
9781449638269
9780750655286
9781412906289
9781420925029
9780815160465
9780865772366
9788173712548
9780397587827
9788173871016
9788180619274
9781598182316
9781412989763
9780039103149
9788131300428
9780706902396
9780789748553
9788120613904
9788183241267
9789332553637
9788174462992
9788189012687
9780340762219
9781434493705
9783382021702
9788120306363
9781587368363
9798890794178
9780314158994
9788188826261
9780706909685
9780742428317
9780444423382
9788129101976
9780805864656
9780195692235
9780521613804
9781433937477
9780198602781
9781510608955
9781510613508
9781628414011
9781628414950
9788190060257
9780431098579
9798233619151
9780122268687
9798882964329
9788121935203
9780840031617
9780321356383
9781584883890
9781172110988
9780195648980
9780871898548
9788172235192
9780078813290
9789994557448
9788170413981
9783458158790
9788188739660
9780471518488
9780789721068
9783936057904
9788890317002
9780422799003
9781259064906
9780749409067
9780683057430
9780070291782
9780412486401
9781783324965
9780070445192
9780815137443
9780321375377
9781850322511
9780074515273
9780321886613
9788131600627
9780201882650
9788171797851
9788173870538
9780205655038
9788854407152
9781842770986
9780074632253
9781935547174
9781172606191
9788120324992
9781781543023
9780761973881
9780735623774
9789251050736
9780387556178
9788183710756
9780070595064
9780071003438
9780824759629
9781473302860
9780195308945
9788182525900
9798232601799
9798232713928
9798232958688
9798233170300
9798233795206
9788182746503
9789353166885
9788174734099
9780670058556
9789352705825
9780130198488
9788132106944
9788177228717
9781598182491
9780856603297
9788121400480
9788184567571
9780735620827
9788176292047
9781615905072
9781897829615
9780080129808
9780918954770
9780891164654
9788129114587
9789699060113
9780071333740
9783764351700
9788179290477
9780955329425
9780715366882
9780065000634
9780071121385
9780820704296
9789380175027
9781287263197
9780763852115
9780912016368
9788187496144
9780706921038
9798262759118
9781285840642
9788182230637
9789812618504
9781932705614
9783805565981
9788178000800
9781358108686
9789350516669
9798232318390
9798232521998
9798232764173
9798232978686
9780156062473
9780070702219
9788172236083
9780896402737
9788176481748
9788496627987
9788132025177
9789333103053
9788178663449
9781876973216
9788862665940
9788170491040
9781107645578
9789393885371
9780883900932
9781681088396
9798296004642
9789359716626
9781848982239
9780706928679
9780198072621
9789630549059
9780472106905
9788173715204
9781602836600
9788180617201
9788121919470
9781556228148
9781409550082
9789810234089
9780966405521
9780074604359
9788174451347
9780706926583
9780706957983
9788171008704
9789706663764
9788124204702
9780131114746
9781899238163
9780130486233
9781111830434
9788184483154
9780070990111
9789351293200
9781434491527
9780538471251
9788173871979
9781409908968
9781409920274
9781409920281
9798232559298
9788126722488
9788126709670
9788174463463
9780367373078
9780367411756
9788131212967
9789368022787
9781409955115
9780070704237
9789385891946
9798233217579
9789251321836
9781117997698
9780979999703
9788494268953
9789380156569
9789381221723
9788888327839
9788176487566
9780393933598
9789386006141
9780754642077
9780670100224
9780766037502
9781840855470
9780979617485
9781560324591
9781593891770
9789810239411
9781409920298
9780538689502
9788177542714
9788179936948
9780198302872
9780345472373
9781615334162
9788131796382
9780844222356
9781107498761
9780130162311
9788886088787
9789331321121
9788184481884
9789382264583
9780195645668
9780735711976
9781404254213
9789393097903
9788120337626
9798869287052
9788176211987
9789384447281
9780071128964
9780312210168
9780521655200
9789990339116
9781176728851
9781413018417
9798993109510
9781433244414
9780030680724
9780071166065
9788131801192
9780195652208
9788173042454
9788176291392
9788180522383
9788859041795
9780853233343
9788124202296
9781562532116
9788179103661
9788871661582
9789351525936
9789747315462
9788863101379
9780007322862
9781848317383
9780766037519
9788175360136
9798232100148
9780715624753
9788171412211
9788183334600
9789810206208
9780153310256
9780500670026
9780694522774
9786071106766
9783939804628
9780763704209
9788182230422
9781533181459
9780920576441
9788174761866
9788189741785
9789380032443
9788178884424
9780444997326
9781133310761
9788184480955
9788190884150
9781558993983
9788170461135
9781107661516
9788182902121
9788182471559
9789707182127
9781568220055
9788861051584
9783382151669
9798232192846
9788120345065
9788190983327
9783933743053
9788120816169
9789381293195
9781873668917
9783718655748
9788190390026
9781361124390
9780471620440
9788180902604
9780613330022
9788184191967
9781857546897
9798275680706
9788194417149
9780070581357
9788184486032
9780898598094
9789363334922
9780807745540
9788179103517
9788187198055
9780761558620
9781405118842
9798274011822
9788185827773
9781870965804
9789353501754
9781420066456
9781405878845
9780471286578
9780070667136
9780397510771
9780078817229
9781844718719
9780323848336
9788129110329
9780195642339
9781631320347
9781403456229
9788172234706
9780007226788
9780911116984
9789251040690
9788171170487
9780195678994
9788880007449
9781141722266
9781177185165
9781842653104
9780074603079
9781394157037
9780882840420
9788180521652
9780099472278
9780198062493
9798232417406
9789350041413
9780195475043
9780324381788
9780516265711
9780980313185
9798230138617
9780761354147
9780070488144
9788171110100
9788131300060
9780072507027
9781420095104
9780761993735
9780868405964
9780060543006
9789580454335
9788173915529
9788131509838
9789352501298
9780691007229
9788124117644
9780253340801
9780397516179
9789339221263
9789350903315
9780070966451
9781443805438
9780789738240
9789312147450
9789389811674
9780780781641
9788174369550
9789333340144
9780199928538
9788121920568
9781434462459
9780080441863
9789706662125
9789395649421
9788497883696
9789389023169
9788171326525
9788174362872
9780879693916
9789042911765
9788184483208
9789814606141
9788182744929
9789332575196
9789077256138
9780198306900
9780156068321
9788120338159
9780947711139
9789380937458
9788130201818
9781246358339
9781905085422
9781496375254
9788184731460
9780521742634
9788131303962
9788123916347
9780444701718
9789380937441
9780497260071
9788171325832
9789356074538
9781984620712
9788858209714
9780131038592
9780015322410
9788184351590
9788184485264
9789064507021
9789383052998
9780713130454
9780821383285
9788185070636
9788189491284
9788475777986
9781259026096
9788120326392
9789333334884
9789380096889
9780070144934
9788170621485
9781873942468
9780074517888
9781442225190
9781844435104
9788171325801
9788183714259
9780074713358
9788170945543
9780856134951
9781842340004
9788176566056
9780789747983
9788179102367
9789380937496
9788185860398
9788420661612
9781434485274
9780801654985
9780071333535
9781870325073
9788179254158
9781420092004
9780571251582
9788890987373
9788176250993
9781404285194
9781439507568
9780778787686
9788171325771
9780395140284
9789391385064
9781560803393
9780124325500
9780497262150
9788189582937
9789402417616
9780131722729
9788123902180
9788172252137
9788120334212
9788171326129
9788423343324
9783514004559
9781905390854
9781906202651
9781906202668
9781906202675
9781906202699
9781906202712
9780195693355
9788174464941
9788178690377
9788171326136
9788179103180
9788179103258
9780080449784
9780713683813
9780199863471
9788189013615
9788187226697
9781433962615
9780369307460
9780764191763
9780782141269
9780706902556
9780706911992
9788130906713
9789350299104
9780538446037
9780896402607
9783368229825
9783382157838
9783382164997
9783382165352
9783382176556
9789584513250
9781845576073
9780538680127
9780321248077
9780314191243
9780536725684
9789681627980
9780735614895
9788128012396
9781562052416
9780007410583
9780195652086
9780811215930
9788182900943
9780070473676
9780881677126
9781860581120
9789812044969
9788121505895
9788170125778
9780471355199
9783764302665
9788131202005
9780803991439
9781909786745
9789812531315
9781923570689
9780500650233
9780230573130
9781434492500
9789785644005
9789630576260
9780822590446
9780721421810
9780838510865
9789814107839
9788170336853
9788173911675
9781596878396
9780683047820
9780321285942
9786170973658
9788184352108
9789812327178
9781138779143
9788184201253
9783718700103
9788173714351
9788127207120
9788120416703
9781864321142
9788893246798
9780679417903
9788187226925
9788190723664
9780365428299
9781472957924
9788129101150
9788185418506
9780072927764
9788177589696
9789780874988
9781680949087
9780194051729
9780471845775
9780071596077
9780816699674
9781417713394
9788119355655
9780761505037
9788172736125
9780761354161
9780333907788
9788192510316
9788170462422
9781921401220
9780852988640
9780706902372
9789211615548
9789388107563
9788488155054
9789352531233
9781434424044
9780863502484
9780074515068
9780075543947
9789363336674
9780471340805
9789068318111
9781479413690
9780683000504
9781450306935
9788126704774
9789389368116
9781435204508
9789383962761
9788121509855
9780803940963
9789381052600
9781923570801
9781400006168
9781847203007
9789382258124
9780332505824
9783848004157
9789392958083
9789630579520
9780135235492
9788190479080
9788885401198
9789356189805
9788123007670
9789382332176
9789331321107
9789382299981
9788871262703
9781620659311
9780266848080
9781528093149
9780195664218
9780195658590
9788184192889
9781161833928
9789388918404
9780521753876
9788120343702
9788131208649
9780266366966
9788180430756
9780613190640
9788189487508
9789380274140
9788171326235
9781528580144
9788120716889
9780889782389
9780739371213
9788173870392
9783525300268
9780195685183
9781416050483
9780198717638
9781161771374
9780719521935
9788122415063
9788182202702
9789380642215
9788125900061
9788415419587
9781907427695
9780321455826
9789387994195
9781921215223
9789333395526
9788880957492
9783032028419
9781528152358
9780070545342
9780571251629
9780241388471
9780198382348
9781870545143
9781984637963
9781984638045
9780554345734
9780071114844
9780321574787
9780321237736
9789382348122
9780321293817
9789383028719
9788175245648
9789766372224
9780316130684
9789391943318
9781528089807
9780764534225
9789382291510
9780495116349
9798232738587
9789380942155
9780932438546
9789812457622
9788176253468
9780415382557
9788389450456
9780781702553
9780791811634
9780809226429
9789354088445
9780199472697
9781847249579
9781626374577
9788122905885
9788124117033
9780666263308
9788131309438
9788131514108
9789386668653
9780763742072
9789350719053
9780826482815
9781483383781
9789353504090
9780155015821
9781590596302
9788123019277
9780136001966
9780195175134
9780881678628
9780900592621
9780364122495
9781842751381
9780990871347
9784871873994
9788124107638
9780706959536
9780891163671
9780872813205
9780708802601
9781409127093
9781409135241
9781844089321
9789275114209
9781434450432
9788175960565
9780007488599
9780656051939
9781527989887
9789814070638
9788182900691
9780201718898
9780321419859
9780666724410
9788125012313
9788180612169
9788188965274
9780930503963
9780824830588
9780061142673
9780522855975
9789387994027
9788124308011
9780265907931
9780656472406
9789381579336
9780750673266
9780131949164
9788180900099
9788186050651
9780004720036
9780715372500
9781337279291
9789812101884
9789970252213
9789380501543
9781740761239
9783368248277
9783382017071
9783382134518
9783382136994
9783382148058
9783382162658
9783382327835
9788177566369
9789814418218
9780871891051
9781591950547
9788073083878
9789394644908
9781921064135
9780071247658
9788852605901
9780603560996
9781434691378
9781572783140
9789386858764
9780201345216
9780632047819
9780683305609
9780713143874
9780890044377
9781568150154
9783131293015
9781860773518
9788176482592
9781528571579
9780031600646
9788186190722
9781390217711
9788176115209
9780078822216
9780781719803
9780836849035
9780672335839
9780909010089
9781434450579
9780521375092
9788183716321
9780415017640
9780365151722
9789814070515
9788120618572
9781416030072
9789814357753
9780852381939
9781783251292
9788173030048
9789707752016
9788187226741
9781853831331
9780123276018
9780331620979
9781390231199
9780130771223
9783032029133
9788131006818
9788190661041
9788171326112
9780881677607
9781596671157
9782226045317
9781880252291
9788184483260
9780850320985
9781569718988
9788484326779
9780260335678
9781573100151
9788182814172
9789814252546
9788195889198
9788449311215
9780077338169
9789352833283
9798268800104
9781585746255
9789380199559
9780195584707
9780631142850
9780365965565
9780143031277
9780266174905
9781439860342
9780155676916
9788178901053
9780815177364
9788131211113
9780974278780
9788170893400
9780266459958
9780365902492
9781390626063
9788131302620
9781528270786
9780754804857
9788183821858
9789506413255
9780130888259
9780858925052
9780366285624
9780745602295
9780365635970
9780285631946
9788124204269
9789390912957
9781390179323
9781528073219
9780666211248
9780195694529
9781850767985
9788183332798
9780656253838
9789251014400
9780267778263
9780483687431
9781390585872
9789810200275
9780965947411
9780195797114
9788186804421
9789384853280
9788125061038
9780484670180
9788129114563
9788888180151
9780364172742
9788120605718
9781527967748
9781297047145
9781528454407
9788197170447
9781471884177
9781471884481
9781471884528
9780397545797
9789996060809
9781420926057
9788126119202
9780265392973
9781528597494
9789580494843
9780199645718
9788869109751
9780266669135
9780397503544
9789386231208
9788120835900
9781405880428
9788175240315
9788194440031
9788119948963
9788854401549
9789349028227
9788189906955
9788173870941
9788183456241
9781403995568
9788172244644
9781575762555
9789251097939
9781741140217
9789359983059
9788122003376
9781906763237
9781944082055
9781841846781
9788189906573
9789956551897
9788188867370
9781390633641
9788131766224
9788120616707
9789386322012
9789391095130
9788131304020
9788867913022
9788170419570
9788182203730
9789350719930
9780070701182
9780834805330
9788188353002
9780884628408
9788120310445
9788176258586
9781390624526
9781404238046
9788193029060
9788833132327
9780265212264
9780365457169
9780801029332
9780852297940
9780443089749
9780713464344
9788871261379
9780267451517
9781526304490
9781526304506
9788493796044
9785519560122
9780366724505
9781528287500
9780007203994
9781071648568
9781071648728
9781071648933
9781071649305
9781403911100
9783032018441
9783032019936
9783662720226
9780985786984
9781424004775
9780833029126
9781390291353
9781551309637
9789386578570
9781390162318
9783382166151
9789372195774
9780007353378
9789812049193
9781390620160
9781390716443
9788131202104
9788176115223
9780666320544
9788869380525
9789381605561
9781390264845
9789384061531
9780070964433
9788173918056
9780091785192
9780854033980
9780789710956
9780155135314
9788170944461
9788183333085
9789386231291
9780065013450
9788170338154
9780673159236
9781903845684
9780443040917
9781860205521
9788126912544
9780656437047
9781528486729
9781528450386
9780892782147
9781439816561
9781439878866
9788178690124
9780656085118
9788496609952
9781932705669
9780979860577
9781390635959
9789332700345
9781906734022
9788186211854
9781899807567
9780656085699
9781566761390
9780365394969
9789391814816
9780483192072
9781390666274
9780484592383
9788128809965
9780483178809
9781412979818
9780266632900
9780194810999
9789380361178
9788496609976
9781608878451
9780365889007
9781780950136
9780199463114
9789380703527
9788179932162
9788889600443
9781601322432
9781528187213
9781473659940
9781390653908
9780071472432
9788180522734
9788171995899
9780070167384
9781906202750
9789287045072
9781416968504
9780309053570
9786073122023
9780656803415
9780761992943
9780070483071
9788126504282
9789388317566
9780702046919
9780756506544
9788176250573
9788126508969
9788176115490
9798232075682
9780132626521
9780483162884
9789392242441
9781390494952
9781390379747
9780863410215
9781405315821
9788808170545
9781390241884
9781528079952
9780331526844
9781528088480
9781528590259
9780522848540
9789626343999
9788183884754
9781683282532
9780823660230
9781169909496
9781907903557
9780780351707
9788496748927
9782368180013
9788441519756
9788184351583
9780683043570
9788183243322
9788190219648
9788176259347
9780521579520
9788175365247
9780752447926
9783895866500
9788179200261
9780739315354
9781390452327
9788119514304
9788176111331
9789380014296
9781297050060
9788170192701
9789384337445
9780029480007
9789971973643
9788126504251
9781390487565
9780071353854
9788183215268
9789331329745
9780864710789
9788188305841
9780266355731
9780265356968
9781579122676
9783194145030
9789251307946
9788189899899
9781873605271
9781390158168
9780321203687
9781528487214
9781610048682
9780072927795
9789357267267
9781147014259
9781390367393
9788885909359
9788189161286
9780867182088
9789354898112
9789630536974
9780199841219
9781277577662
9781390042955
9788195102242
9780266950455
9781434490827
9780397582976
9780520070516
9781390220049
9781783530205
9788176482530
9789348203243
9781434484024
9781934970188
9781844764808
9798232958329
9780198929932
9781528273329
9780786713073
9789630546461
9788496822627
9780195473698
9780789009951
9781390719956
9781297051753
9788128815775
9789392242861
9783795767556
9788896329061
9780266636854
9788417445362
9780486995991
9781390625455
9788122300291
9788173807787
9788176490023
9788129140180
9788190943895
9780666629487
9784258550593
9781921024115
9788493496531
9780582324244
9780237521646
9788493284305
9788176251006
9781169861602
9781390451740
9781528575386
9783899557862
9780683095562
9781390432350
9798268753554
9788187036050
9781406870916
9781850768005
9780321441119
9789709726558
9780265881835
9781169926783
9780670085361
9781601322678
9780267147083
9780198306894
9780262511896
9780787943998
9788178901787
9780267002061
9780810995789
9788131304075
9788170892236
9780321320353
9780321426130
9788120838246
9780805810202
9780444811394
9780666213549
9780366946709
9788171420377
9780723433347
9781148660196
9780070247734
9781429018036
9781528575485
9781528096386
9788181890153
9780195663327
9781041262633
9788857602226
9789384649388
9780521442770
9781390136517
9785717200943
9788180619250
9780415333634
9788131501740
9788194630227
9781602834248
9789387460140
9798985708516
9788122125528
9789351521884
9780366033485
9780749847760
9780706903416
9781390480313
9780666143112
9780230525214
9780750301633
9781787193918
9780735561670
9788189161767
9780803600669
9782711613694
9788176259019
9780872811171
9788420538549
9788184487350
9788829914357
9780127470306
9780091928247
9780393935165
9781390241631
9780030009228
9781390701081
9780881674309
9780201483321
9781591404545
9781905814893
9780071414210
9780688157241
9780761935414
9789363122291
9780312537005
9780366016068
9780706939422
9781850767589
9789351036579
9788182967281
9788894155945
9788184047547
9788876242120
9789332889330
9780133351415
9780395274460
9780265819722
9781390487138
9788124300930
9788496627857
9789251305652
9781107654389
9780365867593
9781390627435
9781390692778
9788171325641
9788176112420
9780361060639
9783525304013
9782711610112
9789390616718
9780131901988
9781581138603
9788170798576
9788176112628
9788184351965
9789391095222
9781844144297
9780757521706
9781390563375
9780094627505
9780297784166
9780450021817
9780713706703
9789380014548
9780265338100
9788437506081
9781390070118
9781390630237
9780226053448
9781528275637
9789363125193
9780943088129
9781845572228
9781875471003
9788181921277
9780443053139
9788171674930
9781169929784
9780314498977
9781528112482
9788170283362
9789364688086
9780615856407
9780331400281
9780484558556
9789357785563
9788179103227
9780367365004
9783825848071
9788187586722
9788187746614
9789352661718
9789380574011
9789386084873
9798253366547
9788171546756
9789388750677
9781846825781
9781138034488
9781390215106
9781489645319
9780761978756
9780813205045
9788176259378
9785519537131
9780484452113
9780431183671
9780365830474
9780706934182
9780260249906
9788183212410
9788122406993
9789402418132
9789630575348
9780226268422
9780397547593
9780260243096
9781848820807
9781590594124
9781590594407
9780656280995
9781434417633
9788957701072
9788957701096
9781108431712
9788497640930
9789358770490
9789937071215
9781611458725
9788475058054
9780666985613
9781860581786
9780808401360
9780267749072
9780874133400
9781846570520
9789386274076
9780761993094
9781390701548
9780267197941
9780483739376
9780571247240
9781390512601
9780260055712
9788175240018
9781434463241
9788120324473
9780365850304
9780484042703
9780366610051
9780415333184
9780718813659
9780571241446
9788176254670
9780205845637
9780366013876
9781943612048
9781539686392
9789251097311
9789251097601
9789394879249
9780781764292
9780194302609
9781390482829
9781403457509
9788122408096
9780267365418
9780752222820
9780471617716
9788178881867
9780716100379
9781878577016
9789392242816
9780471229988
9780666896087
9780369304520
9788120722293
9798230159773
9788176111300
9788171390045
9780265557754
9780265335581
9780340900109
9780331565188
9781844583959
9786169314806
9781390695922
9788183332552
9788449315220
9788483233955
9780199118878
9781390058659
9781580135078
9780332741703
9781390553260
9781390582826
9780365819394
9780484487573
9788174469359
9780367413460
9789388147088
9781528463430
9788120719576
9781840182866
9780321269508
9788171792054
9788197652998
9788857793689
9788176487733
9780007247868
9788441520677
9789385285257
9788183820080
9781936587483
9789814357821
9789814357845
9781390424935
9780656487493
9781390174014
9788198210043
9781390639056
9781038722607
9783825868208
9798264491146
9780366590803
9780366005000
9789381604663
9789381604878
9789381605523
9789356989177
9789384337186
9781390329896
9781390356960
9780483057630
9781390325324
9788872713945
9789380929316
9780483994430
9782251344713
9788184500738
9788185137643
9788174464323
9780794514174
9781887917155
9781932634914
9780483692817
9781390431292
9780815113935
9781390342581
9788171390755
9780656906376
9781474885379
9781847738301
9780849303784
9788176467063
9780893521547
9780266446798
9781390453706
9780821845844
9781390391299
9788176112284
9780632015368
9780412792908
9781390376333
9780760355374
9780806716312
9781556431203
9780791031537
9781390060409
9781581314526
9781975172800
9781533605689
9780415843416
9781528162333
9781908095190
9781390548785
9789380164144
9780483733930
9780944904787
9781445128238
9789211421866
9788173196416
9780072927726
9780070426351
9780267718153
9781641431613
9780130963703
9780364017753
9781390502619
9780683305883
9781390214758
9781591790211
9789389323870
9781390039078
9781259095238
9780864710901
9788170944485
9781938425080
9781884842122
9788182470828
9789074123242
9788171324484
9780364248324
9788123003696
9788189524999
9789355425294
9780521173032
9781634602051
9788129104311
9789394792197
9780521244657
9781555719364
9788180619793
9788886208307
9789036818209
9789996066108
9798258690166
9780484007597
9788183895422
9781179048611
9781434464033
9781591795681
9781588710833
9780365252290
9781528177481
9789383290406
9781390556858
9788197225017
9788131714010
9788186211847
9780199463848
9789351941507
9780267614752
9780260968739
9780194028516
9780265543191
9780332569611
9780484035491
9780265768259
9780331592504
9780364133859
9780070634251
9788889518663
9789388317634
9780618113866
9780484530644
9780443051272
9780851243306
9781662076138
9789348203410
9780265336601
9780266691914
9780855205140
9781041259466
9781390724271
9780266515340
9780331937107
9780483482753
9781527600782
9780484796804
9780262024655
9780321375834
9788839529350
9781574980899
9781390490305
9781935815242
9781423905295
9780267289653
9780486493503
9788889661055
9780666176783
9780670097524
9789067641708
9780265326688
9780666836489
9780265425718
9780536011237
9789810208363
9780265595381
9780415287111
9780484127035
9788131211922
9781333072582
9781390235265
9780763760687
9781390485233
9780331588606
9781390438413
9781390508390
9780266549314
9780806704210
9780836868494
9781405879835
9781412936972
9788171326075
9788173042256
9789371530873
9781874045779
9780199583225
9780260647443
9780331841442
9780321623683
9780266483977
9780331051100
9780331517231
9788176565523
9780331471908
9780332237442
9780332476513
9780364007860
9780365440376
9780484430692
9788120335974
9780331506785
9780331771473
9780955285691
9788121509091
9780267147502
9780331322958
9780331545586
9781390126389
9780266461463
9781477758533
9788122125542
9788131201541
9780483356634
9783032023605
9789378164934
9780340691755
9781307721744
9781528293457
9789334380521
9780140905328
9780761997382
9780331774900
9780331824858
9780365166719
9788131201589
9780484245777
9780521626675
9781390145052
9780267226443
9780666587602
9780761532385
9780443379161
9781906202774
9780265265550
9780265907818
9780331561692
9780331620375
9780364432105
9780194389112
9780265362587
9780331714746
9780364886113
9780365447085
9781390391565
9780265501108
9781527953598
9789251079140
9780331882056
9781390642193
9780331647303
9780266344155
9780450007514
9780484477895
9780265638279
9781390206432
9780331552010
9780484314541
9788126721597
9780266482901
9780071005869
9780130155061
9780267799084
9780666626363
9781784055356
9780266425229
9781588800268
9780130141446
9780470009994
9780786407675
9789388605335
9781527851245
9780750618014
9780266434467
9780332117553
9781333944087
9780265474167
9780656087853
9780195386493
9780331384178
9780331512649
9788182966888
9780656784202
9781405879101
9781558991620
9781592110339
9788188353040
9789275124208
9780706910308
9788171108176
9788177372724
9789380397146
9789390477951
9788183292603
9780613817011
9780789729378
9780260502612
9780332770147
