9780143447559
9781406302349
9781503143081
9781540512468
9788121934657
9788122315691
9788126351015
9788126911790
9788131913154
9788131931295
9788183823227
9788190721059
9788193945179
9789326350068
9789352532001
9789382127284
9789387578043
9789387578067
9789844122949
9781566091251
9788194940951
9789971692728
9780670094806
9780670098750
9780857427335
9780872864276
9781550717419
9781550718676
9781550719727
9781885003515
9781885586353
9781932511406
9781519735904
9781616381721
9788183894371
9789350280409
9780070847491
9788868263522
9780760350140
9780785406716
9781143208577
9788176060714
9788194577522
9788897449003
9798280898035
9798282146875
9798284617397
9798288050206
9798327800076
9798328123433
9798345344682
9798387333026
9788172340575
9788177222296
9780272793886
9788121404013
9781781085226
9788171327133
9781496169891
9781497508927
9781497518414
9798254518365
9798254580553
9798254647270
9789814559171
9785050016935
9788121908641
9788121923606
9788122315554
9788125007944
9788131907757
9788170084693
9788170089360
9788184231823
9789325963573
9789352877355
9789352877362
9789384559991
9788182747210
9789325980051
9789385140594
9780071074483
9789351642510
9789391560614
9780714503240
9780785167297
9780838513019
9788171338672
9789386482112
9789382314240
9780340931226
9781511435956
9781569800638
9781840812404
9781907176494
9788124203835
9788172450755
9788172454791
9788184191158
9789332536944
9789350642221
9789384456016
9780919349933
9788187250210
9783955845582
9788176461863
9788184201185
9788184204070
9783832928759
9780060575854
9781628323788
9780070683358
9781902626505
9788126537655
9789352292271
9789971973155
9780863114502
9781410900036
9788122912289
9788124600924
9788175249462
9788181921963
9788185360300
9788185990309
9788197450686
9788433977946
9789350723616
9789352666225
9789352689309
9789358770926
9789358773880
9789358777390
9789382898658
9789384344382
9789384863593
9789390461325
9789390461752
9789390825172
9789392554834
9798986311227
9788130917160
9789332515376
9789332539921
9798257193644
9780905483924
9789395259798
9798180418593
9798274944496
9788126129621
9788126940233
9788131719039
9789380914985
9789381588734
9789352834105
9781107652606
9788120345232
9788172345488
9788183225250
9788184354829
9788193445907
9788193445914
9788193445921
9788193445938
9789355733733
9789391095765
9789393715500
9798180361691
9780143029274
9788123907901
9788123917924
9788123924496
9788175994669
9789361851339
9798250370707
9788177551389
9788189110222
9789350355046
9789350355138
9789382036197
9781932429060
9788183892926
9780143101192
9780143333616
9780143333654
9780143334316
9780143335931
9780143414469
9780143418627
9780143419020
9780143425441
9780143426844
9780143428565
9780143429098
9780143439929
9780143441984
9780143444992
9780143445029
9780143446149
9780143450566
9780143451785
9780143452584
9780143454106
9780143454113
9780143457961
9780143458654
9780143459026
9780143463351
9780143465065
9780143469070
9780143472278
9780590463065
9781472923684
9781626561144
9781912502752
9788121620857
9788172238865
9788184001747
9788196318468
9789353456535
9789353456979
9789353457846
9789353493929
9789369897094
9789386106339
9789387103054
9789388810654
9789389178357
9789815351941
9788119181100
9788170521525
9788170946809
9788178671949
9788187552925
9788493473907
9789351246558
9789352668427
9789355217905
9789381951323
9789393131515
9789393801203
9789395192286
9789395192439
9788176291330
9780143064299
9781409130888
9781844773725
9788121929660
9788129115911
9789355200600
9789357029773
9798257809439
9788186685228
9789352726752
9789387380219
9780195648577
9788174670748
9788120338784
9788184355185
9788184355987
9789352137909
9789353029784
9789385244667
9791865089927
9798215299500
9781408192061
9781416527640
9780448437026
9780709714958
9780747587835
9780749686963
9781406346800
9781407543192
9781408183328
9781408183366
9781472919564
9781840723908
9781850321835
9788128815805
9788170286417
9788176472128
9788181890610
9788184957129
9788187100317
9788188575282
9788188965441
9789349905085
9789382459965
9780282824761
9780749940492
9788172760168
9788189757533
9789395162487
9788173357824
9788483234716
9780007415663
9780070153356
9780230525085
9780521752374
9780861314621
9781685542603
9781685869335
9781875889204
9788120814226
9788121936484
9788121939973
9788122315530
9788122416053
9788122426656
9788122427967
9788126313990
9788126561957
9788130911984
9788131802533
9788131804704
9788131806708
9788131807002
9788131903544
9788131903841
9788170084761
9788170554639
9788171640782
9788175543270
9788182204973
9788183210409
9788184045796
9788184301564
9788184351255
9788184781120
9788185094892
9788185231280
9788185680170
9788187111634
9788187393801
9788190773478
9788193920879
9788194780892
9788194920878
9788195166367
9789325792470
9789350233092
9789350576137
9789350576458
9789350576755
9789350577073
9789350578254
9789350578599
9789352666362
9789357941518
9789380386256
9789381416266
9789381448069
9789381588512
9789381626627
9789381626955
9789383145300
9789383746903
9789385152641
9789385724350
9789386092908
9789390085859
9789390461394
9789390461417
9789390461738
9789937800464
9789993333005
9780822556619
9798304501149
9788181921949
9780706925487
9781939739285
9788172200152
9780007476107
9788128002212
9781505452150
9788125023647
9788181901835
9789350009451
9789350727232
9789382951179
9780044401353
9780140217988
9780140805789
9780195807332
9780316909860
9780340627372
9780356126005
9780462004303
9780521287739
9780563363620
9780620050357
9780706403558
9780708831137
9780708881293
9780709057680
9780711011991
9780713409925
9780720708745
9780749395032
9780831790844
9780853053446
9780855337605
9780855980771
9780900199141
9780903696357
9781564963925
9781842223819
9781850520160
9781852791544
9781854860750
9781855019126
9781858541549
9781868722358
9781874336006
9781933549156
9788119196593
9788120815414
9780367474683
9781312322585
9781633919266
9780431014999
9789390709762
9780819110626
9783527273898
9788170589006
9781874545071
9788122136678
9788125000808
9788125019190
9788125023449
9788188230594
9789358567717
9789382673736
9789386084491
9783834638236
9780439338233
9780571216413
9781923593817
9781923625044
9781960810014
9781970852127
9781970852172
9788170280064
9788184022681
9789325979963
9798901946244
9780230537675
9788173917288
9788195475025
9781445659954
9798276176192
9780007211326
9789812617637
9798879012026
9781406311617
9788119035533
9788170288183
9789380026619
9789383751464
9789384447229
9789387539488
9789388804844
9798329072938
9798675421176
9780199545001
9780199545063
9781471884054
9788119670215
9788120347540
9788121501385
9788121502481
9788121508025
9788121510349
9788121612722
9788122315103
9788123711232
9788130924021
9788173710896
9788174469311
9788177665369
9788178557427
9788180520112
9788182743878
9788184351552
9788185094762
9788188588121
9788190288323
9788193655580
9789326351164
9789326355605
9789326355865
9789339219543
9789352874804
9789380428819
9789380853024
9789383635634
9789384082000
9789384319083
9789385509759
9789387486935
9789390461387
9781512017632
9788173175121
9789355293459
9788131510957
9781723449055
9788125953609
9788176113977
9788193334966
9789384447151
9780316210744
9780981777887
9781177573719
9781845133672
9788175993129
9780143028116
9780143064220
9780143102946
9780143333036
9780143333562
9780143420859
9780143422822
9780143423218
9780143447016
9780143447702
9780143453758
9780241319482
9780330451512
9781402217395
9781407530161
9781848779914
9781889140896
9781953650078
9788119300860
9788123921730
9788123921761
9788185877228
9789350296899
9789351160229
9789352758500
9789355317414
9789372260205
9789381398494
9789382616276
9789383318841
9789385436628
9780194774505
9781107635784
9781107673434
9788194635499
9788184571295
9788184571387
9788190508704
9788194772774
9788866654902
9789351394419
9789351394426
9789363122161
9789363122796
9789363127685
9789380405698
9789380827001
9789381054581
9789381582800
9789382400004
9789383468225
9789383513185
9789385448171
9781429107938
9781948235228
9798215473719
9798231407828
9798232014032
9798233291012
9798233307737
9798233527166
9798233529634
9798233664243
9780007282272
9780874203707
9780874203943
9781855145320
9781869403836
9781869403942
9788121937047
9788122315561
9788125950011
9788125950851
9788126313334
9788126315734
9788126913145
9788130406374
9788131800355
9788170081197
9788170087496
9788170188544
9788172238698
9788173154669
9788173814778
9788184302592
9788188204465
9788189573775
9788400059125
9788498980967
9788893916066
9789348740434
9789350483893
9789350484005
9789350485224
9789350489994
9789353227548
9789371977838
9789381448168
9789382618829
9789383111114
9789383111503
9789384344016
9789384344160
9789386001290
9789386001344
9789387919488
9789390366798
9789390378739
9789393113276
9789395767781
9789681615444
9781855739840
9788123914640
9788129137463
9788129151483
9789353333768
9789370039575
9789391256142
9788125931393
9788182965355
9788186706831
9788187780908
9789350131527
9789355218391
9789384857417
9781416954927
9788184353648
9788123914398
9788184353693
9789390327911
9781512141399
9781523608447
9781855765023
9788131728406
9788174532855
9788184680935
9788184893007
9789350948156
9789351450238
9789380601830
9789386365002
9789388005418
9789388426954
9789388750042
9789390455973
9780550104083
9780600605980
9780733616495
9780749670306
9780781737104
9781506704944
9781561387755
9781853758096
9781861473677
9781878086266
9781903258255
9788129103413
9788131201855
9788131252192
9788174365132
9788178794037
9788190991476
9789036626095
9789351429029
9789382066422
9789384961879
9789385880148
9788183562485
9780143446248
9789355439017
9780074622599
9780670049509
9780950678528
9781451118087
9781472908629
9781472926326
9781472940674
9781784870959
9781788287500
9781839408588
9788173813672
9788174463623
9788176298933
9788183764339
9788184871173
9789350098141
9789351246497
9789359778020
9789367712054
9789386643858
9789392791291
9780957702066
9789061915485
9789352532841
9789810953119
9789992194003
9798855188967
9780886194451
9788172000028
9788190419253
9780070324060
9781546718819
9781592237548
9788869392238
9780857426352
9780875530499
9788174531087
9788184047721
9788184048902
9780785132554
9780521752053
9781787190603
9798227003393
9798232137472
9798232183066
9780471380290
9789332584495
9789386300157
9780195643749
9781407526102
9788131902035
9788178243368
9788195088270
9789360620547
9789362528841
9789384439965
9789388965194
9780602301361
9780620308397
9788173915819
9781403485922
9788170288114
9780070585997
9798248802470
9788176500302
9789389686197
9780195603149
9780198062585
9781259061851
9781743796962
9788120327849
9788175221062
9788178121161
9788181431936
9788189795214
9789350330692
9789350369241
9789355212931
9789356557963
9789357764674
9789358954067
9789360079604
9789381283271
9789386298461
9789389191967
9789389458626
9789390265565
9789394591516
9789766373931
9780198064268
9780781719674
9781905422548
9788120306721
9788123901985
9788123929354
9788172343866
9788172343989
9788183225236
9788183227926
9788184000559
9788864011295
9789352877218
9789372903805
9789374079409
9789381017852
9789387964372
9781471830976
9789392299179
9781528319461
9788190266604
9781662714511
9781662714795
9781662714894
9780008463779
9780008486006
9780063483552
9780143027744
9780143063353
9780143100584
9780143102809
9780143103189
9780143103301
9780143332589
9780143420224
9780143422242
9780143423492
9780143427933
9780143429067
9780143449881
9780143449898
9780143451686
9780143454618
9780143456476
9780143463962
9780143469223
9780143471400
9780143472773
9780143474074
9780143475781
9780241401958
9780241679739
9780241804032
9780312529789
9780330460644
9780525541424
9780593222263
9780670095735
9780674495272
9780689853432
9780702315565
9780753445921
9780765365736
9780857426383
9781035026296
9781250326874
9781338305777
9781408841945
9781408871669
9781447214892
9781472909473
9781472926388
9781789297393
9781835693919
9781835693957
9788119554201
9788172236762
9788172238759
9788172239800
9788172345594
9788175994584
9789350290569
9789350290682
9789350290828
9789350297650
9789351036784
9789351160793
9789352774593
9789352777433
9789353494070
9789353571474
9789353573225
9789354402524
9789354405495
9789356405431
9789362054340
9789385827518
9789385827693
9789386643094
9789386826831
9789387779631
9789388144070
9789389109054
9789389567922
9789390327645
9789390327904
9789390358434
9789390742073
9789391067397
9789391316419
9789393986375
9789815162165
9789815162172
9789815162196
9789815162448
9789815162455
9789815162677
9780143418016
9780861312160
9780956510228
9781316642658
9781444192193
9781542040471
9781639407194
9781646500994
9781646505975
9781685548001
9781838208240
9788120324121
9788120324435
9788120326903
9788120327795
9788120332836
9788120342286
9788120717473
9788120728271
9788120744059
9788120768475
9788120768819
9788121614917
9788121915151
9788121924825
9788121926362
9788122414455
9788122415995
9788122426717
9788122435627
9788123913322
9788125025160
9788125030140
9788125942610
9788126310371
9788126561193
9788131521403
9788131801956
9788131805350
9788131807187
9788131807705
9788131909683
9788170089896
9788170162483
9788170463436
9788170560708
9788170592631
9788170592693
9788170944980
9788170945628
9788171855537
9788172110574
9788172764425
9788173710254
9788173713712
9788176211901
9788180522093
9788180568862
9788181379986
9788182964891
9788183602068
9788183820400
9788183820820
9788183821797
9788183823197
9788184043419
9788184044751
9788184046953
9788184303261
9788185119717
9788185636375
9788188569526
9788189093310
9788189093952
9788189973049
9788190843003
9788193175187
9789326352956
9789339220945
9789348911711
9789350333716
9789350571125
9789350571163
9789350571330
9789350571347
9789350571835
9789350576304
9789350576311
9789350576335
9789350576588
9789350576595
9789350576618
9789350576625
9789350576656
9789350576762
9789350576779
9789350576786
9789350576854
9789350576885
9789350576892
9789350576960
9789350577004
9789350578537
9789350717639
9789350717660
9789350717783
9789350718810
9789352741366
9789352741373
9789355210142
9789355211903
9789355213167
9789355620675
9789355716620
9789357940146
9789357941501
9789357942928
9789361030321
9789361030512
9789361031410
9789361033810
9789361034329
9789361034602
9789361036705
9789361038471
9789361038808
9789361039072
9789380114231
9789380222615
9789380536095
9789380618036
9789380619675
9789381159170
9789381384800
9789381588949
9789381626238
9789381626504
9789381626788
9789382618485
9789382711261
9789383260058
9789384043537
9789385509056
9789385750304
9789385961113
9789386189264
9789386379757
9789386484710
9789386500281
9789387672574
9789387672857
9789387672888
9789388333238
9789388689854
9789389600513
9789391598297
9789392963032
9789395101783
9789789699667
9789937291248
9798890678065
9798890679697
9798891336940
9798891339798
9798891867727
9798892334303
9798892773294
9798893226980
9781782213857
9783943185294
9788193334928
9789382591856
9780174440673
9780241528365
9780747239505
9781405091077
9781681521657
9788170282563
9788175349582
9788184080957
9788189798154
9788193199756
9789241541770
9789388002080
9788173718649
9789352101450
9789389108033
9780199485246
9781494811303
9781846684241
9780327101420
9781316642696
9781841938844
9781848352520
9788122435771
9788123925950
9788178120324
9788190787697
9788198681508
9789348552501
9789355350831
9789356129542
9789356794009
9789358384772
9789369547074
9789372903287
9789386931917
9789391277772
9789391543563
9789391793920
9789395437479
9788186569528
9789349550643
9780670085217
9780670091997
9780962511868
9781444107739
9781511415132
9781511429498
9781512010442
9781512028232
9781512360240
9781512369489
9781519735379
9781519735706
9781519735850
9781563898204
9781743006481
9788120341135
9788184022308
9788196319182
9789388326773
9789388434638
9781508467144
9781544096124
9781622601134
9781852309565
9780190131845
9780198094364
9780706948097
9788172361549
9788178102788
9788183612623
9788185458588
9788187771777
9789380828572
9789556583090
9780857427427
9788131724033
9780006293392
9781593890797
9781850158332
9781850158448
9788122416596
9788126941490
9788170708056
9788175970625
9788181803092
9788182963955
9788183324724
9788185680934
9788187332237
9789349578395
9789352877348
9789386179296
9789388537698
9798889868828
9798903424337
9789332579590
9789387153585
9780857428387
9781586634384
9781588103826
9789350584873
9789360623371
9789814882972
9781848356801
9798268266740
9780870409639
9781420659498
9788183243681
9789349905597
9789381335000
9789383318810
9780190133832
9781316642702
9781906735470
9781927136249
9788173816734
9789356813847
9788172670191
9788178120461
9788178244952
9788185578033
9788189995348
9788196396718
9789347019043
9789347497278
9789347497933
9789350001813
9789350002445
9789352293490
9789357490368
9789360620066
9789361808586
9789384883737
9789388126571
9789388434935
9789391925109
9789812530837
9780307349934
9780761512943
9788121935128
9788173044533
9789371235006
9780006387817
9789386635136
9781382036177
9781402710582
9788184951431
9788496627406
9789357022095
9789386702319
9789387989887
9789389000788
9789390514458
9788119348954
9788120339187
9788169819206
9788199620841
9789355184474
9789357808255
9789358774207
9789360459543
9789371974035
9789371977975
9789371978088
9789371978200
9789371979900
9789388241731
9789390533763
9780195696387
9780201067408
9781107504448
9788120325883
9788121929295
9788123700397
9788123757582
9788125015956
9788127213343
9788170666103
9788170702016
9788170709626
9788172292256
9788172292584
9788173157264
9788173157288
9788173159312
9788177212181
9788183561556
9788183615235
9788184300840
9788185826134
9788185830063
9788187046059
9788188140954
9788188266692
9788188267552
9788189573621
9788189645311
9788199230323
9788449320590
9789350003756
9789350481943
9789350482322
9789350485101
9789350485118
9789350641446
9789351863175
9789351864387
9789351865049
9789351867234
9789351869726
9789352293940
9789352660667
9789352663064
9789352667444
9789354496912
9789355211569
9789355211828
9789355212061
9789355212115
9789355213846
9789355214942
9789358770216
9789358770230
9789358770841
9789358773118
9789358776898
9789362879080
9789381302019
9789383206995
9789383774203
9789384343064
9789385497247
9789385621154
9789386054753
9789386585684
9789387672482
9789390423774
9789390900534
9789390911653
9789391061838
9789392013560
9789392013843
9789392573439
9789394168565
9789403667881
9781503130951
9788170330608
9788170891468
9780141395777
9780143100935
9780143421740
9780708864036
9780708864050
9780719523328
9780749689711
9780749690175
9780749941413
9780750292726
9780893890438
9781407239408
9781409131397
9781409133995
9781409141082
9781508738770
9781511412292
9781511427906
9781511430067
9781511790765
9781511951272
9781512209174
9781512352115
9781512363517
9781512365986
9781512366204
9781512366334
9781514763407
9781843911128
9781845074395
9788126941360
9788170419938
9788172252151
9788176467780
9788176472913
9788186190951
9789354429712
9789382543121
9780198089995
9780199471614
9789840515233
9798268551938
9780070052734
9789381506059
9780989837422
9780613099448
9781338800517
9788120336025
9789383989263
9798246163658
9798248096787
9780333425091
9780571149155
9780947655624
9780986173004
9788120815186
9788121927734
9788121929165
9788121941662
9788122413267
9788125018872
9788131802625
9788170947370
9788171949526
9788173710469
9788173715020
9788173715822
9788174465900
9788178120911
9788180562983
9788181374509
9788181375728
9788182941069
9788184121384
9788184619607
9788188071357
9788188225712
9788193339756
9788198096760
9788198314635
9789325956162
9789334270655
9789347450365
9789347875922
9789349669796
9789350946855
9789351448600
9789351448617
9789352511372
9789352511488
9789356054240
9789356739888
9789357010429
9789359578699
9789359629933
9789360745929
9789361803666
9789361977220
9789362864437
9789363774636
9789363887336
9789364313285
9789364314503
9789369610969
9789370465817
9789372516654
9789373350462
9789373579498
9789374623824
9789381530429
9789382114482
9789384028817
9789384315894
9789384761585
9789385875267
9789385929922
9789386552051
9789386561589
9789387672628
9789390085460
9789390871803
9789391730284
9789392204340
9789392337833
9789392593277
9789394112063
9789394710474
9789395689045
9789810185435
9798891868359
9798892338530
9780195637007
9780691113371
9780691145693
9780771012389
9780857428509
9780887432477
9788171616312
9788171619092
9788177662061
9788177664638
9788177664744
9788177668384
9788178890401
9788184580778
9788184980684
9788184983548
9788184985047
9788185244198
9788187810124
9788188452002
9789327231175
9789358713428
9789359393537
9789359393582
9789359393681
9789359394534
9789360464936
9789360465568
9789361152719
9789380078212
9780743461535
9780749453800
9780857428325
9789353222277
9781416500490
9781539569466
9788176460897
9780001361218
9781840785678
9788126552801
9788197026805
9789360621728
9789395757973
9780140269512
9780143414698
9780143416531
9780143426097
9780143441311
9780143445975
9780198069614
9780241621882
9780241643310
9780241681282
9780330452861
9780593102268
9780746073919
9780751333596
9780997452860
9780999076668
9781035016037
9781472918680
9781509839247
9781509885305
9781529006520
9781550710632
9781597071505
9781909823167
9781951511692
9788123919508
9788170460008
9788170545644
9788172239299
9788172239695
9788189645304
9788196097813
9789350296974
9789352132416
9789353576523
9789354471889
9789382745099
9789386215116
9789388983839
9789389109559
9798894754666
9780857423948
9789352764907
9789381607138
9788126522453
9788178243856
9789350132760
9789387153608
9789387225121
9780141319476
9780521752572
9780571214785
9781537425900
9788184485592
9788184121452
9798264693205
9798294486938
9788131209097
9780199127252
9780876920435
9781403931009
9788119626908
9788121923187
9788121926898
9788125020875
9788131716342
9788170709633
9788170709855
9788173816635
9788173911125
9788181378736
9788183324731
9788186906354
9788190657907
9788197550829
9789311122922
9789324403216
9789334212921
9789347354267
9789347683886
9789349972476
9789350901816
9789358329315
9789358576856
9789362837318
9789364315999
9789367835555
9789374069134
9789380210049
9789383660650
9789384203702
9789386285416
9789387672901
9789387919914
9789389796490
9789390129515
9789391157197
9789391714963
9789391994648
9789392242274
9789392474408
9789392624544
9789394266452
9789395117531
9798903192489
9789384857202
9780063444720
9780143447634
9780706983500
9780889104570
9780889223530
9780889224964
9781595347114
9781595800169
9781885586971
9788119208210
9788172739393
9788177680447
9788184080759
9788184080827
9788190848725
9788195407118
9789374735473
9789380456331
9789390588022
9789390588435
9789390891894
9789393393814
9781572480940
9781596041653
9781390434880
9781888232042
9788131001875
9788178884585
9789353165666
9780670999156
9781404112025
9788120348547
9788125907947
9788183600446
9788189357009
9789352877225
9789386101204
9789389552423
9789390576203
9789729867255
9788170558088
9788178120157
9788178123189
9788184873832
9789349290303
9789463414166
9780241511718
9780340911013
9781523084661
9781626568143
9785449640314
9788131404041
9788168637887
9788170287568
9788178813189
9788198742155
9789349905108
9789363124486
9789383286935
9789389546286
9789389749717
9789391618384
9789393596642
9789395757409
9781969649554
9788131414477
9788173814969
9788180697661
9788184620047
9789350560754
9789350561003
9789350630198
9789381209509
9789384761851
9789386245076
9789386245632
9789395162524
9780769638140
9781583552506
9781583553435
9780199471225
9788182233447
9789354513909
9789354791321
9780198071532
9780198732143
9780199471096
9780230324428
9780391028289
9780863111099
9781108402286
9781259027048
9781403926524
9781403930378
9781405138949
9781471883996
9781684947201
9781685639938
9788120346161
9788120757226
9788121503211
9788121938990
9788121940276
9788122204155
9788122205015
9788122205633
9788122410280
9788122414509
9788122417623
9788123903132
9788125011491
9788125037385
9788125937050
9788126310012
9788126319107
9788126561902
9788126561919
9788126903160
9788126908875
9788129113207
9788130900056
9788130929798
9788131802069
9788131802908
9788131803042
9788131808252
9788131808641
9788131916469
9788170083429
9788170088677
9788170558491
9788170708087
9788170709879
9788170949374
9788171086443
9788171563197
9788171640614
9788172111403
9788172161774
9788173041228
9788173157356
9788173158551
9788173715006
9788173715037
9788173815614
9788173816468
9788178690667
9788178693804
9788179860090
9788179919057
9788179932360
9788181430021
9788182748323
9788184302127
9788184303759
9788184350371
9788184731170
9788184872187
9788184873801
9788184873863
9788185002750
9788185211886
9788185689029
9788186762318
9788187111641
9788187134879
9788188071227
9788188121984
9788188157853
9788188479337
9788189573638
9788189766399
9788189928360
9788190647922
9788192763941
9788193293911
9788193293942
9788193293966
9788193324363
9788194024668
9788194658108
9788194843924
9789325968936
9789326352031
9789326352802
9789327276350
9789348552341
9789349184817
9789350361450
9789350361467
9789350362938
9789350482292
9789350485330
9789350489949
9789350570555
9789350571071
9789350571187
9789350576151
9789350576175
9789350576465
9789350576977
9789350577950
9789350578223
9789350578285
9789350578605
9789350578933
9789350598337
9789350640067
9789351382652
9789351449805
9789352133994
9789352294145
9789352665228
9789352665433
9789353227685
9789353228422
9789353229269
9789353768850
9789355628091
9789356182721
9789357430777
9789364878784
9789367254363
9789374956793
9789380005881
9789380186078
9789380550893
9789380592213
9789380618104
9789380761541
9789381448472
9789381448519
9789381448762
9789381448885
9789381506448
9789381588222
9789381588314
9789382114581
9789382258193
9789382579649
9789382618386
9789383145171
9789384028435
9789384043605
9789384043636
9789384061586
9789384343774
9789384344788
9789384721879
9789385160936
9789385244520
9789385244612
9789385445873
9789385724329
9789385875274
9789385919473
9789386001566
9789386001887
9789386001948
9789386001955
9789386054951
9789386224477
9789386224590
9789386379795
9789386379818
9789386600516
9789386620460
9789386755193
9789386799210
9789386850300
9789386850867
9789386870261
9789386871305
9789386871572
9789386936066
9789387578845
9789387925618
9789387968097
9789387980518
9789387980662
9789388095167
9789388107341
9789388333870
9789388676304
9789388689489
9789388788991
9789389471113
9789389982633
9789390372027
9789390531752
9789390767380
9789390923625
9789392963049
9789395731621
9789395778510
9789937893152
9789993648925
9798891337756
9798891338395
9798891339187
9798891865853
9798891869097
9798892335386
9798892338769
9798896996842
9798900893037
9798902071112
9798902966845
9798903192250
9798903426881
9798903629329
9798903920228
9798903924653
9798904510763
9798904516413
9798904791469
9798905602337
9798905604409
9798259418998
9780749696863
9780823438907
9781529087710
9781904573616
9788187698463
9781542754736
9781607277255
9789349317703
9780521752275
9780521752497
9789358546064
9789360336875
9789381212936
9789389749724
9780470591475
9781470639068
9788197028090
9788198654366
9788896651001
9789348078780
9789356818866
9789358771848
9780198064114
9781522856337
9781594774072
9788123905662
9788129116017
9788129129055
9788129131201
9788129136916
9788129144584
9788184351385
9789351676737
9789353332488
9789353517991
9789354420764
9789355204141
9789355209825
9789361560231
9789383214136
9789385915673
9789387249004
9789390046171
9780135136935
9788416432783
9789380828541
9789387964792
9798282279610
9783938780589
9789350356524
9780982396261
9781534782518
9788177227574
9789386702371
9789388292061
9789390166510
9789391019594
9780198080046
9781477655214
9781499595833
9781869416478
9781933804194
9787758854628
9788121101738
9788121507714
9788121508254
9788121905008
9788121938983
9788121941709
9788122411812
9788123923338
9788125026419
9788125950066
9788126557363
9788126569472
9788129108296
9788131518410
9788170947745
9788170948049
9788172111199
9788172332754
9788172336868
9788178555584
9788184046113
9788184350944
9788184351705
9788185109442
9788186050767
9788187680031
9788188629626
9789347253089
9789349941687
9789350947203
9789352137732
9789353166779
9789355321138
9789356064928
9789357884068
9789378255953
9789380444536
9789382026983
9789383828425
9789385243851
9789385915994
9789386845214
9789387643529
9780199471027
9780198089858
9780670088140
9781602140059
9788122412086
9788183600958
9780070455108
9781300882633
9789334042153
9780141028187
9780340846667
9780749696160
9780749952594
9780750256100
9781409123132
9781841497020
9781844081080
9788172453916
9788173816062
9788176467797
9788176498340
9788179921517
9789350092026
9789389538151
9789389995015
9789393850713
9788123923659
9780230574168
9781410903617
9780198834649
9780199487301
9780857422262
9780857422385
9780857422439
9780857423245
9780857423504
9780857423894
9781138237391
9781855739765
9782359340662
9789385932793
9780550106957
9780794510947
9781276311038
9781507608432
9788179921678
9788187863526
9789354550942
9789366270968
9788426364500
9789384852610
9780070435780
9780199479504
9788120321045
9788120349759
9788131711323
9788178813202
9788191038897
9789356813830
9789380026015
9780008403775
9780008799564
9780008801007
9780063322363
9780143064077
9780143066750
9780143066941
9780143334019
9780143419976
9780143441601
9780143442622
9780143450139
9780143450610
9780143453048
9780143460763
9780143463405
9780143469827
9780143471790
9780143474777
9780143478775
9780143480617
9780241795071
9780241802427
9780263397505
9780385369923
9780525555681
9780545605809
9780593533307
9780670095780
9780670096572
9780674270794
9780857424303
9780857424754
9780857424990
9780857425003
9780857425027
9780857425256
9780857425263
9780857425270
9780857425287
9780857425423
9780857425478
9780857425485
9780857425768
9780857425799
9780857425935
9780857426116
9780857426147
9780857426536
9780857426871
9780857426956
9780857426994
9780857427076
9780857427533
9780857427854
9780857428349
9780857428356
9780857428837
9780857429841
9781368055901
9781398503960
9781398512283
9781398540798
9781400337323
9781402794520
9781406389043
9781408183427
9781408359495
9781408888216
9781472973634
9781472978042
9781506701547
9781509859191
9781526603371
9781526609991
9781529025927
9781774584873
9781786070753
9781788709927
9781789894851
9781803090566
9781803092126
9781804548561
9781911242994
9788172239411
9788172345587
9788175993327
9788184481631
9788184776805
9788194865476
9789350090619
9789350290118
9789350294109
9789350296172
9789350297476
9789351772385
9789353451004
9789353455514
9789354350603
9789354358968
9789354359798
9789356290822
9789369522279
9789385436437
9789386826787
9789388302982
9789390679942
9789393701312
9789815162660
9798894463988
9780063158979
9780230636613
9780312516710
9780683303506
9780746086537
9781597078191
9781879794382
9784049800357
9788126305315
9788171693863
9788172291150
9788172293758
9788173155000
9788173155925
9788173157172
9788177214284
9788178695174
9788183224284
9788184301007
9788184301625
9788184451139
9788190224734
9788194533832
9788197380679
9789327216707
9789347019517
9789348418203
9789348422217
9789350000199
9789350480441
9789350481516
9789350481707
9789350482049
9789350482797
9789351867814
9789352660117
9789352660483
9789352663620
9789352663804
9789352663811
9789352665617
9789352666003
9789353223564
9789353224226
9789353225872
9789353229054
9789353229450
9789355212764
9789361971181
9789366653938
9789380183190
9789380839509
9789385873355
9789386001856
9789386054760
9789386054845
9789386231086
9789386870193
9789386936103
9789387968646
9789388351164
9789388984027
9789389310009
9789389633023
9789390101733
9789390288083
9789390378999
9789391793593
9789393096401
9789394176515
9789395386180
9798893222944
9798902966876
9780631139874
9781942899778
9788126113446
9789350832998
9789350941898
9789350943588
9788126130665
9788175102729
9788195058150
9788895650203
9789386823250
9789810185473
9789812458933
9798223536468
9783034341776
9788123908519
9788123916323
9788123924588
9789332546974
9780199451050
9780736869485
9781403930309
9781582300177
9781600780493
9788175812826
9788176357029
9788186569610
9788196447991
9789380618456
9789386824493
9789387765665
9789392080685
9781403945433
9781494278120
9781494472146
9781496182180
9781496182364
9781496182555
9788178220796
9789348235497
9789352293070
9789359231129
9789386561787
9780195697315
9780199481071
9780367750022
9781032374512
9788120348097
9788131907542
9788183050029
9788184764826
9789351506645
9789388335645
9789694022833
9789363120204
9789363122369
9780794517045
9781936041305
9781407536477
9788120315778
9788126052165
9788131708903
9788180450242
9788897730156
9789355480798
9789384378189
9789386141859
9789387880023
9789390351589
9789681634155
9798180719508
9780190128043
9780193403642
9780195619409
9780199459902
9780199685417
9780333904596
9780706914337
9780706960976
9780706976212
9780983599289
9781009185905
9781009274012
9781009274036
9781401907723
9781638866718
9781648694240
9781685635114
9788120332454
9788120339279
9788122414714
9788122448863
9788125032069
9788125038320
9788125924050
9788125949633
9788126311200
9788131809846
9788131937839
9788131970928
9788170081517
9788170087212
9788170089124
9788172110420
9788172160074
9788172293215
9788173713873
9788173714375
9788174466433
9788182964648
9788183761024
9788183990103
9788184043310
9788184655643
9788184870503
9788184874273
9788184890679
9788193262894
9788193300930
9789325980587
9789347206665
9789347263019
9789350021569
9789350361474
9789350361573
9789350562857
9789350719763
9789351365006
9789351448976
9789351450306
9789352877089
9789354425103
9789354551888
9789354801297
9789355856852
9789357439343
9789358770353
9789358905724
9789364028219
9789367253960
9789380260402
9789381430576
9789381523094
9789385509681
9789385976568
9789386189042
9789386390752
9789386585424
9789387672833
9789387672840
9789387672895
9789388528207
9789392957574
9789393393579
9789393801210
9789395778565
9789698181024
9798903196623
9798903421329
9798905100123
9780198065210
9788123924557
9789381335185
9798269104577
9798275396256
9781596300682
9788492636693
9788492636730
9789390163472
9780340733417
9780753513200
9781035036271
9780920717578
9781550711035
9781785080043
9781785080210
9781785080609
9781785080678
9781785080722
9781785080760
9781840593785
9781840594683
9781840594706
9781840596632
9781840597493
9781931741125
9781931741460
9781444100266
9788122301342
9788177223767
9788187374466
9789354898044
9789373743110
9798354941513
9781259027246
9788186569498
9789389742336
9798247730293
9780756617806
9788121939485
9789388293884
9781403457080
9781934287897
9780140818079
9780141390666
9780823442485
9780857420022
9780857420206
9781623541736
9781889140872
9788120800403
9789381759028
9789391818029
9780333903742
9781405123969
9788120348578
9788120350458
9788176461306
9789333212885
9798227235411
9798227382535
9781403910905
9788170229964
9788178242996
9788183322935
9789350040485
9798903194650
9798903421534
9798903929214
9798904318505
9798904518073
9798904791018
9781904798293
9789362144744
9789388725590
9789390886463
9780613075145
9781535126588
9789355019110
9798264037948
9788177224856
9788184046472
9789382395133
9780333936436
9781138360860
9781528515467
9780880450027
9781403400659
9781403444530
9781523707553
9788120806023
9788197061028
9788480763905
9789372487770
9789388243469
9789391895907
9789393477347
9789354779886
9789355322463
9798297713130
9798725626551
9781107680647
9781539919469
9789388022057
9798232600006
9789388788977
9780857421746
9780898657654
9781548159399
9788126513628
9789380026367
9789393393906
9781512001051
9789386635204
9789388159715
9780749456306
9780753473009
9781471890369
9781845387020
9788120811461
9788125038306
9788125044741
9788131923672
9788179306826
9788183850322
9788185604077
9788185604978
9788187966685
9788194871446
9788881842629
9789311126913
9789339221416
9789350714911
9789352745845
9789352877317
9789370202726
9789381385449
9789381385456
9789381841488
9789389718744
9789393642288
9798894463155
9798903420346
9798903428236
9780195676969
9780199489701
9788123914701
9788131701829
9788131800546
9788171171279
9788184885798
9788184957969
9788199268760
9789349358218
9789349965720
9789350560150
9789350564554
9789351567202
9789358807431
9789382951957
9789390711444
9789815368185
9798175736992
9781484276006
9781901094114
9783125608634
9788172363369
9788189974664
9789350464366
9789350466131
9789364489782
9789385854699
9789395162012
9780008805302
9780062932624
9780143063520
9780143425380
9780143444497
9780143450504
9780192869418
9780241568125
9780241572610
9780241604564
9780241720196
9781035057221
9781035078820
9781408724682
9781509877706
9781509897162
9781509899159
9781575658483
9781788009911
9781789580686
9781789580709
9781837260645
9781911689232
9788170553823
9788172237646
9788184776935
9788194998488
9789348161024
9789351199175
9789352743643
9789354803123
9789355180902
9789357754507
9789362837127
9789370465312
9789380037042
9789385401480
9789390777075
9789395019552
9789681318581
9789988953812
9781906497286
9788123922973
9789390612512
9789387957671
9781403433459
9781537079530
9780340605578
9780143332565
9781408151365
9788175102514
9788175102668
9789381350393
9780097177229
9780387949628
9781540327611
9781946390271
9788120327122
9788120337268
9788121500111
9788122309973
9788125025535
9788126913985
9788130917634
9788130933689
9788131802090
9788131802694
9788131804902
9788131807798
9788170086246
9788170172956
9788170690474
9788170944638
9788171391493
9788171694815
9788171856794
9788173714856
9788173717734
9788173815270
9788173815621
9788174466662
9788174467317
9788174469854
9788175242883
9788176930208
9788178241715
9788180521362
9788181372840
9788181372864
9788183224826
9788183227254
9788183329538
9788184040104
9788184200386
9788184201338
9788184303452
9788184541359
9788184873153
9788185381183
9788186921166
9788193817544
9789326355780
9789351472148
9789352744237
9789353500214
9789354472923
9789354660856
9789355629432
9789360742737
9789380856070
9789381523766
9789383124008
9789383260591
9789385152900
9789385244513
9789385966224
9789386850386
9789386906779
9789387672307
9789387840485
9789388159623
9789388632355
9789388750493
9789388754118
9789390085712
9789390875436
9789393349811
9789698042004
9789788192138
9798885750578
9798889099512
9798898545031
9798900077284
9798900543727
9798902311713
9798902312185
9798902963981
9798903193011
9798903198153
9798903421749
9798903427031
9798903429721
9798903621682
9798903624232
9798903628230
9798903628421
9798903920334
9798904313203
9798904313418
9798904318567
9798904791377
9780062470577
9781408889954
9781409128953
9781409141099
9781445104010
9781863513708
9788126701261
9788131526309
9788131790304
9788174452269
9788176463751
9788176464741
9789381595725
9780431058375
9788131218181
9789369584840
9798246834701
9781304906496
9788184870893
9780195666212
9780670099436
9781807154424
9785846847927
9788131420300
9788172333522
9788177545197
9788177750119
9788195246830
9788197032776
9788197609794
9789348078735
9789350001868
9789350003435
9789350724613
9789350724651
9789355185105
9789356730342
9789357175432
9789357473088
9789357796736
9789359473871
9789359479248
9789362838261
9789362879653
9789366659107
9789367251546
9789370029262
9789370462830
9789370463240
9789371077132
9789371430913
9789373356785
9789373740188
9789374067932
9789374627112
9789376866281
9789381619568
9789382685258
9789386799319
9789387330467
9789390129874
9789390182886
9789390951246
9789391634315
9789392617119
9789392803765
9789393232137
9789393679604
9789812740694
9798903300907
9798903301461
9788182232938
9789352727179
9789390961795
9789814126571
9788184485035
9780062396266
9788119014392
9788191005813
9789371972963
9789388241267
9780385236355
9781648056499
9781845691202
9781997840725
9782078632543
9788123924090
9788125043256
9788125912439
9788171100026
9788172292171
9788172294748
9788172299927
9788173151958
9788173155970
9788173156809
9788173156861
9788173156977
9788173158698
9788176638890
9788177211375
9788177213584
9788179931226
9788183326490
9788184043723
9788184350852
9788185990644
9788188267583
9788188267736
9788189973803
9788193433263
9788194159711
9788194414940
9788194921059
9789350236918
9789350480519
9789350481301
9789350482964
9789350484258
9789350484708
9789351445739
9789351863229
9789351864868
9789351864981
9789351866039
9789351867630
9789352134144
9789352135714
9789352512195
9789352660476
9789352660834
9789352664412
9789352664658
9789352665426
9789352666355
9789352669561
9789353224714
9789353226220
9789353226244
9789353226503
9789353228347
9789355628800
9789358770124
9789358770155
9789358770186
9789358770193
9789358770223
9789358771350
9789358771893
9789358772005
9789358773033
9789358773545
9789358774443
9789358776317
9789358777185
9789358777468
9789363558434
9789381063163
9789382609650
9789382901372
9789384344740
9789386691491
9789386870131
9789386871206
9789388159685
9789389048001
9789390461936
9789390923151
9789391297350
9789393393661
9798903192373
9798903429028
9780600614401
9780746066539
9788174369055
9789350358092
9789352440245
9788173199028
9788447225293
9788497633239
9780071478229
9789388676809
9798248152261
9788131512388
9788190099110
9789386217509
9780113206896
9780194725910
9780194726146
9789350685693
9789360518714
9789380864686
9789380906584
9789389904895
9781418482190
9781579998820
9781581771282
9781785080715
9781785080852
9781785089183
9781840596175
9781840596557
9781932926019
9788120349858
9780333937143
9781906497880
9781512140804
9781512215014
9781512359466
9781512363609
9781932762570
9788126930920
9798326759290
9780190132804
9780722536452
9788178002965
9788185605074
9788416668625
9788494812019
9789352877201
9789360330996
9780199466351
9788126140305
9788167372246
9788172867522
9788197123559
9788198034380
9789350560020
9789350560143
9789350563106
9789395757584
9798232365738
9780670099405
9780874873221
9781569571118
9788125923428
9788173704147
9788181373724
9788417232535
9789350362822
9789350366400
9789350366424
9789352903016
9789357750875
9789381950418
9789381952733
9789386263643
9789387672321
9789387672338
9798903190942
9798903198412
9798903421411
9798903623723
9788189582050
9788194517153
9789394417205
9789393468765
9780435179717
9780439860659
9780771020674
9781316633885
9781408835760
9788120330535
9788120814547
9788127208172
9788131420874
9788170220374
9788170220817
9788170222736
9788170969907
9788173810558
9788173813733
9788173814631
9788173815669
9788174361417
9788174361813
9788174367129
9788177666380
9788180690914
9788183281379
9788183282826
9788183861830
9788184452839
9788184987683
9788184989229
9788185047874
9788190095426
9788192765013
9788193369654
9788194166139
9788199071131
9788374094368
9789311126876
9789312147061
9789312147078
9789312147085
9789327266955
9789332514287
9789350643716
9789351369721
9789351472520
9789354425950
9789354426421
9789354426988
9789354427442
9789354427800
9789354429392
9789356816459
9789357484503
9789358017601
9789358017823
9789358597158
9789358710380
9789358710403
9789359394527
9789359955209
9789359959115
9789360455637
9789360469542
9789361159503
9789361425608
9789363057838
9789363059047
9789364373043
9789367145708
9789368400325
9789368401360
9789368405375
9789368406754
9789368408246
9789369071265
9789369072460
9789369074938
9789369077861
9789369421749
9789369429882
9789369584567
9789369730711
9789369732128
9789369732531
9789369732623
9789369734405
9789369737734
9789369739707
9789370420854
9789370424531
9789370424548
9789370424951
9789370426047
9789370427655
9789370429826
9789370815131
9789370817425
9789370819252
9789371130417
9789371130776
9789371130912
9789371132992
9789371133029
9789371135979
9789371136815
9789371138864
9789371139434
9789371460538
9789371461634
9789371461771
9789371462686
9789371468091
9789371469647
9789371469722
9789371810760
9789371817356
9789371817721
9789371818292
9789371819244
9789371979979
9789373401539
9789373402956
9789373409511
9789380703046
9789380710259
9789381841693
9789381841785
9789383359318
9789384401498
9789386362490
9789386454881
9789386552617
9789386870117
9789389373509
9789389577167
9789390889099
9789390889976
9789391151829
9788121202343
9789350585733
9789352871599
9789358773514
9789362071811
9789378252549
9789384172114
9789390961160
9789391064099
9789392592362
9789392593208
9780070255036
9780566027529
9780857423726
9781776561063
9789390961115
9798282318999
9798683559649
9780199490790
9789384852443
9789393393265
9798288044205
9798288044212
9780822557159
