9780822568223
9781905437672
9788170950875
9798248422890
9780008745387
9780008754006
9780062851109
9780063359321
9780143065647
9780143416388
9780143426806
9780143441564
9780143444466
9780143445685
9780143459903
9780143467106
9780143477792
9780230395350
9780241293478
9780241293485
9780241584804
9780241672044
9780593076187
9780670091522
9780670094561
9780670095063
9780670096558
9780670096817
9780670097067
9780670097241
9780670097463
9780670099719
9780674299399
9780753474679
9780763629878
9780823451142
9780857424945
9780857425447
9780857425492
9780857425508
9780857426079
9780857426093
9780857426314
9780857426505
9780857426833
9780857427144
9780857428301
9780857428370
9780857428431
9780857428721
9780857428738
9780857429971
9780920080108
9780920080764
9781035028122
9781035058648
9781035065677
9781035903894
9781398527881
9781399755597
9781526617606
9781529032819
9781529073508
9781529911138
9781569570760
9781649630483
9781742665092
9781801312448
9781803091891
9781804947067
9781805460299
9781935934189
9788126517909
9788126565818
9788126572571
9788175994430
9788190478830
9788196737528
9789350092231
9789350738382
9789353577278
9789354359132
9789356402782
9789356403703
9789361313059
9789366790725
9789381431108
9789382616269
9789382616351
9789382616450
9789385827150
9789386215437
9789386950086
9789389836080
9789390513734
9789391028213
9780070965539
9780241491591
9780415390880
9780545981149
9780545987684
9780743982177
9780756946210
9780781796842
9780852267493
9781402206931
9781576573082
9781843336006
9781981122592
9788120004054
9788120329560
9788120777767
9788121939614
9788123407456
9788124601327
9788125008446
9788126914180
9788129532718
9788131514573
9788170404446
9788170997221
9788171170944
9788171170975
9788174464866
9788179930380
9788180280290
9788182200975
9788183742252
9788184876406
9788185240756
9788190193641
9788190478878
9788193439432
9789327193626
9789350361405
9789350361542
9789350716243
9789350716410
9789350947166
9789351447818
9789351567219
9789352512188
9789360339067
9789367257715
9789383118779
9789386189103
9789387672789
9798886415094
9798900891392
9798902962564
9798903198986
9798903625666
9798904790950
9780192857668
9780195683462
9780198955825
9788129124845
9788129129758
9788180619083
9788183895750
9788193669501
9788194869337
9789380026626
9789381269268
9789386478580
9798259228306
9781511890885
9781514358252
9781535022019
9781542439152
9788188280926
9789369145348
9798201055769
9798227020550
9780486442372
9780755201983
9781524720773
9781595824219
9781941050088
9786070708749
9788126519187
9789387561434
9789390652020
9789391047917
9780670097579
9788129134684
9788131808078
9788171561971
9788189161446
9788190864220
9789349941281
9789350127230
9789356818583
9789373747033
9780443020049
9788177563719
9788185229874
9780536689511
9780764145469
9781408302606
9781495304231
9781915145086
9781957262345
9789350123089
9781481449908
9781496427717
9781607963530
9781906838218
9786071133649
9788181378293
9789352169481
9780367025359
9781107635579
9789357548250
9789371231497
9789840517237
9780195694420
9780323027687
9780333781258
9780349123066
9780609810712
9780708801642
9780749447762
9780749457198
9781409596882
9781444100549
9781597643320
9781780094243
9781902741833
9788119394005
9788120806078
9788120808034
9788120816855
9788126919307
9788170086222
9788172249533
9788173712968
9788183321587
9789348111432
9789348128508
9789349184244
9789350353929
9789350354001
9789350356074
9789350360156
9789350361412
9789350362723
9789350366479
9789352530649
9789357004565
9789363643864
9789373949239
9789376855735
9789378108914
9789387572805
9789389573992
9789390423224
9789391125202
9789391793425
9789394265387
9789394644021
9789395664318
9798186265405
9798187967735
9798904512002
9798904515973
9780070616820
9780528859373
9780670090341
9780670090716
9780756506179
9780971024939
9788183872294
9788189128029
9789382823902
9789386506139
9789386722256
9789389110241
9789390459308
9789390459735
9789390588824
9789391943509
9789395757577
9798904513924
9780190130749
9780230332768
9788177226010
9788182967397
9789350594353
9789371180139
9789382956488
9789386390813
9789387432420
9789644393181
9780008268961
9780448486895
9780670089543
9780670097777
9780673145086
9781444195958
9781445141862
9781473642775
9781474948128
9781623702182
9781843913054
9788126568659
9788177224832
9789391741747
9780645366907
9780785134787
9780967500959
9788172235925
9788183895767
9788184202076
9789349703681
9789386592347
9780062399953
9781723187032
9788125060307
9788178241210
9788178241418
9789349905269
9789349905399
9789352870073
9789352876969
9789354462047
9789363129511
9789364686624
9789382339946
9789390886265
9789391914028
9789391914035
9789391914059
9789391914103
9789391914110
9789391914127
9789391914134
9789391914189
9789391914202
9788171170821
9788173040115
9788176484077
9788183567282
9788185749464
9789350560785
9789350562611
9789383104321
9789393853615
9789395757447
9780195688030
9781409535027
9783907369241
9788189086565
9789367257517
9780857423832
9788126159598
9788497777841
9789350369173
9789350841266
9789350846216
9789380026046
9789386245045
9780730301448
9780074623015
9781471884191
9781582550015
9781644291405
9781800901445
9781905740772
9781906497767
9788120340848
9788120344242
9788120344297
9788120345959
9788121501491
9788121502450
9788121511636
9788121901680
9788121930338
9788122004670
9788122407051
9788122416411
9788122419610
9788122432442
9788122432732
9788122440546
9788123924533
9788125030423
9788125909309
9788126309887
9788126318049
9788126563678
9788131804056
9788131804261
9788131806005
9788131806074
9788131806210
9788131905609
9788131923368
9788132209621
9788170088622
9788170946793
9788170946915
9788170947677
9788170949503
9788170996163
9788171171552
9788171172276
9788171246809
9788171641383
9788171856503
9788172112165
9788172112196
9788172112448
9788172332662
9788173664922
9788173716836
9788173812378
9788173863219
9788177225365
9788178230009
9788178693224
9788180521836
9788180522208
9788181374219
9788181710475
9788182203129
9788183223706
9788183249010
9788184301717
9788184302158
9788184302417
9788184304039
9788184702231
9788185019192
9788185167404
9788185604947
9788186211465
9788187853817
9788188629244
9788189059200
9788189996321
9789326352017
9789347259647
9789350041024
9789350041338
9789350482070
9789350719961
9789351104490
9789351249894
9789351445296
9789351448624
9789351471004
9789351868033
9789352136674
9789352165919
9789352660674
9789352660827
9789352661206
9789352669035
9789352740710
9789353222352
9789355187789
9789364484213
9789373359731
9789380156262
9789380283531
9789380386263
9789380601052
9789380658438
9789380823003
9789380856056
9789381523582
9789382127048
9789382127161
9789383260942
9789383643233
9789383660988
9789383811618
9789384343996
9789384726034
9789385152368
9789385152825
9789385497964
9789385676109
9789385961021
9789386054470
9789386092854
9789386224439
9789386446824
9789386850331
9789386850430
9789386871886
9789386906502
9789386911780
9789387297586
9789387578616
9789387672468
9789387672475
9789387672604
9789387672802
9789387968561
9789387968851
9789387980181
9789387980792
9789388028356
9789388131001
9789388563178
9789388750325
9789388750547
9789388754873
9789389048889
9789389152029
9789389166057
9789389173017
9789389471083
9789389982657
9789390006748
9789390315970
9789390315987
9789390366385
9789390366682
9789390427123
9789390658374
9789390713042
9789390767120
9789390923328
9789390923526
9789392573095
9789392581694
9789395778787
9789725649565
9798902696933
9798902963837
9798902965695
9798902966302
9798902967415
9798903196357
9798903422395
9798903426195
9798903428595
9798903622276
9798903625093
9798903626540
9798903627882
9798903627929
9798903629480
9798903924080
9798903929740
9798904511982
9798904516604
9798905101397
9798905405716
9780140807158
9780194776035
9781433967450
9789390395514
9780340859254
9780805965308
9781856054423
9788120336452
9788426362285
9781417774142
9780071163538
9780199475988
9781432948436
9788131788608
9788171172290
9788189187774
9780195684285
9781382036160
9788123923321
9788125056447
9788123900629
9788123900636
9788123900643
9788123925073
9788131901649
9788172245221
9780226174297
9781403454362
9788126539055
9789380164434
9798282637038
9781636400594
9781853158063
9783649648338
9788169381048
9788170545064
9788171428038
9788172291631
9788173071096
9788174465924
9788178122625
9788180545719
9788190874908
9788192752556
9788193174210
9788193238943
9788194414919
9788194414933
9788197152344
9788198072160
9788199336254
9788199417588
9789334391060
9789349941038
9789349941144
9789350483909
9789350727270
9789350727607
9789350765050
9789351867241
9789352102921
9789352666324
9789353223533
9789353228910
9789355181299
9789355858450
9789358774511
9789358902549
9789360281816
9789360625481
9789364021395
9789373572253
9789376313662
9789381063446
9789384454371
9789385509957
9789386871343
9789388750745
9789389377989
9789390132850
9789390315550
9789390789061
9789391617158
9789392058639
9789399889748
9798903925612
9789350358115
9780070671126
9798244726381
9798275723625
9798278640950
9798279158317
9798279320202
9781536876789
9781539681496
9798232824068
9789381458631
9781628323733
9788175102705
9788186793640
9788190083737
9788195538515
9788197355080
9789810182441
9780143420064
9780143424550
9780312498160
9780593564813
9780753434529
9780882680545
9780919890831
9780919890978
9780998701271
9781250290168
9781529031805
9781529080940
9781550650242
9781550650662
9781550650822
9781550711615
9781550713138
9781550713336
9781550713480
9781550713503
9781550713510
9781550713541
9781626920552
9781780749877
9781785789458
9781840591224
9781840591255
9781840591279
9781840591286
9781840591378
9781840595109
9781840597905
9781840597950
9781840597998
9781840598063
9781840598117
9781840598131
9781840598193
9781840598223
9781840598230
9781840598292
9781840598315
9781840598353
9781840598360
9781840598377
9781840598384
9781840598438
9781840598452
9781840598513
9781885003348
9788123916804
9788195298006
9788197225277
9789362879240
9789388002394
9789389104066
9789389109399
9789389109726
9789390742233
9780199479405
9788131530535
9788179929339
9789382428633
9789387957701
9789387984943
9798279294008
9798279310456
9780972661409
9781107624771
9781502352453
9788131415511
9788131421444
9788181914408
9789360829995
9780078273919
9781684946501
9781741756272
9781859961124
9781919544045
9788121506939
9788122406603
9788125058731
9788131722855
9788173411045
9788173811043
9788173815133
9788174465047
9788181280237
9788182200197
9788184350425
9788184351514
9788184351743
9788188661640
9788189469887
9789334242645
9789349515765
9789350364116
9789350716229
9789356517059
9789356819610
9789357750349
9789357782067
9789380037134
9789380856667
9789381141885
9789383260218
9789385160165
9789387486706
9789388147033
9789390227464
9789390948802
9789937723282
9798180940186
9781849300155
9789392279379
9780201610734
9780545668866
9780571376124
9780670095759
9780889225190
9780897501545
9780985247836
9781009185837
9781581771275
9781583478608
9781600784149
9781618470485
9781940660400
9788174182623
9789350729823
9798223091103
9798223938835
9780929261751
9798321216590
9788131502426
9788172865719
9788172868185
9788183506489
9789350562499
9789362256485
9789373942711
9781853830334
9780375836633
9781604078510
9788194854098
9789358703771
9789367257555
9789393329141
9780004000626
9780340966020
9780780748439
9788121914314
9798302621535
9782035882455
9780199494088
9780435984823
9780500020074
9788123903194
9788187566175
9789365549218
9789387964013
9788495040893
9789384310509
9780857420299
9780863113017
9788119386734
9788121930901
9788125003236
9788125017288
9788125909897
9788126569045
9788131805466
9788131805572
9788131914410
9788131914441
9788171857289
9788177697254
9788184350012
9788184874884
9788184876949
9788190856584
9788196678074
9788196840983
9788197558887
9789334226607
9789334321869
9789334390414
9789347208911
9789348078889
9789349311336
9789350001592
9789350519592
9789351445951
9789351448648
9789351448655
9789351449355
9789353916091
9789354197079
9789354643576
9789356266773
9789358691009
9789358773569
9789358863222
9789363444539
9789366577944
9789366658971
9789370024632
9789371552851
9789372546507
9789372649321
9789373350325
9789373359687
9789374069196
9789374622858
9789375427964
9789377247676
9789385039188
9789386110466
9789389633252
9789389633481
9789390457304
9789392950698
9789393232618
9789393766243
9789393801364
9789394266780
9789394651869
9789395089739
9789395300025
9789987919536
9798896735168
9798902963769
9798903194698
9798903196074
9798903420025
9798903627066
9798903628261
9798904516017
9798905105562
9783200305205
9789332514294
9789361316920
9780668039765
9780706927771
9788126941469
9788130903019
9788199958630
9789381302750
9780241626481
9780749442354
9780836416220
9781741144451
9788120802834
9788120814288
9788122315585
9788170006275
9788171691098
9788175542884
9788177080681
9788184304930
9788184305685
9788185891392
9789062569953
9789350120798
9789350576434
9789350577103
9789355433152
9789357940092
9789360454937
9789381182307
9789382711629
9789390961061
9789352836505
9789812531353
9789700729565
9781843227342
9789380438504
9789357027380
9789385915284
9781843171065
9789360623463
9789369261734
9789380704081
9789387567849
9789390533893
9789391494797
9789399439516
9780016754012
9780070635449
9780199482221
9780890720660
9781009273770
9781390418552
9781787404243
9781844100064
9781847288677
9781865089959
9781904244943
9781911498452
9781942426493
9788121212793
9788123924151
9788126308521
9788170544630
9788171170401
9788171171941
9788173811753
9788178240787
9788182836907
9788183285247
9788183329774
9788186103630
9788188452880
9788192473802
9788192889900
9789348643148
9789349562691
9789350360095
9789358700190
9789370205390
9789382390787
9789387320826
9789389347029
9789390366163
9789391456597
9789393529985
9789395416368
9789396927467
9798892336734
9798902690696
9798904517342
9780521421744
9781009182836
9781858286556
9788126935802
9788126940882
9781939900517
9781405486040
9788171795734
9789380771021
9798224683758
9788183600507
9789350724323
9789373947198
9780521696463
9788172341602
9788183550468
9789385932021
9789385932380
9781854432308
9788121922272
9788126571680
9789395380041
9798329029819
9798398008142
9788120329911
9788120341562
9789380601649
9780008644802
9780143450641
9780143454328
9780143473688
9780143477709
9780228702436
9780228702597
9780228702658
9780349146898
9780670095223
9780670095964
9780670099580
9780670999026
9780674272293
9780674302679
9780764164514
9780857424341
9780857426185
9780857426925
9780857427113
9780857428257
9780857428400
9780857428424
9780857985972
9780920080306
9781035034970
9781035419135
9781398718555
9781399614238
9781399813518
9781399820189
9781440333323
9781471181047
9781472992345
9781526643162
9781526648716
9781550651164
9781772660814
9781772668261
9781803091587
9781803092263
9781803095110
9781838954970
9781846048401
9781864701678
9781937867102
9781937867331
9788123926681
9788126579006
9788189301385
9788197123580
9789351775744
9789361312410
9789361319297
9789362130495
9789362148261
9789381269541
9789394701953
9788120346765
9788125054078
9788131903308
9788174464149
9788178242675
9788178350417
9788193175149
9788194426929
9788199290952
9789350364147
9789351410430
9789351411208
9789351441113
9789352878031
9789358381719
9789373746470
9789386189127
9780195689099
9788131508466
9788171170395
9788176840439
9788183561747
9788184891621
9789352521548
9789355030283
9789375737445
9789386700575
9789387511699
9798215112380
9798215787656
9798224072866
9798231767298
9798232155407
9798232491413
9798232732172
9798232767570
9798232825355
9798232844035
9798232864040
9798233010323
9798233254239
9798233264832
9798233270772
9798233773686
9798233858215
9798233946592
9798272392022
9781148519333
9781241087173
9789350631164
9788120609006
9781570290442
9788185771885
9788196892258
9789349290129
9789349301931
9789350726280
9789350727782
9789351482789
9789355219442
9789356810358
9789365060621
9789369581931
9789373743622
9789388434911
9789388684156
9789390770465
9789391219512
9789393985392
9789812749338
9789373943572
9798235624498
9788184350760
9788184350821
9788185396248
9788889921586
9789352738656
9780198068273
9780198078517
9788184822588
9788195388660
9788195899227
9788497645423
9788499171272
9788867315048
9789355434661
9780131726932
9780195978957
9780285629417
9780863117503
9781032223674
9781138302068
9781138566644
9781471845024
9781471883149
9781510434936
9781510434967
9781510434974
9788120346963
9788120351035
9788120351226
9788121206532
9788121500579
9788121507608
9788122407075
9788125013457
9788125024750
9788125045557
9788125916666
9788126312818
9788126547104
9788131800782
9788131804032
9788170553953
9788171857418
9788171859603
9788172290481
9788172293062
9788172293185
9788172293406
9788172294649
9788172297039
9788172299965
9788173153617
9788173155963
9788173198588
9788173198625
9788173660788
9788173715815
9788174465634
9788174466099
9788175244252
9788175942189
9788177212358
9788177213706
9788181466990
9788183212472
9788183331319
9788183820509
9788184048735
9788184305432
9788184305449
9788184306217
9788184351040
9788184351644
9788184871289
9788184871449
9788184874266
9788184875423
9788184876802
9788185002118
9788185787497
9788187392897
9788188204700
9788188267590
9788189859961
9788190484589
9788190802390
9788194024620
9788194658115
9789068327250
9789326355063
9789327291483
9789350484524
9789350485361
9789350485491
9789350578032
9789350729908
9789351104728
9789351410928
9789351443438
9789351448587
9789351866084
9789351869863
9789352136810
9789352660643
9789352661053
9789352666553
9789352667062
9789352667901
9789352741519
9789352877294
9789353221676
9789353223755
9789353226664
9789353227104
9789353229115
9789355212016
9789355620378
9789355620521
9789355627797
9789359662220
9789360349417
9789380186764
9789380250120
9789380550633
9789380550787
9789381162361
9789383110902
9789385961083
9789386300164
9789386397218
9789386870452
9789386870735
9789386906649
9789387444317
9789387894891
9789388019057
9789390232949
9789390366415
9789390961108
9789390961443
9789391297008
9789391297046
9789391297176
9789391297510
9789393527110
9789393527639
9789694023878
9795217219994
9781420068191
9781909621831
9788411706667
9788433970817
9789352102037
9798198867086
9781527712713
9788198063755
9780207200120
9781546718567
9788126542994
9781472980014
9781580911054
9780190128357
9780195669794
9780195791877
9780545995870
9783401708256
9783965434202
9788170419532
9789558095195
9789698791155
9781223187433
9781403456564
9781547209767
9788131754030
9788170208297
9788177290523
9788183334013
9788185972879
9788186208441
9788189560508
9788198450166
9789324404299
9789355856272
9789358691375
9789370020733
9789381587225
9789392428128
9789395908153
9798903302536
9780632051359
9780702010392
9780946211272
9781534967663
9781541239180
9781739426521
9788129109408
9788129109866
9788171673568
9788181894748
9789355200914
9789355204769
9789370039278
9789380578194
9789383064489
9788131414453
9788170950554
9788493619466
9788181910516
9788131411841
9780140523300
9780997889703
9781401042578
9781402209765
9781521407448
9781569701003
9781591829805
9781861477705
9788126517787
9789324196972
9789382277019
9789388002400
9780001063129
9780765333803
9781405104982
9781637544440
9783829038980
9788125033462
9788125912033
9788131905142
9788174464385
9788180040559
9788180564697
9788184739053
9789349262317
9789350364178
9789350364185
9789352870370
9789363129962
9789373746876
9789937623919
9780007224012
9780375723452
9798223982449
9798224394814
9781597311021
9781842861325
9781862231207
9788177080483
9780340760956
9780864739285
9781514867464
9781535132404
9788184451122
9789384447304
9780736873314
9781406234688
9789393393692
9780170111539
9788426364517
9780070153929
9781424004836
9788180530135
9789349168442
9789354422348
9789356790223
9789370538061
9789387236776
9789393468048
9780190127756
9780324323818
9780304366149
9780744044164
9781405120999
9781472370969
9781841723587
9788119847464
9788178793948
9788184950403
9788484318637
9789812820990
9781939828828
9780198390992
9781873176955
9788119544356
9788122610826
9788122613902
9788131784808
9788171170883
9788183566674
9788183566902
9788183610254
9788196289478
9788197190179
9789350902639
9789354423901
9789355647627
9789357785303
9789369736560
9789370785045
9789371864619
9789381535196
9789385389597
9789385492495
9789386870100
9789390886555
9789390891405
9789392083495
9789392176135
9789895472130
9789993343769
9781981560400
9780691192468
9780750271462
9780751581874
9781108600798
9781419541933
9781445121833
9781519571021
9781526630513
9781529311112
9788131901670
9788170211525
9788170213499
9788170213840
9788170215554
9788171209354
9788178122922
9788178122946
9788180562716
9788180564383
9788181377388
9788185301310
9788185843100
9788186219386
9789351412168
9789351762676
9789352036790
9789357767965
9789367256046
9789384588403
9789385980930
9789386826183
9789389307085
9789394424203
9781540616623
9781540780218
9788170189374
9788178670911
9780198075059
9788889425244
9789352725038
9789353166090
9789393785978
9781847381217
9781923484566
9783851612967
9780375938429
9781493991044
9781583670224
9789354919459
9789383525652
9781107693357
9798257467714
9798257788413
9780022423476
9780670012305
9781035040940
9781035055449
9781496720047
9781517122249
9781530635320
9781561709977
9781593275495
9781627794558
9781804189344
9788184876178
9788188600809
9788899900052
9789349310247
9789359711355
9789361976889
9789362075666
9789362838124
9789363646735
9789396665000
9789399657606
9798227311115
9798230207115
9798268100075
9789351622567
9780060465285
9781399633802
9781432932985
9788170421689
9789395079631
9780974166452
9780195667912
9788187818472
9780874881073
9788177080445
9788198388964
9789378164446
9780817927226
9781741835366
9781869401276
9788122410242
9788131913734
9788170211198
9788170213741
9788170216919
9788170522379
9788171859559
9788174462367
9788175974401
9788176762106
9788178125084
9788178125312
9788178125329
9788178125336
9788178233338
9788178693941
9788178693972
9788179930038
9788180280238
9788180280368
9788180562631
9788182964198
9788184043105
9788184850161
9788184874112
9788184875195
9788184875652
9788185891422
9788185891842
9788188683284
9788189558109
9789326350693
9789351412687
9789351441533
9789351449386
9789351450368
9789354425325
9789356181410
9789362864369
9789380536217
9789387918559
9789388983204
9798170217571
9788123905518
9788131208717
9788181895592
9780785831334
9788119364299
9788172702298
9789391818524
9789389573978
9788120732520
9788197189890
9789350369098
9789355640390
9789387140431
9780068954972
9788124405994
9788195703517
9788195862610
9788198623638
9789356504615
9789358981872
9789361595592
9789384920814
9789390347186
9780822566236
9781539920564
9783954722143
9788184571066
9788198740496
9788495513373
9781602551121
9780070141797
9788126930777
9788863111262
9789352137114
9780198095163
9788168742475
9788181805348
9789385500527
9789386600790
9780070612044
9780070671195
9780195621785
9780198060666
9788119355679
9788120337206
9788120746565
9788120764583
9788125010852
9788125012344
9788125014225
9788131902509
9788131931196
9788170216223
9788170216322
9788170554172
9788170556220
9788171170692
9788171819652
9788171820368
9788174467041
9788175974968
9788176495431
9788176848084
9788178625072
9788179506431
9788180561320
9788180561832
9788183240680
9788183325035
9788184045895
9788184200256
9788184353006
9788184979145
9788187358114
9788187892274
9788189901479
9789349317253
9789350632536
9789352293698
9789352299102
9789354426889
9789354551703
9789355014153
9789356817043
9789360625931
9789362875983
9789384168469
9789385274633
9789388478410
9789389012194
9789389944716
9789389995985
9789392217494
9789393801142
9789694074054
9788192549712
9781532387494
9781914151828
9788131415757
9788170284611
9788860441645
9789380117249
9788175156128
9788197279287
9789355014627
9780022445980
9780645093988
9781607951087
9781734401905
9781947662735
9788126534630
9788177292084
9788181430618
9788182760196
9788196493721
9788196865313
9788197186318
9788894856705
9789332518230
9789334342536
9789347354236
9789348078605
9789350764237
9789354250347
9789355017826
9789355017871
9789366655390
9789368542070
9789373744902
9789374621424
9789374627945
9789380292861
9789390442874
9789392281990
9789392374937
9789392474514
9789393388186
9789395966559
9780920717356
9781527740341
9781550651041
9781550651058
9781550651232
9781550651416
9781550651454
9781550652604
9781579999124
9781590791141
9781885003294
9781885003300
9781885003799
9781885003874
9781931741668
9781931741767
9789351522201
9780199456147
9782755807295
9780099488385
9780190124731
9788131608814
9788497630825
9780099586210
9781240789894
9780001080324
9780070660007
9780199678242
9780199678297
9780375855399
9780547968230
9780706998979
9780745603001
9780863111341
9780863112843
9781137608161
9781137608253
9781137608352
9781444184464
9788120770881
9788120777798
9788121511742
9788122204971
9788122427394
9788122427493
9788122430233
9788122436914
9788123711027
9788123911199
9788126316618
9788126318728
9788126551002
9788131505779
9788131522837
9788131801390
9788131803660
9788131900833
9788170493105
9788170945772
9788170947486
9788173715358
9788173715433
9788173916229
9788174461797
9788174464514
9788175971059
9788177228502
9788178190464
9788178240343
9788178242538
9788178243153
9788178694450
9788178694542
9788179506691
9788179931578
9788180561528
9788180562341
9788180565458
9788182903111
9788182963351
9788183563673
9788184874549
9788184875089
9788184975451
9788186569207
9788186782286
9788189059323
9788193175132
9788193413029
9789350180198
9789350180242
9789350716205
9789351445876
9789351448631
9789351448891
9789351449225
9789353225094
9789380428086
9789380574219
9789380618050
9789380828633
9789380856483
9789381416259
9789381416297
9789382711667
9789384030469
9789384030674
9789384061395
9789384439972
9789385497766
9789385724169
9789385923883
9789386224156
9789386268167
9789387578999
9789387648777
9789387672529
9789387788190
9789389594904
9789390659821
9789390875023
9780521740845
9780750703093
9781546526537
9788123903415
9780195694468
9780446610889
9780743224192
9788180616426
9788189932947
9789358772616
9789937506489
9798316745357
9780071545082
9788172210830
9788176060318
9780007184897
9789388623087
9788123903231
9788123903507
9788126567164
9788170557210
9788177090017
9788178120782
9788178121574
9788178122328
9788186877814
9789367254134
9789373748986
9789383746088
9789384316327
9780143421344
9780199479283
9780632047062
9781470612146
9781542423588
9781564967817
9789812532350
9798232387150
9788184355710
9781931082228
9788175102682
9788186772218
9789381302361
9789395161695
9798223301264
9780008562830
9780008725983
9780143416265
9780143429265
9780143451396
9780143452959
9780143458913
9780143475842
9780143477556
9780143479758
9780143773955
9780241515280
9780241527108
9780674295698
9780753441572
9780785841982
9780857426550
9780857427915
9780857427922
9780889711150
9780889712508
9780918273581
9780997059946
9781398504103
9781421530772
9781529917208
9781550173109
9781591167495
9781636281247
9781780878171
9781784745363
9781803091549
9781803091884
9781803091907
9781803092270
9781804543474
9781805224235
9781805465201
9781839022340
9781889330846
9781911709558
9781934649718
9781938170669
9781938170676
9782924786499
9788126508839
9789354359071
9789356290556
9789361310881
9789361319174
9789388372305
9789389109320
9780194333504
9780198515432
9780713721249
9780861319985
9780863112669
9780863112812
9780863113826
9780863114564
9780864734105
9781586131029
9781739143305
9781880687727
9782826305781
9784863470033
9788120352377
9788120780996
9788120781009
9788120781047
9788120783386
9788120783409
9788121504256
9788121929035
9788121932028
9788122202335
9788122202601
9788122202656
9788123703671
9788123723235
9788125003861
9788125014386
9788125054047
9788125054054
9788126330720
9788126557561
9788126565030
9788131208045
9788131902776
9788131918401
9788170070597
9788170213758
9788170215325
9788170594437
9788171170302
9788172111472
9788172112622
9788172331672
9788172333584
9788172761448
9788172764241
9788175970045
9788176762410
9788178122809
9788180561603
9788180565700
9788180902017
9788183291378
9788184040364
9788184300956
9788184352078
9788184975963
9788185094915
9788185680484
9788187358138
9788187393429
9788188388776
9788189091057
9788189161453
9788189480189
9788189480264
9788189480271
9788190995030
9788199653306
9789347019722
9789350364192
9789350364208
9789352035540
9789352036769
9789352833993
9789353153649
9789357431682
9789358126327
9789359664460
9789361034848
9789362016577
9789374245163
9789380644271
9789380761336
9789382000389
9789382381662
9789386092533
9789386092540
9789386092557
9789386092984
9789386863294
9789387155497
9789390461066
9789390474974
9789391495237
9789393605474
9789393801128
9789396522518
9789694071039
9789694073101
9789698550035
9798176933635
9798903302789
9781846966170
9788121928106
9781907360275
9788131903568
9788181287380
9789387994614
9788466662598
9781906427382
9789349750524
9780195653199
9780195664584
9781107621251
9788123904351
9788175347564
9788194939115
9789361569579
9788126309856
9788170553649
9788170554455
9788171302772
9780333924563
9780367707071
9780706987591
9781032103372
9781032129808
9781032203966
9781032233482
9781032585925
9788186047118
9788299586719
9789694020020
9789698380663
9780822536819
9781575212272
9798486568169
9781494807993
9781611040012
9783754302323
9780687344222
9788123901176
9788123907680
9788123926742
9788171797172
9788868926670
9781636510712
9788172344016
9788175259621
9788184775914
9789351034131
9789381362686
9780008405182
9780070703599
9780863112584
9780863114618
9780863115080
9781781750117
9781781750230
9781901677461
9781945509513
9781945509780
9788120727502
9788120731417
9788120748675
9788120752733
9788120757400
9788120789203
9788121613781
9788121616256
9788121616393
9788121618601
9788121620871
9788121620888
9788121620901
9788121620918
9788121620925
9788121620932
9788121620956
9788121620963
9788121620970
9788121620987
9788122201291
9788122203226
9788122304510
9788122309218
9788123735429
9788125002420
9788125007555
9788125008156
9788125008194
9788125009368
9788125031956
9788126930968
9788126931118
9788130907338
9788131804827
9788131900710
9788131914946
9788170463016
9788170521723
9788171856800
9788172761011
9788173813023
9788174142931
9788176559164
9788176936453
9788178120171
9788178120522
9788178121079
9788178122137
9788180560538
9788181370938
9788181377418
9788182961531
9788182962194
9788183610520
9788184974591
9788184976274
9788184979428
9788184979497
9788185502151
9789350360927
9789350360934
9789350361016
9789351211730
9789351212157
9789351212218
9789351212225
9789351212232
9789351212317
9789351212331
9789351212409
9789351212430
9789361037061
9789384588397
9789385755293
9789388632041
9789390542611
9789391277659
9789393768797
9789572954195
9780143180036
9780706972849
9780815349969
9781009564137
9781743215364
9781850581505
9788120708686
9788120820784
9788177645910
9788186511008
9789350354490
9789394201347
9789683046932
9780756957636
9780867349375
9788181471406
9789362029027
9789386596543
9798318815133
9788125054764
9788170420231
9788170555810
9788170557036
9788173704574
9788178120454
9788178121109
9788186877555
9789361032776
9789373740195
9789373744827
9789380550626
9789381842058
9798232286866
9780143102243
9781494811297
9789383793372
9780749687991
9780230530829
9780753457207
9780789344113
9780861319503
9780863113741
9781107647220
9781845570378
9781845576264
9788120758926
9788120777330
9788120777354
9788120783805
9788120784437
9788121609999
9788121610643
9788121612562
9788121616355
9788121616461
9788121616546
9788121617314
9788121617321
9788121618281
9788121619172
9788121619608
9788121619615
9788121619622
9788121619639
9788121619646
9788121619905
9788122203974
9788122306958
9788125013549
9788125025061
9788129517654
9788131808658
9788131911044
9788170521051
9788170521877
9788170522386
9788170557487
9788171104024
9788171809592
9788172345204
9788173716447
9788173716607
9788174466266
9788175360150
9788175971912
9788176254991
9788176371414
9788176936064
9788176936071
9788178120508
9788178121185
9788178121710
9788178553467
9788180280016
9788180280382
9788180561504
9788180561535
9788182960329
9788182960411
9788182961135
9788182961159
9788182961166
9788182962682
9788182965379
9788184041255
9788184777925
9788184974706
9788187812395
9788188569908
9788188826643
9788189011888
9788193555453
9788194085676
9789347859953
9789350710067
9789350718278
9789351448709
9789351921912
9789352670062
9789354770555
9789362864277
9789380152011
9789380152035
9789386515698
9789387171053
9789388266932
9789393304209
9789393304216
9789393304230
9780431192789
9780761994190
9788123917788
9788129118721
9788171673889
9788171679850
9788410819658
9789350903889
9789353528515
9780195666441
9788126940509
9788181983541
9788186772638
9789360340254
9789388809382
9788174829887
9788466646895
9780831131234
9781593592875
9780571322008
9788123917795
9788125022640
9788170553199
9788171870110
9788178120386
9788178120553
9788178121352
9788178121444
9788178121451
9788178121604
9788178121857
9788178122076
9788178122083
9788178122250
9788186877463
9789391034474
9789393304278
9781475215229
9781930820012
9789380438603
9781406346534
9788131518663
9788177090802
9788177094046
9788444145709
9788492452033
9789324198105
9789382732730
9789382732747
9789681618001
9788119223978
9780143101635
9780878397600
9780878397914
9780919890794
9780919890909
9780999415689
9781550650105
9781550650433
9781550651386
9781550712186
9781550713435
9781550713442
9781591989851
9781682010716
9781840598551
9781931933780
9781937559045
9781944297428
9781950584048
9781970852394
9788121607728
9788121610940
9788121616324
9788121617666
9788121618403
9788131717059
9788171171682
9788176557702
9788176559720
9788184351576
9788184770964
9788184774269
9788189884574
9789351031994
9789359997773
9789375371298
9789381017265
9789381431153
9789381431160
9789386041050
9798987244616
9781519228802
9788170562115
9788172111489
9788175241909
9788177080599
9788178243436
9789349166264
9789362733771
9789370201057
9789382565123
9789385989636
9789386189585
9789387346604
9789388612371
9789388750738
9789389633832
9789392135736
9780201062069
9780521692526
9781935548324
9788120317239
9788120723467
9788121508803
9788121619592
9788122201567
9788122204940
9788122309454
9788123432649
9788125014379
9788125022664
9788125022671
9788125025597
9788125025603
9788125047254
9788126527427
9788131901748
9788131905531
9788131905654
9788131931233
9788131934852
9788170211419
9788172111427
9788172111953
9788172762612
9788173861130
9788175970052
9788175971790
9788177392623
9788178552149
9788178554457
9788182881617
9788182965218
9788182965386
9788186877487
9788187358688
9788498253757
9789347142413
9789352878062
9789354427329
9789355013637
9789355258373
9789359110936
9789363649446
9789367190029
9789380359861
9789380856735
9789382460626
9789384302061
9789386379610
9789386561169
9789386721655
9789387236769
9789390744466
9789391067090
9789393304322
9780192869241
9788123904894
9788178740201
9789385915291
9781079786712
9781089388395
9781338208641
9781477482445
9781500992552
9781512104172
9781514337271
9781691844647
9788184987164
9789389330892
9789389330991
9789948346050
9789948810025
9798263632939
9798301866944
9798302281470
9798304542142
9798306566948
9798308530718
9798332996313
9798338805510
9798340829818
9798345095409
9798372603103
9798378470099
9798550351017
9798589419764
9798637699995
9798693134805
9798714820373
9798724251730
9798851612725
9798852575272
9781457520877
9781538072585
9780199455409
9781847385475
9788120834392
9788121615471
9788874320660
9789326190961
9789334275254
9789361319730
9789387994867
9789390652600
9789393704917
9780739049662
9781285080918
9781953845771
9788125025610
9788170555926
9788173154904
9788178120409
9788178122656
9788178123219
9788181439635
9788187966050
9788190694049
9789393304377
9789971512347
9780195693614
9788131223642
9788177290387
9788181470584
9788184081299
9789395138383
9789381416044
9789386263636
9789386107671
9781442483910
9798230951391
9798232041977
9780706911282
9781545753286
9788177644678
9788183505376
9788187721215
9788196102746
9789350736746
9789360621483
9789365549980
9789373325484
9789384588762
9789386600776
9789387153660
9789387436077
9789395073998
9780001160163
9780578487717
9781259006364
9781543113860
9788100001080
9788120412842
9788120730526
9788120787063
9788120814424
9788121616744
9788121915427
9788121937412
9788125008286
9788125027300
9788125051626
9788125060352
9788126319688
9788131254790
9788170211174
9788171600366
9788172292782
9788172294557
9788172299231
9788172339081
9788173153266
9788173153273
9788173153280
9788173158759
9788173198427
9788173711459
9788174468116
9788176495752
9788177392524
9788178120270
9788178120607
9788178122663
9788178122786
9788178692524
9788178693347
9788180280177
9788180565465
9788181376855
9788183214940
9788183563666
9788183760652
9788193108444
9788194920960
9788817869461
9789347298097
9789350482803
9789350484715
9789350485842
9789350485880
9789350620762
9789350940242
9789351503903
9789351525950
9789351866060
9789352100538
9789352660179
9789352660193
9789352660285
9789352662524
9789352663507
9789353222628
9789353225834
9789353226268
9789353226305
9789354971693
9789356350762
9789357439718
9789358107609
9789358771466
9789358771824
9789358779899
9789360629212
9789363597921
9789382898016
9789383074761
9789383547869
9789384475574
9789385874819
9789386054791
9789386300102
9789386689207
9789386871992
9789387980983
9789388147255
9789390366422
9789390911004
9789390911011
9789390911158
9789390911172
9789390911592
9789390911721
9789390911929
9789390923090
9789390923588
9789391943578
9789392512650
9789393139214
9789393304506
9789393304537
9789393393036
9789393393241
9789393511997
9789393875525
9798170218028
9780241568446
9780670081523
9780670092185
9780670093878
9780670096190
9780670096220
9780670096541
9780670097227
9780670099665
9781402286766
9781509893645
9781529932492
9781787304215
9781909612471
9788184005493
9789350297155
9789350513743
9789393715722
9789380081236
9780193571853
9781550653519
9781771832076
9788126537211
9789351450726
9788172344252
9788192396385
9780143103882
9780190136819
9781527878082
9781785980213
9783891351901
9788121615150
9788121620284
9788125009689
9788125021698
9788125025573
9788125025580
9788173702518
9788173702525
9788173702532
9788173702549
9788176555890
9788178120232
9788178121147
9788178121543
9788178122465
9788178122489
9788178122571
9788178122724
9788178122731
9788178123165
9788184771220
9788184773910
9788184773927
9788184776287
9788185616070
9788186877722
9789351030478
9789351030515
9789351039693
9789352755028
9789352755035
9789352755042
9789352877980
9789354256493
9789361033735
9789393304612
9789393393043
9780198099130
9781259029080
9781484276815
9788123929484
9789352296927
9789384757830
9789389688092
9780007551682
9780198065395
9780241380376
9781782438137
9781846141959
9781857157154
9781530118793
9781941955451
9788131237021
9788170089537
9788496424470
9789350902059
9789385433382
9780706993462
9780863114519
9780895402363
9781107663848
9781935677536
9781935677543
9788100000274
9788120744691
9788120758933
9788120790575
9788120797420
9788120844841
9788121610469
9788121613965
9788121616034
9788121616270
9788121617123
9788121618021
9788121618410
9788121932820
9788121933919
9788121934411
9788122200829
9788122202045
9788122202632
9788122301175
9788122308655
9788122310238
9788122311679
9788122313307
9788122314458
9788125007364
9788125008323
9788125011200
9788125012306
9788125021711
9788125030331
9788125033080
9788125041740
9788131805596
9788131808948
9788131809167
9788131905685
9788170298731
9788170551560
9788170552987
9788170556497
9788170701897
9788170701996
9788171103140
9788172112271
9788172332686
9788173717758
9788173862588
9788174462015
9788174469328
9788175054561
9788176761505
9788177392548
9788178792699
9788180561191
9788180561566
9788180566752
9788181379160
9788182965966
9788184030853
9788184042573
9788184350548
9788184770414
9788184771336
9788184773934
9788185053134
9788186004081
9788190164276
9788190720533
9788193834008
9788195321667
9788491112228
9789326352000
9789351103011
9789351445609
9789351506638
9789352027569
9789352903023
9789357432849
9789367253786
9789367254325
9789380302959
9789380644097
9789380644202
9789380644240
9789380761589
9789380864006
9789383142231
9789383145126
9789386063403
9789386063588
9789386486158
9789388750271
9789390461271
9789390875207
9789390875351
9789393304704
9795217211073
9798905102776
9788891512024
9783853652459
9788483832707
9789352210848
9788131959510
9780016755903
9781326020040
9788120349933
9788125030348
9788178123301
9788192233239
9788196222222
9788199043046
9788895611860
9789356193475
9789359031910
9789367250488
9789367251270
9789367256602
9789367256633
9789367259795
9789380081182
9789382496892
9789391818463
9789393658890
9789394991644
9780060423612
9788123924724
9789386268594
9789388108928
9798123902998
9780812415902
9781683837916
9789357594530
9798328789349
9780070679955
9780195669633
9780733977664
9781471894633
9788121615945
9788121616591
9788121618052
9788121935029
9788125006893
9788125030355
9788125030362
9788126318216
9788131907405
9788170704812
9788174466426
9788174469434
9788178122069
9788178122380
9788178122397
9788183329552
9788184350869
9788195352975
9789311126661
9789350361238
9789350940259
9789352130948
9789355320940
9789358527186
9789362077400
9789385616051
9789386347060
9789386530936
9789387604667
9789392803970
9789393393760
9780195698565
9780199586905
9780632001118
9781108433211
9781495042157
9781597643238
9788119028627
9788171100064
9788184483550
9788184486285
9788198860798
9789350296752
9789362022370
9789380228914
9789380316338
9789380540320
9780706996555
9781594773068
9788121620666
9788122904666
9788176555739
9788184778267
9788899480172
9789351032755
9789351033189
9780471597322
9789357053372
9789393790705
9780521576369
9781612623320
9780006463351
9780195677010
9780462099163
9788125030379
9788169381741
9788170173878
9788170552109
9788170553038
9788170553175
9788170556015
9788170556541
9788181430861
9788190511230
9788193859827
9788195244409
9788199599918
9788199627185
9789334019339
9789347354052
9789348521910
9789350487907
9789352878079
9789353913984
9789355254320
9789357779371
9789358389180
9789361033773
9789380630786
9789380917030
9789384600310
9789387441484
9789393050960
9789393304902
9789393393357
9789394610385
9789395966504
9789396521566
9798903301089
9788123929309
9788131903193
9788131909379
9788893915854
9789354093401
9789354660931
9789354667367
9789390303120
9781847389466
9788126519859
9783952456071
9789367250921
9789367256756
9780199113279
9780340396919
9788129104830
9788129118851
9788184721669
9788190646017
9789353526924
9780008792077
9780143448846
9780143476955
9780241753699
9780670096589
9780889711037
9780907791072
9780907791232
9780922233014
9780984304745
9781035023981
9781350069428
9781401234713
9781401237349
9781401242503
9781421504773
9781421510408
9781421535104
9781421539034
9781421542102
9781421543093
9781421550855
9781421551609
9781421559384
9781421579771
9781421592701
9781421595153
9781472295255
9781473226722
9781514377499
9781545806258
9781550174694
9781550652215
9781550652277
9781626920637
9781784877057
9781787301818
9781805134848
9781847943354
9781877727054
9781911750093
9781911750543
9781911750581
9781912756599
9781945820014
9788854177888
9789353024765
9789361310430
9789361311406
9798181025622
9798255828395
9798342803847
9780448494937
9781496175069
9781500232863
9781500637156
9781510419056
9781519651730
9781595824745
9781626922310
9781626922815
9781626924666
9781626925151
9781626926905
9781626926943
9781626927049
9781626927728
9781626928596
9781626929395
9781642750669
9788122312782
9788125025641
9788125030386
9788125033509
9788125040071
9788125044765
9788131808986
9788131910139
9788170521891
9788170593737
9788173815041
9788178551562
9788178557069
9788179681077
9788179681091
9788179681220
9788180560415
9788181374875
9788182881372
9788182965416
9788184895438
9788185809458
9788187077220
9788188236282
9789351870326
9789352871414
9789352876990
9789357437271
9789373485294
9789373745763
9789373745879
9789380444543
9789386689511
9789393304964
9789386910059
9789681668266
9780195968392
9780864735911
9781491591277
9788193110249
9780130326317
9780930794941
9781600787195
9781840593501
9781840593617
9788123928357
9789384857196
9781843532309
9788125030393
9788132202561
