9788178122045
9788178128238
9788180280306
9789352870868
9789395300193
9780143103264
9781582791128
9788121608398
9788172340803
9788174734198
9788184773293
9788184778649
9788184779912
9788189884383
9788194525578
9789351038177
9789351039853
9789352755134
9789381017272
9789386041296
9789386313249
9789971513801
9788178063096
9780853138099
9789367254486
9789351133513
9789391910945
9780143004387
9780143066248
9780143332398
9780143450863
9780330418614
9780330442565
9780752227252
9780974577623
9788126555697
9788172344382
9788184774689
9789324195739
9789351038696
9789351038771
9789352752140
9789352754267
9789352754984
9789381398739
9789381398746
9789381431771
9780486819174
9780781760348
9780861315055
9781846841491
9788120751835
9788121607322
9788121931526
9788121941044
9788122421576
9788123727646
9788125022077
9788125022503
9788125030409
9788125033523
9788125033530
9788125034308
9788125910008
9788130900605
9788131254776
9788131809112
9788131809198
9788170217596
9788170521846
9788170551263
9788170946502
9788173666032
9788173666643
9788174461674
9788175300361
9788177394085
9788178120751
9788178694368
9788184045697
9788184100532
9788184351316
9788184353099
9788184775396
9788184775402
9788184779721
9788184973341
9788185119489
9788185860886
9788185860961
9788189338466
9788190367820
9788192723242
9789311126890
9789351381655
9789351444992
9789351735229
9789352136568
9789352830053
9789354420085
9789361034763
9789382618294
9789382618300
9789382618317
9789384028299
9789384376604
9789386189257
9789386850638
9789389368796
9798293650545
9789351677772
9789361313080
9798242890503
9798278893974
9798292629719
9780631130932
9780199469642
9781138744172
9781550651317
9788119989225
9788190991407
9780440868163
9788125035435
9788125035442
9788125035459
9788125053606
9788178122144
9788178122762
9788184271133
9788189580537
9789334237078
9789354807275
9789362833525
9789373744957
9789380172194
9789386298164
9789390232222
9780141185170
9788858035078
9789350270424
9781259064630
9788123916101
9788123916330
9788126542260
9788126549320
9788126549337
9788126554959
9788126560998
9788126598076
9788131523001
9788132202448
9789332901872
9789334259292
9789339220365
9789339220433
9789339220525
9789395737029
9789313192855
9780197790892
9781272892739
9788131202951
9788181470782
9789355202475
9789383046140
9789387390874
9789387472228
9789698780111
9788123918365
9788185135601
9789383980024
9789389174434
9789390450718
9780658013744
9788121614641
9788121614870
9788121615891
9788121918947
9788123781891
9788176499309
9788178122298
9788178241975
9789350727621
9789350944448
9789351866190
9789352017317
9789367255193
9789373741864
9789388019897
9789389915266
9780007310487
9789386310422
9780852265178
9781732206601
9788119364909
9788120350069
9788181912732
9789354438646
9789386323804
9798235170209
9798246704387
9780749690120
9780070553491
9788185386942
9788199328167
9789360061999
9789395757652
9789464945515
9780190132781
9780521696470
9788171640416
9788172764975
9788176111379
9788181285508
9788182747920
9788890911453
9789381139837
9798279139163
9798279171385
9781906796068
9788125033578
9788126005864
9788131612071
9788170111573
9788171248629
9788178121222
9788183760676
9788189011802
9788195637201
9788195979684
9788199210394
9789334216455
9789350723708
9789361037450
9789367254141
9789369106172
9789370025516
9789387269224
9789395483902
9783829319423
9789390577095
9789394682344
9798223251682
9798223779575
9788123900698
9788171171729
9788174532008
9789389691306
9781417765324
9780195687736
9780230329287
9788131909270
9788478718276
9789381489208
9781529995060
9788184732559
9789387829565
9780521176910
9780861319497
9781138328488
9781907653254
9788120336070
9788120345393
9788120350564
9788121511001
9788121511711
9788121921862
9788122205862
9788122308877
9788125016915
9788125035411
9788125035428
9788125037040
9788125055310
9788126316168
9788126540471
9788126550142
9788126555376
9788130901572
9788131505861
9788131800768
9788131801383
9788131914793
9788132203858
9788170145233
9788170945659
9788170947936
9788170947998
9788170948292
9788170949244
9788172112103
9788172112127
9788173712005
9788174531063
9788178120690
9788178242484
9788178556680
9788179931554
9788180140945
9788180280252
9788181283870
9788183212687
9788183241861
9788183823104
9788184894547
9788185102887
9788186653319
9788187358213
9788189884093
9788189884499
9788192851846
9788192851884
9788197069512
9789311126630
9789322008192
9789350237366
9789351104865
9789351448761
9789351450290
9789373745107
9789380156620
9789380386652
9789380618463
9789381438510
9789381438664
9789382618362
9789383260843
9789383299249
9789384028251
9789384028350
9789384028374
9789384028411
9789385497742
9789385497971
9789386309099
9789386850898
9789389009286
9789390265572
9789698345013
9789937594035
9798876117335
9781245648226
9788175102439
9789787748411
9789789673971
9789995279684
9789996088049
9789996090585
9789036615792
9780593308837
9780593481257
9780785164722
9780857422200
9780857423054
9781620335741
9781637543061
9781638583929
9781803092232
9781910170984
9781910836064
9781974527540
9788124328439
9788124328446
9788124328453
9788126911097
9788170556978
9788178121901
9788195411832
9789366490687
9789372190069
9789382563556
9789391793661
9789392374746
9780769644790
9788123925080
9788129101983
9788129104588
9788129108258
9788129113702
9788129115980
9788129118752
9788170892885
9788181475459
9789353527228
9789353529123
9789353529468
9789361560514
9789362255297
9789371001939
9798243071758
9781843544470
9789391950941
9781569570609
9788177228595
9788177228960
9788180521911
9789354710513
9789387938656
9780531124475
9781421526621
9781578268344
9781637457689
9781639048359
9781639205110
9781647331993
9781649832023
9781843225652
9788120728028
9788120775237
9788120798489
9788120798496
9788120798663
9788120798687
9788121509060
9788121613903
9788121613996
9788121615112
9788121615143
9788121615808
9788121617642
9788121618229
9788121618670
9788121619578
9788121703123
9788121911979
9788122301038
9788122304343
9788122308815
9788122313871
9788122316001
9788125015437
9788126561988
9788131225196
9788131808207
9788131808962
9788131903636
9788131946305
9788170521792
9788170948742
9788172763046
9788176935982
9788180903151
9788183552165
9788183910132
9788184041989
9788184777598
9788184779936
9788186017012
9788186877302
9788188121274
9788188569366
9788188569397
9788192851822
9788192851877
9789325974203
9789350945995
9789351038610
9789351101062
9789351471967
9789351721079
9789380644011
9789381626573
9789383145676
9789384028305
9789384028459
9789385194443
9789386224132
9789386224866
9789390461233
9789810799489
9798885035231
9798885558464
9798885914086
9798886413663
9798887727561
9780500516355
9780711977655
9781491573563
9781491576908
9780330412100
9781108855686
9788424116064
9789681603632
9780545981248
9780545987325
9780545987561
9781502442673
9781506703336
9781532840647
9788131509890
9788131723944
9789395030953
9789360866150
9789388295321
9780613646093
9788183619981
9788189301972
9788193406212
9789372263329
9789383445554
9789383643752
9780143301219
9780241014844
9780330438766
9780330448154
9780330509572
9780330525855
9781543057614
9781781833063
9788119369997
9788126402588
9788170146865
9788178122779
9788181430595
9788184774818
9788184776843
9788189988470
9788195134229
9789350002933
9789351036425
9789351038641
9789351038726
9789351039020
9789351216254
9789352295005
9789352750504
9789352755660
9789362872418
9789386106537
9789386263650
9789386313621
9781101937693
9788168899100
9780760772713
9788123917382
9788123928081
9789388178686
9798223646228
9781908206404
9798249765309
9788121918602
9788121936712
9788122205909
9788122315165
9788125002734
9788125040293
9788126537310
9788126542864
9788131931226
9788170166153
9788172162658
9788173715082
9788175972445
9788177395099
9788183221504
9788187332190
9788188629114
9788188717118
9788188867066
9788194777250
9789311126715
9789350045954
9789350123201
9789351213673
9789351213697
9789351213727
9789351213734
9789380108582
9789380618876
9789381438480
9789381438633
9789381511893
9789383233670
9789384028695
9789385875977
9789387351547
9798886294033
9788167373441
9789350251713
9789350637609
9780878393008
9780878394036
9780878396597
9780930794972
9780964518124
9780996897396
9780997452815
9780998260440
9781408264065
9781506707174
9781550650549
9781550652161
9781550654554
9781550655377
9781550718225
9781600099823
9781613727454
9781616556556
9781626926677
9781642750942
9781644052181
9781644057018
9781646030057
9781771611381
9781771611749
9781771612852
9781934759394
9789384866419
9789814033886
9798271646911
9788173198380
9789334278620
9789334329988
9789334407440
9789347019999
9789349393585
9789349972872
9789352129072
9789355263063
9789359778549
9789368537083
9789370024984
9789371070652
9789371644464
9789373354682
9789374623213
9789376862474
9798903302512
9798994944400
9789386345752
9788124332160
9788173197345
9789356811713
9789368027201
9789371531962
9789373740669
9789373745893
9789386601605
9789395101325
9780762420261
9789371328494
9789386691828
9798235294721
9781409599951
9789387532601
9781853408427
9781906613730
9781973752813
9781973982050
9781548155421
9781548590284
9780070659674
9781853674617
9781887905374
9788121600453
9788121604598
9788121605342
9788121611343
9788121616539
9788121618694
9788121619752
9788121936613
9788122205916
9788122611175
9788125002635
9788125008019
9788125010814
9788126352272
9788131808016
9788131809020
9788131916056
9788170944478
9788171205172
9788173713217
9788176212328
9788178120829
9788182960268
9788183320733
9788185636313
9788190000215
9788195353224
9788197190940
9789325983380
9789351034490
9789351101246
9789352035281
9789352135783
9789352137671
9789352532087
9789373355122
9789373742793
9789380644554
9789380661308
9789384028336
9789384416201
9789385929175
9789386179524
9789386179609
9789387919341
9789388537377
9789388537384
9798886413878
9781517320379
9788130904160
9789384248833
9789385961106
9789388983082
9789389718249
9789788130918
9798257246616
9780143065043
9789351550372
9789386106476
9780143446705
9781937584405
9781942801948
9789373745220
9780955849909
9781401202453
9789357013567
9788125030256
9788125042099
9788174766960
9788186877210
9789350007082
9789352294831
9789381362815
9789388684255
9781530271702
9781541234086
9788172340216
9788484435839
9781009826037
9780143427803
9780143447184
9780241719275
9780857425850
9780857528384
9781529976205
9781646045037
9781683836964
9781785046254
9781841598291
9781932511581
9788126713738
9788183611114
9788183612128
9788195388608
9788197570056
9788416242412
9788416642915
9789334301311
9789387593695
9789393790064
9780199467549
9781539427742
9788121932677
9788122205305
9788124603512
9788125021544
9788125030263
9788170555476
9788173029233
9788178120935
9788178557595
9788182962941
9788184894585
9788186470275
9788190120081
9788194363293
9788194461111
9788196347390
9788199574151
9789334435009
9789348960641
9789349162754
9789351065692
9789356181229
9789356182899
9789358989779
9789362831996
9789367254967
9789381438121
9789385932410
9789387604827
9789392281952
9780756514259
9788122440607
9780857424464
9788183611947
9798246212905
9798265076328
9788183155236
9788187251378
9788466618199
9789350903100
9789388804523
9798232420062
9788126706860
9789369589838
9780768918328
9781841153384
9785518592216
9789324199294
9788131415535
9788181913807
9788186877630
9789389342871
9798473487121
9780955882753
9781405081375
9788172343507
9788172343828
9788172344030
9788172344672
9788172345051
9788184772746
9788189988838
9789351030140
9789352756742
9780521349772
9780815196167
9781724130235
9781919298245
9781984306678
9788169355346
9788171170456
9788171170715
9788171172184
9788177292770
9789350009581
9789388804448
9780143454762
9780857070883
9781447217749
9788126563463
9788170565710
9788189988531
9788189988555
9789354714849
9789380480565
9789380480893
9789381431290
9789381431481
9789381431610
9789381431627
9789381431658
9789381431764
9789384544423
9789385827716
9789385827884
9789386313898
9789386832610
9789388302029
9780333904459
9780785406730
9781406571509
9788123773131
9788125030270
9788130001234
9788170943150
9788171946228
9788177394658
9788178126296
9788178244785
9788178553245
9788183321778
9788184871388
9788186877432
9788188230846
9788194562634
9788197434440
9788197467455
9789350943496
9789351870340
9789352512348
9789383299225
9789698263478
9781844194452
9788123924052
9788177222456
9788888774473
9789353529048
9789385616167
9789395985666
9798255141609
9781903933268
9781906653255
9780143443193
9788125011620
9788125030287
9788125030294
9788126701179
9789355640567
9798257698477
9780007823062
9780761932567
9781528487788
9788174826305
9788198096739
9789381335789
9789392641275
9798128801258
9798327421615
9798327421622
9780875421995
9780007518982
9780143031260
9780190137076
9780330470544
9780992846121
9780998044118
9781407533797
9781637350881
9781645469414
9781646617951
9781781861400
9788121612098
9788121614887
9788121619431
9788122205046
9788122314625
9788125015444
9788125022206
9788126351503
9788127257675
9788130932200
9788131905296
9788131924037
9788131965573
9788131965658
9788169742016
9788170230489
9788170552444
9788170552758
9788170554417
9788170557647
9788170640622
9788170701484
9788171020751
9788172339531
9788174531728
9788177223347
9788177392401
9788178557618
9788180140617
9788181372758
9788181820501
9788182658455
9788182883376
9788183556811
9788184774658
9788184977943
9788187111962
9788187553021
9788187671855
9788187863229
9788188569588
9788189013707
9788190000208
9788190367844
9788190584128
9788192153421
9788192554150
9788192554198
9788192813431
9788193753811
9788194097136
9788197852251
9789311123738
9789311125251
9789311126838
9789350040171
9789350237045
9789350237052
9789350712948
9789351037507
9789351038634
9789351039303
9789351100294
9789351472124
9789351760733
9789352130528
9789361038570
9789367251874
9789371185028
9789380005300
9789380032757
9789380283296
9789380644172
9789380644226
9789380644264
9789380644332
9789381626382
9789382536840
9789383828258
9789384028077
9789385621239
9789385875984
9789385980947
9789386025630
9789386224408
9789386379689
9789386585912
9789386850881
9789387486645
9789387984493
9789387984523
9789387984585
9789388754682
9789388850568
9789395019095
9789395101264
9798899616785
9780670095094
9789350097908
9788131903643
9788167211248
9789311125312
9789352751761
9798245736204
9780071111584
9780230638129
9780955590580
9781505386493
9781512111828
9781688547797
9781727234480
9781737856986
9788119019786
9788125030300
9788125034537
9788170554912
9788170556022
9789350713631
9789351446484
9789351447993
9789363662698
9789363663176
9789387330900
9789392175077
9798233916090
9798356994333
9798375424361
9798840141137
9781631028298
9789362730633
9789378168352
9789386629357
9798223793465
9780006229087
9780140523805
9780330400381
9780441068531
9780719043130
9780721428536
9781857023510
9788189639259
9781930710702
9780889629288
9780889629943
9781509818983
9781509818990
9781509819010
9781509819058
9781509819072
9781550652383
9781550652864
9781608092727
9781771611800
9781930939103
9781939183996
9788121615709
9788126708611
9788172343149
9788172343187
9788172343460
9788172344047
9788172345006
9788172345013
9789360861346
9789386106087
9780333937341
9780811837866
9788124301814
9788125000068
9788125030317
9788178121376
9788178793856
9788183322782
9788186089194
9788187524854
9788195676866
9788196347437
9788198745323
9789002712067
9789311125879
9789326191159
9789348960115
9789350943885
9789350949047
9789351415732
9789356811348
9789360749460
9789362830159
9789380834528
9789384328375
9789386202499
9789389048742
9789390540334
9789392536021
9798327534643
9798327616707
9780808527039
9781406873597
9780345492005
9788124114995
9789325299818
9781512350623
9789390912926
9798232969998
9798302934772
9780571327690
9789371640121
9789356810549
9789386827104
9789387045361
9789387045378
9780864734365
9780864735584
9780864735645
9780864735690
9781545807125
9781601255112
9781626923997
9781684051342
9788125030324
9788169001540
9789390292240
9783839183304
9798246633472
9788196257538
9788866444862
9789367259467
9781444100037
9788131788592
9780143104155
9788126716630
9788131262382
9788178134833
9789389872088
9788125034377
9788126531035
9788177000092
9788178120195
9788178122007
9788178122014
9788178122649
9788181371478
9789350126868
9789388563000
9780812498240
9789372267303
9780143482024
9780606033176
9781841692593
9788126512867
9798255136032
9798255138661
9780143104063
9781472230225
9781492604723
9788125034407
9788126572489
9788170461593
9788172344627
9788172344634
9788184779523
9788189988760
9789351037682
9789352751020
9789354971952
9789367251683
9789367255094
9789380480886
9789381431504
9789384544027
9789387153929
9789388302326
9789389161908
9780929895956
9789368974932
9798232492809
9798263539436
9798294485900
9781800782099
9788169001373
9789386198303
9781493991129
9781493991136
9780007341283
9780070669260
9780190137144
9780521704120
9780673194213
9780863112065
9788125017226
9788125025979
9788125034438
9788125950363
9788129709288
9788131809723
9788170948926
9788170949749
9788173660078
9788173704185
9788175251762
9788175300217
9788177229127
9788177394443
9788180140761
9788187479000
9788188260034
9788190850100
9788192594880
9788193432013
9788195267477
9789325984592
9789350947678
9789351030942
9789352532117
9789352873968
9789354972027
9789354972102
9789357788342
9789361030031
9789361032936
9789361038792
9789373748573
9789380571331
9789383260669
9789386036872
9789387242074
9789387444041
9789389573817
9789389795783
9781919220062
9788126567867
9788129105721
9788129116789
9788129119032
9788129119643
9788129119858
9788174730626
9788174732026
9789361560118
9789361560378
9789361562150
9789361564741
9789361565014
9789370030336
9789370034723
9789370034983
9789370036185
9789370038622
9798129108073
9780500544211
9782070353439
9789389187823
9789389577006
9789395985390
9788126537419
9789325296039
9789354352249
9780521636674
9781499295597
9788131203682
9789386008787
9788125009382
9788125034445
9788125034452
9788125034469
9788173704208
9788178120355
9788178121338
9788195904853
9780199479696
9780673990648
9780970061577
9781616463458
9781844777525
9783037645420
9788124114636
9788427220423
9789881239549
9781535014045
9789388850438
9780789329073
9786079346232
9780345510792
9780575063440
9781401234362
9781421525792
9781531837532
9781606904152
9781631402074
9781631406751
9780330513647
9781786376398
9781796379693
9781912477494
9781915631213
9781939906526
9781948716352
9781976812781
9781985641044
9781987636468
9788125026099
9788125033684
9788125033691
9788181376862
9789351448235
9789356810983
9789364481106
9789367251232
9789367257623
9789367257869
9789386585431
9798891554382
9798994940839
9780570016434
9780976309550
9786070704659
9788124107058
9788170557678
9780008851811
9780241797860
9788126707263
9789363126718
9798409142377
9780716672302
9780785140047
9780785143529
9788123925936
9788123928661
9788126723355
9781988479118
9788122910995
9788124328415
9788125034476
9788125034483
9788129118486
9789334138078
9789363924246
9789367258767
9789386883988
9780030185984
9789987871537
9780739084489
9786074006087
9789381448410
9789390511464
9780593373316
9780857504814
9780889222854
9780889224032
9780970625069
9780981753379
9780985757762
9781401272012
9781427866653
9781447174257
9781550172164
9781550654646
9781566890021
9781566890465
9781581771459
9781590793053
9781771613248
9781771615082
9781773370286
9781857159172
9781885003829
9781927095690
9789371368971
9789373949420
9789387045255
9789390152148
9788125942634
9788126923731
9788178557151
9788182963948
9788182964686
9788185566511
9789350717431
9789388537650
9789394779488
9798259260511
9788170201007
9788172868505
9798291193488
9788126550791
9788492796830
9780824790516
9780916356941
9781580134255
9781636514826
9784862902498
9788125033318
9788125033325
9788125033707
9788170553236
9788170557746
9788170559559
9788170559757
9788190636292
9789367251256
9789382578727
9789391730062
9781743629093
9788131203231
9788172341572
9788172343163
9788178672052
9788433970473
9789355641199
9798274278287
9781537423326
9789358804119
9789390711321
9782322583256
9781960810472
9780143427711
9780330525893
9781447210863
9781447210894
9781523089062
9781569571811
9781786587572
9781835693889
9781835693933
9781835693940
9781835693964
9788126560028
9788126561292
9788126564545
9788126565177
9788172345556
9788175993334
9788175993341
9788175993716
9789359549590
9789366114613
9789366118734
9789380480572
9789381398791
9789381398944
9789381431146
9789381431733
9789385827815
9789394613041
9780190137106
9780199494583
9781032160740
9781542016551
9781542044196
9781542044219
9788121618540
9788121923941
9788121933452
9788121941570
9788122432626
9788125033332
9788125033349
9788125033356
9788125036357
9788126504664
9788131909256
9788131941904
9788131949313
9788170219828
9788170640882
9788170947349
9788171853755
9788174531391
9788174532480
9788181371881
9788183325714
9788184044768
9788184776782
9788185501000
9788187812234
9788187812654
9788189161309
9788189975647
9788190666893
9789327280074
9789350941065
9789351031697
9789351036753
9789351036814
9789351100089
9789352031726
9789352031740
9789356811256
9789361039751
9789380200132
9789380408026
9789380658407
9789381043493
9789382618393
9789382658566
9789383074792
9789384465056
9789386036803
9789386385925
9789386500854
9789387578609
9789388426107
9789810193645
9789810615598
9798183821093
9781541099142
9781600593789
9788178886305
9780750257916
9788171981472
9781560524731
9788126706891
9788893414142
9788125035787
9788125035800
9788125035817
9788172057053
9788178120713
9788193929025
9789348521149
9789352129270
9788172342395
9788181469359
9789389645293
9788125019022
9788125033363
9788125033370
9788125033387
9788125918998
9788184070330
9789350044193
9789350944608
9789351038269
9789351550143
9789388632294
9780615825335
9780615993959
9780670096879
9780711990821
9781082057793
9781497481879
9781507815267
9781536986648
9781720039327
9781728725475
9789355621252
9789372256192
9798262848065
9798265953407
9798266796454
9798266993099
9798267621304
9798267713047
9798267773836
9798268165012
9798281611138
9798288072994
9798288602610
9798292177449
9798293286584
9798294081706
9798296355904
9798296433374
9798298896559
9798299496840
9798304577038
9798307571866
9798312022056
9798321196472
9798321825464
9798327300972
9798328947947
9798344830537
9798359862158
9798372201224
9798375950525
9798394840432
9798460154586
9798509065101
9798544892489
9798630858641
9798645761189
9798731575997
9798835109906
9798843919153
9798847448079
9798848578386
9798860491649
9798861406062
9798884333215
9780739876411
9781907332562
9798892673990
9788883048616
9780431044361
9780431192901
9788125033394
9788125033400
9788125033417
9788125033424
9788125033431
9788125033448
9788126544905
9788170552864
9788178122182
9788178122373
9788181438133
9789359716503
9789387441262
9780030261220
9788131203507
9781626569492
9781788406161
9788199097636
9788869448911
9789360862428
9780205200634
9781550653670
9781550654028
9781550654264
9788183618502
9788187680307
9788192054001
9789349562400
9789350716687
9789367250853
9789367258620
9789381177112
9781495238406
9781495490323
9781496047885
9781496047915
9781496127129
9781496140357
9781497416543
9781497431690
9781497453074
9781499360998
9781499563962
9781499565287
9781499565324
9781500273095
9781500300524
9781500418090
9781500418328
9781500815103
9781502379931
9781502769275
9781505427165
9781505589511
9781508624004
9781511402286
9781512095814
9781512320770
9781514725634
9781514872116
9781515077374
9781515078104
9781515172116
9781518790577
9781523402984
9781523714377
9781530403806
9781533030665
9781533253408
9781533445360
9798233174940
9788492417315
9788497940368
9789381362310
9789385827310
9780864735294
9780864735997
9780864736048
9781580934633
9781594773846
9788126546220
9789386008275
9798892673563
9789380485140
9789381902639
9780471612025
9789369141029
9789389714883
9788859013785
9780190137205
9780190137229
9780190137236
9780190137243
9780190137656
9780273604242
9780947655617
9781435483224
9788121932615
9788125953005
9788131702284
9788131704370
9788131964156
9788173663192
9788182964372
9788186762899
9789350238936
9789351194767
9789351446347
9789351761457
9789352032884
9789354972911
9789356278271
9789356810396
9789358119954
9789364875202
9789367253175
9789367256770
9789367259474
9789382730200
9789388426305
9788126725311
9788126725335
9788499590547
9789358404241
9798176232974
9788184737240
9789360862459
9789387045385
9788500015212
9780857366962
9789389088038
9798249352547
9780143306511
9780143505723
9780753449387
9781509846771
9781509897520
9788126572458
9789354710681
9789354710841
9789354710964
9789359544045
9789381398876
9789386215055
9789388302098
9789393580269
9798235023499
9798235821316
9798235965904
9781429600378
9789332516649
9780857367006
9788131774366
9780385904230
9788885906884
9789367258989
9780375873430
9781561483945
9788126941834
9789385867194
9789386323767
9788170540847
9788181370075
9788192976075
9789311127033
9789355932129
9789361038143
9789361855153
9789367253243
9789367254882
9789371970587
9789385980466
9789389048766
9780889629929
9781550652581
9781550653120
9781550653212
9781550653229
9781550655421
9781771835008
9789686769005
9781107648456
9788478083947
9798301874970
9781861262202
9789390239689
9780606145572
9788178120904
9788178121628
9788178122595
9788186877357
9789367259764
9780606365000
9780606380591
9789389718935
9788489163829
9789390820290
9780582053892
9781147188646
9781493798742
9781569705728
9789351429104
9789373017075
9789948345480
9789948348108
9798215203644
9798218882181
9798223108979
9798223221982
9798227381811
9798227553638
9798231731855
9798233443763
9798243703949
9798244050103
9798293782451
9798296279293
9798297503373
9798299001044
9798342890397
9798559333090
9798644005871
9781508744825
9781537424361
9781539413943
9781540616128
9780749449131
9781405121583
9781608270156
9781608270163
9781838741518
9788120797765
9788121615730
9788121910163
9788121935272
9788122310443
9788122421101
9788122427271
9788126501649
9788126536443
9788126560714
9788126562695
9788130902968
9788131505809
9788131809709
9788131915530
9788131918418
9788170544234
9788170641056
9788170949947
9788170977988
9788174531445
9788176496070
9788178791302
9788180562228
9788184620276
9788184975666
9788186302040
9788188128037
9788188260027
9788189059491
9788189059521
9788195948420
9789348957863
9789350041772
9789350716694
9789350948941
9789351037477
9789351190868
9789352512942
9789352740703
9789355382894
9789360864217
9789369580996
9789380283968
9789380283982
9789380658155
9789381626450
9789381626771
9789381957196
9789382363026
9789382618379
9789382618881
9789383145591
9789383260096
9789383260188
9789384028237
9789384030506
9789384030964
9789385152849
9789385724282
9789385879111
9789386036834
9789386189134
9789386309013
9789386850232
9789386850249
9789387578449
9789387894297
9789387894303
9789387894631
9789388754316
9789395101622
9798903924936
9781967887095
9781539529644
9788126543885
9780297822752
9780769281131
9781495242779
9789390820276
9788126711161
9780521796187
9788131214954
9788131416679
9798129107823
9781770266926
9781846463693
9798231110605
9783829707329
9783829707398
9780981122403
9781461177777
9780748790821
9781442494411
9781605372884
9781909640290
9789347027871
9780190137212
9781629910604
9788121927727
9788129142269
9788183323543
9788193434888
9788871009070
9789350555934
9789350944516
9789352137954
9789367256572
9788424178802
9788424178819
9789681661755
9798293630622
9781401231835
9781512169669
9781616556471
9789391061760
9780794440763
9788178120416
9788189915735
9789385932557
9781511931281
9789350096741
9789371233361
9789387963436
9789390187294
9783525404010
9789325299832
9798233024870
9780670091515
9780752266558
9780753448397
9780753448403
9780857425904
9780860370987
9781501134845
9781509823239
9781740511421
9781740511438
9781878424495
9781913738242
9788126564538
9788126565139
9788126578849
9788126578979
9788126578986
9788172345563
9788175993396
9789351030386
9789359544816
9789381398524
9789381431870
9789385827976
9789386832993
9788122903652
9788125045830
9788178120300
9788178121130
9788181984340
9788199154155
9789350586037
9789350947265
9789361030055
9789367253342
9789372261554
9789380550305
9789380628660
9789380828152
9789386763716
9798233023620
9780333782118
9780785119845
9781926428222
9788170553014
9789348203274
9789350564042
9789355180896
9789369585830
9788183619424
9780713677553
9780756941086
9781869711290
9780978847647
9788498479133
9789348214331
9789385936777
9780972894029
9781905151707
9783443950569
9788120345911
9788121927383
9788121936590
9788124804858
9788131505700
9788131806296
9788131905623
9788173666377
9788174530196
9788182200203
9788182964181
9788183553339
9788183554909
9788184040050
9788189975654
9788190192804
9788195393718
9788196631338
9789364022149
9789381269527
9789383828609
9789384030322
9789384089948
9789386224613
9789386810458
9789390760978
9789391034702
9789381269480
9781857333541
9781505529463
9788894981131
9789389573237
9789387766488
9798180756329
9781844773558
9788126539239
9781449403102
9789351038528
9781474907170
9781627797986
9789313163299
9780199482153
9781590203064
9788125045847
9788125045878
9788178121741
9789350042755
9789351194750
9789373017167
9789380644318
9789387672314
9780072131710
9783865212382
9788125064060
9788126539512
9788881901487
9788125045854
9789356811836
9781616017712
9788188237999
9789383793204
9780815623199
9798253992791
9788853608659
9789352210275
9780521682596
9788125045823
9788125045861
9788173668401
9788175250376
9788178126586
9788185680255
9789311127781
9789351197263
9789356810839
9789360863692
9789367258606
9788126136582
9789370038691
9781611458732
9788126532018
9780385700139
9780771030109
9780875161969
9781782442592
9788126716098
9789313193432
9789394494466
9798887503653
9799788195121
9780143422372
9780241997116
9781405959919
9788122129533
9788125045885
9788126546770
9788170462828
9788173704024
9788178122755
9788178242927
9788199947351
9789352877546
9789357171663
9789360866662
9789369580743
9789373016948
9789376500789
9789395576642
9780521732963
9788184892819
9789390820221
9798266570146
9788131808085
9780857366979
9780857367242
9788120344617
9788120747432
9788126507788
9788126563869
9788126923090
9788131508534
9788131999110
9788171566686
9788171853632
9788171859474
9788173669040
9788173669385
9788174530202
9788174532183
9788174532411
9788175256972
9788176212458
9788178440484
9788181930637
9788184045062
9788184975550
9788185094779
9788416407361
9789311123851
9789350046821
9789351033578
9789351033592
9789351033608
9789351033615
9789351471257
9789352743483
9789352806072
9789367258804
9789380032894
9789380658025
9789383260812
9789385152726
9789385152832
9789385621222
9789386850201
9789386850393
9798874188092
9798903421442
9788427901025
9789324197962
9789350090817
9789390820023
9798294924102
9788489552128
9788491565116
9788869449338
9788883510847
9789360748784
9789387153271
9798293792672
9780199181599
9780370004617
9781565659360
9788126569991
9788120843417
9788125014560
9788125045892
9788170552543
9788170553021
9788181430496
9788181431226
9788181433831
9788194918349
9788196342319
9788449305399
9789372275650
9789381018996
9789386516268
9789391045265
9789391406738
9781540884510
9783161488122
9788185263441
9780262525138
9781422217931
9781409108221
9781592498482
9780613836982
9788122432244
9788125045816
9788126548545
9788130910864
9788131902974
9788131930939
9788131938492
9788178120478
9788178122427
9788180522062
9788184894615
9788184974331
9788187680239
9789311128818
9789325992252
9789350719947
9789353501525
9789373011547
9789386224842
9789694962931
9798272498328
9781366090737
9781259027512
9788181471758
9788131228234
9788181890092
9788125045908
9788178120287
9788178121758
9788194719502
9789363475243
9780853696438
9781840182491
9789352836673
9780606239646
9780606383073
9780910030229
9788126550784
9780190134242
9781539467540
9782283068731
9783443951085
9788125045915
9788178120218
9788188473199
9789311127736
9789352532018
9789370608900
9789373749723
9789385980855
9781539793717
9781423115397
9788131807019
9789389447019
9780241626474
9780241634523
9780385687843
9780385698207
9780735241381
9781039007956
9781039056480
9788119028634
9788119092062
9788119989997
9788122439823
9788122439830
9788122611861
9788126726936
9788126727322
9788126729708
9788126729906
9788174936028
9788174938572
9788175821606
9788177336566
9788178660103
9788187540571
9788189253752
9788190469913
9788190540155
9789327298017
9789349162495
9789351429944
9789356813588
9789356819795
9789359989235
9789360863074
9789360865108
9789360866068
9789360866174
9789371531726
9789387265189
9789390971282
9789392757136
9788126923175
9788178121406
9788179292150
9789352806133
9789960966687
9780393062762
9788433920942
9789356813205
9781976191459
9781976333620
9788415139256
9780143427476
9781349959556
9781471125263
9781501191732
9781509881093
9781804090909
9788126563371
9788126565689
9788126567232
9788126568031
9788126577460
9788126578863
9788126578887
9789381431283
9789386215468
9789389109191
9789394613119
9781418029982
9781543342963
9781849583855
9788125043249
9788125044598
9788125044604
9788125045786
9788171562039
9788171857791
9788173703119
9788178440378
9788189059224
9788875412524
9789311122441
9789311124223
9789348734600
9789367255407
9789373010137
9789373016566
9789385980442
9789389368079
9788123919454
9788181475473
9788483834169
9781862055896
9781401245214
9781574821161
9789374735541
9780190137977
9789312147207
9781848798069
9780000146441
9798215062715
9788124116333
9788124116814
9788125045809
9788180567308
9789351732556
9789386386823
9789373943817
9780957167902
9788497773614
9789948374459
9798215271506
9798249006471
9780829735611
9789354352096
9789371234559
9789387660922
9789350040690
9788178120812
9788896092873
9789358705003
9788123904771
9788123905938
9788131205471
9788131210314
9788862442664
9780241015728
9781607101444
9781741214338
9781984388322
9781178194586
9788496969599
9789339221393
9780552779111
9781743625804
9784863470071
9788121500302
9788121501330
9788121508735
9788125923442
9788126541768
9788126544769
9788126560844
9788126921232
9788131515082
9788170366782
9788170595632
9788170948315
9788170949138
9788170949510
9788172112936
9788172130800
9788173719356
9788174530400
9788176565431
9788179308301
9788180600906
9788181374882
9788182964204
9788184045673
9788184975611
9788186098141
9788187721161
9788187746126
9788188260003
9788188479764
9788188683154
9788189975869
9788193895184
9788199261341
9789350040515
9789350235096
9789350239544
9789350671306
9789350943892
9789351442134
9789351446330
9789351760146
9789352134137
9789352137008
9789361030451
9789367259931
9789373745190
9789380298399
9789381068397
9789381626092
9789382711087
9789384030070
9789384061371
9789385152429
9789385616402
9789385621284
9789385621338
9789385724039
9789385915321
9789385966637
9789386036636
9789386189059
9789386224453
9789386224804
9789387578500
9789388689755
9789391855093
9789391855314
9789391855321
9789391855482
9789392837890
9798241043016
9798344129068
9798903622337
9780808574439
9788126509843
9780930289409
9781580134378
9788126546268
9788126559152
9798288588105
9788123900087
9788123920047
9789382127833
9789388725774
9788122484649
9798821341730
9780201060386
9788125045793
9788125056454
9788186782774
9788190829274
9788194719588
9789352032891
9789381209271
9789386054784
9789387282223
9789387791381
9781971622361
9781989469132
9783836544306
9781401268756
9788126549788
9780915066506
9780930794668
9780952978718
9781035040209
9781401945831
9788185028835
9780891062264
9788125045779
9788178551920
9788183990868
9788183990981
9788193611951
9788193975626
9789356810327
9789356811461
9789373741345
9789385980374
9789388991117
9789390820511
9798593898074
9789325292055
9788126553136
9780540071395
9788126505708
9789311125282
9781548226367
9798279093847
9780195669459
9780809556526
9781405127264
9788120344549
9788121509077
9788122413656
9788124200537
9788126519385
9788173711596
9788184028768
9788184044522
9788186693605
9788186921807
9788187784609
9788192682815
9788192976006
9789312147160
9789325983373
9789350231029
9789352818150
9789356190436
9789356810402
9789382134824
9789385288494
9789388030441
9789391406721
9789392880346
9789812557148
9798902317395
9781444177213
9788480634939
9788488594358
9798233872341
9798863594798
9781535014823
9781537115368
9788125050858
9788171568352
9788175102811
9788175977068
9788183166935
9788188479139
9781537781860
9781539422297
9781541347335
9781541348318
9781542583022
9798196402524
9798390236413
9780340395165
9780671710439
9781434297433
9781852930349
9781860195846
9789387045729
9798258243041
9780976489405
9780571550098
9780571551248
9780571551828
9781423437871
9781788640008
9781858680255
9782122611579
9783943638028
9788131906125
9788182757455
9788192169033
9788198885722
9789311121536
9789311128757
9789352512300
9789352530540
9789373012520
9789373015378
9789373747774
9789373748375
9789381510308
9789390221011
9781739745844
9780019898423
9781539466628
9781542891981
9788170463221
9789385932564
9780836841114
9781595660121
9788131224632
9780340781746
9780888993045
9788123900520
9788126577743
9788126578894
9789380931876
9789382616368
9798217090150
9798217090167
9788121932585
9788125055303
9788170219774
9789312143162
9780606364010
9780812413908
9788488061454
9781539491873
9783958924604
9780367238377
9789386232076
9781319059545
9789386950765
9781855764354
9783695708819
9781545068199
9788124801307
9788125045762
9788126549139
9788172112820
9788178695433
9788180280085
9788182092341
9788185990910
9788187495253
9788187746393
9788193303658
9789389310610
9789395101936
9789694690391
9780689878756
9781541153165
9781543177183
9781545041062
9781546859611
9781609927882
9781889262505
9781910449561
9786070713804
9786070716751
9780282774585
9789388182188
9781512298390
9780194234436
9780141442211
9780979232879
9781595826350
9781609924959
9781408520659
9780749688110
9781569717585
9788171562527
9780143122289
9789351035817
9780431015040
9780613841139
9780739055830
9789354244766
9798303918665
9780948462399
9798255938483
9781421541402
9788182910485
9788122435351
9788126106691
9788131788028
9788131790977
9788170195009
9788175102767
9788180318924
9789352271399
9798901765265
9781439520116
9780241295427
9788184736137
9780750004589
9781545598061
9781548259655
9780521634830
9798254705680
9780861784141
9789392837449
9780553505696
9780861366316
9780521752176
9781595328090
9788899190002
9788193199329
9780974381428
9789373747385
9780948833151
9780948833670
9780948833885
9780983432654
9789948250715
9789948390510
9798241353238
9798272840073
9798293402137
9798215179673
9780553407860
9789381771372
9788176810067
9789996088391
9798304571432
9789681620332
9780891458722
9783407762153
9783695133703
9781558321939
9788195488667
9798255193639
9788129103888
9781402208331
9781603600361
9780857425843
9788869445668
9788126543380
9789350099728
9780321226419
9783788311698
9780195048834
9780071136396
9781850767701
9781401210229
9780712639187
9780224089753
9780708821381
9781402764585
9781850070856
9780133599367
9780746085882
9780785146032
9788126538119
9780606147484
9780606261746
9780606261753
9780670092772
9781436434430
9781902382470
9781902382562
9788126911592
9788126935741
9788126941568
9788126941698
9788126943005
9788170462996
9789352805990
9789353286392
9780545084949
9781843332510
9788895731162
9780794517878
9781857037272
9789381771365
9781179914022
9781277094121
9781406319927
9788178690230
9780131846999
9781406825527
9780439176576
9780715362839
9788893915113
9780752100401
9788899566012
9788415410171
9788415410515
9780442301521
9781607103295
9786070712968
9788415139539
9781847387486
9780802706232
9781403436511
9781429042796
9781783614004
9789383124466
9780061340918
9781435210462
9781501216916
9781501262999
9781784964610
9780486446325
9780739078051
9780964081055
9780954502560
9781849384506
9781419551895
9788478717804
9781908966438
9788415189596
9781418074272
9783863137045
9781647895464
9788184892475
9789389859478
9780174402664
9781897913338
9798296191427
9780140055412
9780443073373
9780330454070
9781009418539
9780521706308
9781444147971
9780333962220
9780813121291
9781448852444
9780989082105
9781545018064
9781606902660
9781404816718
9788860745187
9780804202596
9788175102804
9788181780959
9788199254886
9789971973971
9798218846480
9798902072270
9788474966343
9798271222849
9780140365757
9780352338495
9780736423861
9781107659292
9788886083911
9780785151319
9788840008004
9780857508416
9780948158322
9780600380405
9781497636019
9780140184143
9780340711668
9780606265287
9780606362634
9780613647939
9781405005241
9780890424681
9780903031462
9780956992093
9781285191508
9781431431793
9781436434065
9783861538752
9783934167407
9798199610070
9798289933775
9780214200175
9781401926557
9788566025262
9798223522904
9780600322009
9780715399309
9781855979383
9789172991552
9783899983814
9781519228819
9781519396242
9781906217426
9783965150225
9781517419042
9786303124414
9798275902907
9798277834442
9780732289775
9781844560875
9781927099568
9788126510504
9788868981815
9781845977573
9781902382548
9781904634812
9781906613006
9781906613013
9781906613037
9781906613075
9781906613112
9780671719272
9780748752713
9780975912928
9786078560608
9788418041082
9780340849385
9781901306064
9780545987912
9798242241688
9780812966176
9780736482493
9780739081518
9780825418099
9781408309261
9781616558512
9781616559090
9781934941355
9789707701359
9788894278729
9780345500366
9781409908456
9781481411509
9781595190741
9788424106416
9780615427386
9780919897625
9780824829063
9780747595229
9780521752251
9780739852569
9781595667182
9780525420804
9781920769079
9781845071394
9780307397560
9780746096529
9781538088739
9788823016163
9798307652503
9780340803745
9781405500883
9780794419349
9780961709907
9781807384906
9788894154979
9788887655889
9781871177299
9781906784157
9781550289848
9781909266247
9780174343257
9788418418082
9781847281074
9780304307692
9788478648818
9781403431882
9780749420123
9780170113014
9781603600330
9783952204863
9780471972686
9783987022340
9781417675074
9781784751319
9788854408074
9780582469235
9780785768500
9780938577201
9780006224884
9780723239949
9780920717523
9781870941136
9780333902271
9798233612060
9780749427863
9788580445275
9781845071226
9788854858305
9780199174546
9781408142479
9780752530635
9798869782724
9781848106307
9781845572327
9781845572341
9781923570740
9780709174707
9783945676905
9788183822497
9781403432834
9781435800083
9781861975744
9788412407082
9780880450362
9781431431731
9781431431748
9781431431861
9781474953085
9783959930727
9788432310126
9788869260667
9781537563329
9781590694459
9780715379721
9780606324106
9782889217304
9788120407916
9781405446679
9781590360613
9780195406894
9788409297627
9788490700785
9782070374526
9780595003518
9781894936460
9788492966585
9788171678303
9781680102239
9781409915690
9781500730949
9781849144360
9782070489978
9780976823315
9781631403866
9780736803274
9781906613020
9781906613105
9781906613372
9781910367087
9781910367094
9781910367339
9788499111773
9780719572494
9781445101132
9781849089302
9780230611337
9780396076186
9788186332238
9780752891781
9781902618272
9780099403234
9783864853128
9781316603451
9781416917502
9789707702851
9780812407488
9781405474085
9781405474092
9781508656241
9781514120460
9788823010048
9781784409975
9788179933176
9789380619255
9780340803738
9781859860076
9788869163326
9781587789007
9798864181362
9781583408063
9788175963498
9781407122342
9780713654523
9781932333350
9798233298769
9780340857687
9780132890427
9780330374057
9780713661736
9781684059553
9788125923329
9781838779986
9788499241197
9781445131474
9780080450377
9780375834127
9781432905842
9781783613601
9788179913253
9788179935408
9789351292708
9789759540609
9788531209512
9788888693323
9781401208424
9781840282535
9781410216595
9788189645274
9780618098453
9788409325399
9780582330832
9780606363723
9780780752917
9780721632452
9781930332010
9780978177430
9781731605979
9781739971694
9798231241125
9798233798931
9798242142657
9798243947381
9798245640327
9798245937823
9798245963563
9798248250462
9798251959369
9798264618246
9798264738661
9798264886799
9798266194816
9798267855761
9798268264166
9798269915388
9798270432706
9798272304599
9798272736925
9798272953575
9798275560824
9798275678109
9798275934137
9798279028337
9798279379842
9798285497936
9798288680847
9798289642943
9798290065045
9798293741793
9798294734992
9798335266048
9781426224140
9780486420592
9789353333744
9781406821147
