9788198397454
9789378330193
9789630558792
9780331821017
9780331856903
9781390149722
9780265707302
9780483165854
9780331964554
9781390221787
9781615309443
9780331622560
9780666996114
9780260186010
9780195667349
9789682464416
9780731405909
9788185733401
9780332437859
9780666726551
9780331550955
9780484622103
9780267527342
9780331535556
9781873413715
9788126534678
9780266362791
9780331403817
9781390412468
9789368408048
9781390117516
9788183241427
9789264079922
9780484736947
9781390584295
9788175224216
9789380428543
9788181522450
9780331533033
9781390171198
9781444163124
9781597660044
9780331004748
9780332679457
9780331549843
9780484641890
9780538447454
9788187520771
9780266325093
9780331573558
9780723610847
9780366579242
9781528567626
9781592650637
9780786417902
9780483707634
9780205373291
9781461055518
9780265793886
9780331513141
9780365033172
9780483737150
9781041320296
9788186004777
9798897779789
9780331632989
9780893520304
9781430097037
9789355425072
9788126515974
9780331533835
9780656047598
9780484425957
9781406597653
9780265410028
9780265791646
9788120405257
9781390405996
9780267395040
9781528089722
9780331597189
9780267025268
9780332948720
9781888829143
9788170245902
9780364458723
9780266483441
9780267117406
9780230009127
9780260318701
9780331966893
9788131702253
9780266732785
9788176211154
9781390444865
9780331543599
9780982883709
9789368086062
9780364799611
9780265547533
9780266435990
9780365516040
9780266479437
9781390187069
9781511723688
9788170999232
9781437478457
9788957703632
9781906791568
9788869237836
9780666776860
9780266412786
9789380942339
9780265459577
9780266706717
9780331591071
9780332943527
9780331482522
9780331636215
9780331597769
9789993330110
9788475777900
9781432606787
9781390551389
9788170354499
9780266842941
9780071148368
9780130840097
9780331012873
9780331057805
9780670082759
9780331490107
9782251344546
9780267542840
9780801626364
9780444996909
9780750653121
9780609811092
9780331477030
9781508755555
9789251092569
9789461384300
9781161772814
9789378160103
9781848354227
9781844280438
9789391095291
9781138001947
9781300603771
9780907855040
9788125007265
9780260598714
9780484049115
9788126136438
9780331571219
9780321279279
9781161798470
9781277018189
9789351071709
9780331915969
9788183214261
9780331717921
9780900384370
9789380250571
9789746609227
9788195320851
9789251092224
9789287045355
9789390455676
9780364419847
9781439801727
9789380072944
9788171326143
9789368089216
9780260625830
9780332052618
9780267526536
9780471910213
9781390456660
9780331578522
9789645783028
9780331027525
9780265772980
9780267932535
9780331584134
9780331758863
9780484365642
9780484755016
9780666756732
9780365610557
9780874202847
9781432606213
9781845078430
9789814418201
9783437237805
9785519599474
9789392242540
9789392242687
9780932633682
9780750620239
9780666182784
9780666288561
9780366240265
9780260438799
9780749915971
9788184486940
9780331496369
9781390270815
9781390158021
9781398302112
9788184193282
9789395649766
9780073106854
9781390327120
9788180901164
9780873711722
9780260244147
9780850331462
9781512350289
9781528253642
9788484371809
9780266472025
9780266780175
9788172332808
9783824017607
9798232387501
9780331413342
9780366971053
9781555201005
9781848103146
9781337631440
9781511832618
9788131218334
9781571687487
9780199489305
9780331490862
9780387546773
9780631166726
9780656077076
9780365131601
9781610045223
9780365963875
9788170126119
9780262528658
9780367414658
9781441140258
9788120342316
9788190568500
9780331595345
9780484299954
9788195650118
9783000705663
9783871551055
9788171320622
9781512163339
9781512204018
9788176487108
9780331503661
9788183520928
9780331809145
9781508736400
9789380376530
9780265896976
9780267146284
9789810162986
9789352298921
9783162003577
9781107647855
9781611490442
9788176563482
9789351526995
9780199326426
9788183331906
9788185220857
9781390211719
9780331732207
9788193173602
9789368080800
9780199636068
9780331570793
9780260143228
9780531169995
9789356403758
9781846802898
9781401900250
9788194466765
9780267757947
9780365764434
9780483242968
9789387587151
9781390702804
9788496627789
9781390425451
9780333695289
9780735612433
9781038311801
9780794604677
9780331001938
9788121908740
9780674504462
9781444110449
9780198378327
9788121109826
9781557091543
9788173200755
9788183210768
9788183212380
9788185129006
9788189995614
9780130838711
9780266511274
9781775842514
9788495787453
9782711615896
9781390221077
9781390648355
9780075537656
9789372195347
9789956579327
9781390635652
9788192473390
9789359194615
9789368088905
9789368089025
9780131773486
9780683305647
9781816812001
9788187471622
9781567938319
9788408057550
9780365388784
9781870332675
9788173460760
9780260175007
9780131466876
9780761996767
9780267891900
9788188569892
9788198236234
9780536570598
9780721684871
9780845110393
9781390522938
9789211422870
9780850331622
9781390215533
9780260672377
9781402718786
9780366019946
9781873668283
9782987457992
9780070178625
9780830642434
9781605474557
9780195649765
9780761994145
9780431149332
9783406739903
9788183331784
9780867340235
9788176257213
9780143333029
9780071664653
9781528393751
9788195370177
9780766835795
9781333505196
9781390340150
9788122007183
9789814133883
9781842227275
9781390513110
9781390464948
9781662716331
9788182524446
9781907142796
9781390710380
9781528596718
9788174464415
9780872014428
9780241838129
9781844252060
9788129113986
9789350727485
9789350879627
9789355425782
9781782053965
9781869192099
9780331114331
9780656311743
9780666812551
9781591143352
9788172360856
9780170102254
9780521546546
9788757409062
9788183331722
9782711616855
9789386858382
9780237515133
9782278094592
9789384384777
9780195658750
9780143426028
9780714647234
9780876242537
9780521384551
9781775820857
9781842652275
9788888180830
9788184080056
9780666236852
9781558995468
9789389261950
9780364133354
9780312293543
9789353037147
9780791802007
9781039619654
9781681173900
9789699988578
9780265769966
9783384113221
9780656330867
9781071648858
9783032022585
9783032023599
9783032028884
9783032029157
9783032030696
9783032034267
9783662720370
9783662720523
9783662720783
9788847040441
9789402423389
9780074634301
9780194398848
9780471567134
9781915548009
9781919613383
9783382174927
9781390157819
9789352661824
9780666873491
9781390400816
9781864704174
9780063885769
9788466634328
9788187107699
9781390222272
9780074637555
9780483622784
9785519570503
9780750657112
9789971973391
9789368083887
9780266412748
9781849519663
9781390216158
9788184485783
9780872625594
9788171322411
9781390338652
9781683960058
9781857881660
9781898573968
9780366012480
9780201490572
9788188039166
9780596000813
9780260945495
9780736859943
9780332341217
9788174462268
9781607548164
9789368087533
9788189915162
9788542101836
9781400021680
9788870022988
9789777040778
9788124104026
9789348814500
9781743319246
9788189652753
9781161475074
9789350418420
9780065025439
9781645170006
9788171320066
9780761995586
9781406209099
9780484854276
9780957898097
9781907219580
9789506411886
9789391065324
9782711680306
9780267387991
9788121929073
9788180110153
9780331849561
9788193626023
9788171793846
9788184080131
9788852605482
9780786419296
9781860580178
9780143415954
9780521632461
9789987085064
9780761933892
9788896732359
9781401904487
9780079116710
9780364252208
9781846841736
9780071767811
9780137012763
9780340900796
9780260422743
9781444118506
9789395649759
9780331680034
9780170130127
9783849100100
9781902433608
9789390616145
9780864739056
9781869404178
9788323347453
9788323348306
9780670093168
9780761998013
9789350723982
9780697081537
9789348631657
9781930813168
9781954095861
9798987053911
9780521174671
9789359038353
9781032520476
9788176294935
9789058507167
9789355424228
9789368088158
9798292950646
9781910077894
9789380553962
9788122419368
9780761992981
9780331607123
9781390651966
9780536602527
9789387484191
9781840389760
9780365664345
9780902227064
9781608312030
9780233000602
9788175741461
9781390334081
9781403931610
9780538698283
9780737718829
9781444100181
9789814237246
9788170491842
9789385814570
9781615337262
9780265409558
9781349211616
9781555282813
9781561485598
9788194749776
9781906610234
9780194393355
9781907222436
9780131865303
9781899762569
9780852726549
9798180689221
9788179871447
9781390487473
9781405178754
9781844252077
9781162094502
9788121107457
9788121107501
9780666235220
9780071205344
9781869405915
9780739828199
9781400022953
9788496879416
9780195614046
9780721669335
9780712309455
9781799600077
9781847188137
9789812103468
9781241238636
9781420939125
9781847189882
9780331002478
9780366216635
9781444177053
9788120329577
9788170356509
9781161472745
9788171795963
9781444187694
9782909422114
9788182470729
9782711601790
9788483103593
9781844550760
9781927781197
9781952397431
9782954367408
9781907866067
9789392641848
9788131204061
9789355627476
9780071458702
9780230634862
9780364415382
9781390536942
9781734331486
9788124200988
9780273653776
9780340890110
9780619000615
9781408302224
9780365844242
9781587153273
9781560913092
9789352661664
9789956551651
9789956554379
9781534803435
9781608451456
9780237523107
9780366192144
9780521667272
9789359991801
9780387982786
9780387987132
9781403400222
9781403430113
9781555581770
9780566080784
9780128169230
9780815165880
9781416028611
9781390373165
9788174360526
9782711613038
9781906613938
9789384655877
9780366852093
9781569717912
9780723246596
9781390406566
9780195670998
9788170355854
9788187498018
9788187498513
9788176258593
9780824724535
9781390392425
9780140443646
9780140281729
9780321321701
9780721627168
9798232934408
9780071131094
9780143456827
9788192088822
9785155263685
9788192555799
9788193751305
9789386578235
9788189093037
9781333198657
9780260972958
9788120719262
9788170334279
9788170125921
9780133148565
9788184576238
9789384082079
9788176567053
9789386506177
9780833051356
9780133791297
9781390340884
9780243989836
9780198090007
9788170124382
9788183283625
9780199453474
9781161840193
9780767400428
9788198936561
9780133090307
9780471286820
9789630562188
9781444607895
9780792355441
9780267582662
9781390384826
9781589483385
9789970252343
9781905931019
9780413776976
9781444170818
9781451000290
9783830943587
9789391567897
9780860516590
9781477703045
9788178901527
9780143432630
9789685015073
9789694073750
9780750681186
9789350251386
9781390639148
9780471391555
9781433935732
9780789914446
9781390040920
9788179254134
9780071797320
9780702171796
9781416063223
9798180536709
9780431096025
9782345678342
9789211422733
9780521236034
9780670999200
9780781700771
9780781703406
9780366012725
9780574215956
9788131403877
9788184488395
9789347778179
9780471083726
9781334049958
9781161622164
9789381039670
9781558996878
9788170892229
9781502739995
9788172336066
9788184504330
9780903804493
9781902431017
9788184481938
9780071413473
9781684055548
9788493696122
9781595665454
9780837180861
9781615337224
9780791860137
9788497719568
9780566076534
9780675208086
9781853023538
9788131501627
9781844541157
9781390317923
9781584871385
9789810592035
9780876205372
9788131723227
9788120402935
9789839957327
9780366935130
9780367413408
9780782128321
9798232852139
9783899719918
9788176843232
9781849683807
9780070264656
9780141042527
9781409914044
9788190401128
9788466217767
9788120331242
9788186706596
9788416239955
9780216902169
9781039170407
9781684507443
9781720984771
9781726026130
9788178790282
9788185047812
9788185589503
9798230263784
9798841439370
9780323020336
9781843228455
9780769846910
9788483075579
9780684870496
9788496222588
9788122439397
9781390630350
9781161877588
9788124312148
9780787286651
9781390253368
9781844168743
9781390581126
9789351631798
9780881673562
9780571234714
9788172111946
9780863775765
9788853606136
9789355426123
9789385080531
9789385314261
9789390474233
9789391940652
9788176113809
9789290798644
9781444102444
9783867872355
9780259399025
9789352296170
9780761995159
9781941324417
9781910706879
9788172334772
9788179104750
9780135786673
9781424066773
9798230060444
9781401290214
9781403409522
9780071124195
9781512294101
9781558281271
9780131226722
9781161415957
9781161966060
9781390506457
9781558992412
9781442234161
9782912606013
9788889431702
9780761412359
9789327246872
9780199479535
9781860580901
9781843821533
9781905437290
9780864736925
9788131600177
9789387509016
9788176257602
9788196322472
9780143427360
9781334482502
9781161889864
9781161946055
9780415435895
9781390269154
9781390328127
9789966846150
9780316549592
9781390047851
9781783472819
9782711601998
9788891513663
9789994450497
9780300070507
9788190751360
9780340983263
9788123918433
9780820473673
9781161862973
9781284082524
9788121106276
9788886208536
9780761995258
9781161850192
9780864710987
9781260288162
9782711601899
9789355426451
9789355426710
9780071146661
9789339222987
9785717200226
9788170491101
9781731802248
9781504646581
9789350715451
9788131505526
9788177563498
9781844676439
9781872748450
9789387511576
9781161962635
9781444106978
9780395343852
9783899604405
9789355426635
9781429613187
9789626349885
9783382151423
9783382165529
9788176467650
9781596041875
9789389308136
9789970252329
9789339205256
9780534175283
9780538677325
9781477707524
9798900711027
9781717336309
9781720503743
9781721643158
9781727527483
9781727865707
9781727882667
9788173041297
9780444510372
9788178299310
9788195370108
9788195370184
9781409990512
9780801891960
9788189526672
9780374534646
9781444135787
9780670081585
9783037780619
9781162201924
9789393853660
9781856866774
9780444639905
9784899741039
9780071458382
9781905437979
9781444105568
9781904868620
9780415776707
9789612416959
9780194332156
9780955715167
9788184040753
9788190394420
9788176930154
9780130834072
9780080433080
9780864710840
9789391095246
9788180617072
9782251730097
9789812479570
9780195667288
9782711605033
9781390509991
9788808150172
9780683402353
9780195697230
9788173713828
9780723611806
9780893520434
9780761934530
9781161978766
9789777045872
9780749414436
9780747578543
9788122403107
9789382471042
9780070590373
9788170336792
9788122123289
9789352721207
9789359998312
9789367791196
9780408011822
9780521534352
9781528043656
9789387067028
9781161802856
9781161868517
9781161868678
9781161924329
9789460222122
9780791859094
9780791859216
9780791859308
9781161976960
9788179480793
9789350460375
9780259031314
9780230727908
9780262525800
9780230632318
9780761427933
9781854350879
9788185707808
9780683078008
9781410980212
9781432933234
9788184997828
9788129504869
9781161868425
9781161868838
9781161909142
9781161982282
9781907142550
9788188890965
9780078641589
9780130114495
9780691121680
9788184672053
9780282579876
9781403927842
9789380607689
9780819184733
9781334257018
9780761425397
9780836848595
9789380376806
9781147236736
9781149258378
9781179739229
9788175736733
9788184672015
9788187336693
9780259214083
9781161984774
9780259023241
9780099464488
9781333930844
9781107613669
9788184672220
9788184672237
9780333305768
9788186265529
9789386480040
9781843104711
9780415967105
9789380545226
9780282727291
9789200410765
9789387791589
9788126023974
9781161800425
9781161958584
9781390240764
9781161823943
9781846772191
9788190646741
9788187853572
9788123442976
9789976603811
9781904868668
9780192628190
9789380376998
9783959667197
9781408506325
9788866940142
9781541306165
9789359640150
9781161938838
9781161882667
9788170247937
9780691122663
9781842226339
9780471809142
9780877571728
9780912016801
9789630576543
9789782601919
9781558990623
9789353207960
9781509847778
9783368810085
9783382176549
9783382176563
9780193361812
9780708315347
9780708317273
9798196819155
9798215686942
9798233922206
9798360655268
9798565951820
9781161792324
9781162177779
9781162241555
9788176256605
9789390531837
9788173860256
9781390495287
9789350993798
9781071601068
9781316601235
9780778737919
9788184955927
9788408076063
9780613672368
9781390599732
9788177000290
9788888180588
9789380834184
9780194729581
9789580449027
9780260979872
9798223084068
9780070087002
9780444015327
9788170211396
9781569717929
9789386478108
9781161740905
9781161743593
9781161919417
9780673397874
9788184672022
9789387486096
9780948230400
9781107606173
9788184503135
9781330032879
9788482192215
9788182743847
9780282459093
9780282571450
9788125064121
9780366014866
9780415462976
9781444121834
9781492292142
9788170799344
9781741049374
9781162230580
9788178900780
9781408517079
9788194939733
9781108013086
9783527301362
9788128012747
9780259102236
9789371261173
9788184672145
9780803624924
9780470077801
9781935396550
9788132104582
9788171679577
9788177090277
9780760301937
9781904902065
9788186595718
9788184981377
9780721650029
9788185375687
9781741750379
9788128817168
9788184672909
9780259346517
9780143101642
9788128809002
9788184485776
9780761932727
9789789495276
9798686367197
9780367413866
9788498480528
9789387257139
9781440061882
9788123916194
9789385462931
9780731144662
9788120330672
9788126020102
9788124203873
9788172541071
9788128818011
9789966562074
9780966555820
9781390494914
9781788709934
9780333913871
9789385497407
9789391234249
9780312641115
9780330469678
9788128009341
9783038761655
9781615332205
9789628093847
9780986253928
9781860631528
9780521579469
9781904933106
9788175224094
9789390581214
9780282771966
9788184671445
9781038302892
9781316998915
9781428027367
9780201658576
9789350710456
9780743254694
9783908001553
9788175140585
9788880914273
9781452663296
9789389253795
9780259966326
9789350718476
9789352604951
9780708820797
9781590510391
9788184672206
9780198275152
9781932855265
9788176257947
9788176114998
9783382017651
9783382134556
9783382159092
9788194340126
9780794520427
9788172542368
9780008395940
9781849712842
9781882886104
9788199067417
9780723605164
9789352705283
9780713684285
9788184201581
9789956763641
9780130131423
9780199668083
9788172736248
9780721635606
9781640554009
9788120345973
9789608261761
9788184081916
9780314162144
9781580134354
9780153884634
9780195692334
9780484165259
9789384568788
9781390439045
9789390709748
9781172831692
9789348631572
9789386209597
9788125060949
9788180614293
9788184672039
9788171672493
9789290798217
9789380704012
9780697117250
9788131407080
9789351060697
9798189182877
9780816044788
9780143063278
9781910603291
9781406210064
9780761934455
9781906589028
9788172332860
9788121617178
9780714682211
9781527620896
9788184672183
9780199491162
9781390265095
9781848372139
9781333127961
9781593634117
9781165520343
9788189102258
9780194420839
9789381595794
9780194775625
9781107604797
9788173870798
9781390663143
9781849665384
9780071234931
9780815134794
9781842170748
9780143480112
9780471601760
9781334471957
9781930584693
9781947491632
9798994664513
9780731407552
9780143426981
9780824805708
9780471893639
9788176254380
9788190193191
9780446363051
9781403929020
9780572033552
9780720115802
9789384934927
9780331421040
9788184955767
9780471995302
9788123020754
9789352132249
9789971508784
9780764532528
9781904433644
9788865210123
9780155978256
9780199065950
9780130662545
9780595089161
9780471961444
9780875847689
9781782403302
9789354971884
9789354971969
9789354972119
9789354972676
9789354973437
9789354973482
9789354973512
9789354973567
9789354973574
9789354973666
9789673290024
9789994557325
9781875284009
9788182746305
9788184672213
9798223439226
9788184672169
9789814237000
9788187321927
9780321159090
9788128016530
9789387572881
9780862789596
9780723623632
9788129103802
9789971506803
9789123467679
9781032768588
9789352132232
9781592910380
9781631061561
9780267497591
9788184484274
9788184898620
9789352662463
9798196707322
9798283287577
9798283803333
9798322694502
9780571320929
9788897248026
9780803266346
9788172541712
9780071248068
9788176258166
9781948282789
9789364444170
9781333899660
9789380186870
9780801850684
9780812112238
9780470282489
9788178331614
9781566642217
9781592802500
9788179871188
9788186469651
9780684835112
9781900007351
9781942451990
9780282302948
9780852650721
9789681659042
9789681659080
9788185211336
9789681650513
9789681655655
9789681659073
9789681659110
9789681659134
9780133534917
9780836883909
9788173193842
9788449311093
9789358771312
9781527630871
9781177206228
9788170238171
9788170084471
9786077352938
9788184775945
9789995279967
9780259345503
9780864734754
9781776560677
9780822962540
9783863356040
9781330457665
9780801666247
9789813096639
9788869445385
9788190837651
9780312335618
9788182910911
9780282157968
9788184573855
9788189952136
9781558994768
9788193939659
9788495787644
9780790119694
9789380206189
9780691114514
9789354884702
9789354887888
9780282823870
9780367412333
9788868928650
9780632016365
9781407122359
9780331545166
9788173159466
9788188267965
9789350480175
9789350482827
9789380186849
9780331241983
9780365873082
9780243973828
9780282210786
9781527873315
9780367410872
9780367412081
9780367412234
9780367413828
9781429666299
9781854115539
9780265060407
9788184772395
9788184772425
9788170355441
9780853726197
9781138581586
9789380642536
9788173355509
9788131759875
9781527846296
9781527667280
9780259966616
9788185054179
9780332205861
9780721636580
9781334482854
9780282613242
9788124203293
9788175150805
9789359780078
9789381639238
9780194534680
9788176256926
9788408082842
9780199479474
9789956764211
9789814147712
9780062414533
9780282643089
9788131217108
9780850662900
9781330044629
9788184772388
9789386858993
9780521398848
9780366718450
9788173153174
9788173157431
9788173158933
9788123922195
9780259016748
9780702018336
9788846832566
9788189741112
9780259059615
9780282019686
9781527632028
9781900147491
9781911477334
9788033655169
9788171672110
9788171821686
9789359994512
9788849641714
9788872414842
9789681637774
9782711606702
9780670081233
9781332666492
9788182746299
9780071499552
9781527615908
9780431174846
9781417729876
9788170190165
9789354884726
9788417430511
9788189131104
9780282581961
9780739810095
9780844291116
9781557531568
9788183896474
9798223363491
9780415560672
9781404335448
9781527758957
9789386274168
9780262533072
9781527607187
9781576760802
9789355015037
9780143478218
9788176488938
9780415487894
9781104236632
9789387907379
9788176256629
9781333771195
9781527663985
9788178692395
9780199463596
9780230332218
9788120301177
9788174361387
9780713135664
9782890910454
9788171569083
9780521005036
9780940017467
9788184046069
9789937577830
9788182746251
9780816036516
9789681663049
9781527621596
9781440083334
9782711603725
9789353226008
9789354886157
9789385289057
9780282354619
9781847248800
9780849355127
9789381039250
9788122308037
9789814192491
9788126576838
9788188139934
9789350481714
9789380183466
9789380186634
9789381302224
9783836580618
9789956764419
9781332667000
9781332672707
9780259172123
9788131790731
9781527620193
9788888242071
9780195797794
9780768080933
9789367500682
9780852975954
9780195690835
9780316320702
9780781719117
9789391095109
9781845655556
9783368817442
9783382013202
9783382021160
9780694524303
9781593070113
9781620642108
9788187863830
9781357919306
9780282790776
9781440079764
9788170356592
9788184080186
9781850581529
9781905430659
9789930951521
9781848667020
9782350463179
9780140278262
9781334464744
9780415848091
9780415851466
9782711619788
9781527622012
9781804094402
9780331543193
9781332667598
9788178690629
9788430605057
9788194448976
9781945563850
9789380555218
9780048820044
9780444005915
9780071246347
9788176498913
9780435981938
9781603602075
9788184231410
9788194746690
9798267565981
9798275238303
9798279449538
9798288383946
9789387484122
9780443037603
9781410914439
9780266263494
9781527650527
9781620641224
9781527759008
9788170893653
9781332636501
9781390322897
9781780094960
9780914153115
9781847511621
9788483568484
9780273759263
9788191064230
9781905202485
9780484936019
9780231801454
9780656858194
9788190257800
9780749413736
9780789715678
9780877626411
9780099414667
9789351864738
9780415583909
9788178794785
9780365762799
9780666795922
9783869220017
9789654941372
9780331857382
9780443032233
9780815122050
9781850322948
9788188458554
9780079120625
9788120335080
9788131216606
9781291972085
9789812103956
9780367414443
9788847019799
9788131219256
9780434949373
9781528417495
9781527690219
9781145520882
9781527678910
9789502411668
9781527601161
9788182055605
9788182055612
9789354493577
9780367372941
9780864734143
9780332097480
9788181471567
9789349373952
9780415477949
9781869404710
9781390346046
9780812116694
9788887637366
9781527621497
9781578264506
9781444104851
9783967122091
9788187661030
9781856175333
9788195744770
9788175412590
9788186317358
9780743555852
9788131234624
9788896732144
9798316954780
9780516226170
9780428082130
9788187393290
9788716064905
9783368178642
9783368361648
9783368905507
9783382021221
9783382039806
9783382041526
9783382047825
9783382146948
9783382147044
9783382155544
9783382803704
9783382805661
9783382808303
9788185375410
9780827366459
9780366036646
9781527624733
9780713684292
9781845234409
9781939180063
9789385932649
9780566074127
9780803931909
9788180619816
9780070152717
9781390107005
9788190600309
9780366780075
9789390492503
9780282795269
9781465252319
9780366216628
9780330445740
9788170770114
9788185316314
9788185359113
9788174362896
9781528197588
9788126513444
9781527963399
9780007258550
9780656560530
9789333022101
9789351343431
9780366074310
9781331925965
9789810235154
9780259342960
9780331617856
9780330445726
9781333901967
9783732326273
9781512167047
9781534680418
9781541311558
9781527718586
9789385935480
9780666323699
9789332575448
9780365911418
9781041313724
9780415420525
9780415606271
9789386578334
9789390078363
9789390423187
9788186321492
9780331842463
9780521463102
9780367412494
9780750650168
9782251011134
9780521405775
9781936651290
9783382035143
9788866119371
9780366737642
9782711601165
9780267371792
9780282270506
9780366008230
9780483533141
9780713633139
9781177348058
9781333014100
9789349957688
9780267929801
9780739126202
9780260842077
9781445417035
9780366007653
9780723410645
9780723609216
9780814779057
9788932320120
9780259102281
9781903096208
9789354883101
9789355019059
9788174462251
9780683025729
9780194748667
9780259873129
9788131427231
9788171422333
9780872632868
9781330369654
9781846378157
9780282254766
9789332505728
9780364342312
9780415692984
9780366030200
9780265111826
9780521713313
9780259347293
9783830947936
9780123900401
9780706902662
9788182204874
9780366091911
9789461384218
9789562011624
9781622600588
9789357317764
9789357318280
9789626342565
9780764567971
9789351866237
9789352665693
9781527607422
9780265650615
9780071284639
9780749687762
9781511465151
9783827419637
9789351502869
9780645583281
9789356120365
9780803923690
9789354972904
9788178902340
9780199594733
9780366877744
9798183870572
9780813014913
9780852853832
9789390394777
9780267366552
9781527721432
9780365821274
9789325971462
9780143465676
9780302170670
9781472990624
9781731827883
9780365825999
9780483927803
9781332652952
9781332656585
9780143335658
9780366489831
9788493795474
9789380502953
9788195587810
9781330670798
9781332868841
9781466514508
9789990887501
9798223342854
9789352604623
9780706913057
9789390455966
9780366587100
9781408127940
9780260056375
9781527625556
9783836551564
9788121104029
9781118399699
9788176252379
9788176842808
9780365920489
9781528206440
9788124112359
9781495290619
9781548403430
9781555719753
9781727287844
9781735459608
9789352661947
9789386120823
9798281146159
9798866426393
9780486322599
9788190729437
9781898486473
9784766117271
9789389012132
9780006273783
9781330563380
9781847377975
9780367412487
9780367413101
9780555117781
9780632025688
9780781715218
9780864710871
9780950906324
9781440510588
9789402417791
9789813096875
9783662578834
9789393097972
9781390213041
9781527629837
9781922403896
9788184301083
9788185099279
9789380929248
9780666669964
9781332636488
9780197508015
9780471929208
9789393456205
9780366046560
9781527898066
9781402764097
9781527619340
9788479535247
9780245600388
9781848547445
9789385936692
9788184897517
9789325994201
9781537271019
9780988523838
9789386578280
9789393308658
9781039011779
9781860582288
9788172000011
9780259529606
9780265030929
9781528503013
9788174463302
9788186706749
9780366002771
9789393885197
9780259346838
9780947808570
9788131218396
9781953845764
9788180900303
9788187421269
9780365952619
9780761400301
9788120416178
9781241240189
9788896737798
9789681633646
9789380316352
9788123902135
9780259036043
9781565922396
9788184048049
9789390423583
9780199452866
9780415520355
9781528433723
9788496936089
9780719522116
9788177292879
9780756502386
9788172294670
9788185054148
9783382136987
9780331571073
9788171002320
9780861316069
9781527710283
9781846962165
9788192932736
9788870512083
9789355428264
9780282700096
9782812435843
9780850331585
9780631166689
9780756992804
9780266146841
9780260869777
9780331877571
9780766077362
9780307959393
9789814107266
9780230018273
9798268535723
9781527614710
9789350001349
9780937073612
9780718207588
9781528151108
9781429003711
9781429004114
9788173047299
9781611173680
9782825414453
9788895563497
9789333326346
9789381177006
9789899829879
9780195699609
9781569902592
9789350350867
9781032297606
9780282706654
9781511723756
9781522778394
9780365820963
9781528056410
9780195520156
9781845280628
9781527731707
9789386552228
9781528320474
9789390616602
9781402767296
9788183713122
9789350722053
9780282635374
9780282825881
9781527682696
9781527727151
9788183210645
9789354420955
9788896732281
9780267786596
9781404832350
9781527744592
9780988962897
9781788532334
9780071369909
9780260374127
9781333259525
9781527853522
9781527882034
9780732298760
9781241129224
9781903096635
9781848778801
9781904623397
9789390679041
9780428889715
9780471289777
9781586039660
9780484945899
9780771576058
9781527849655
9788126553754
9788176843874
9788189301163
9780332350875
9780415324397
9781473908093
9780670088690
9788123926711
9780895987327
9789388147194
9780071202923
9780656712120
9788186030929
9780259048114
9780282557058
9781527770171
9780131837898
9781961169265
9781849162005
9788123921006
9789351199465
9789387409002
9781406503210
9788126704217
9788131001127
9788170661696
9789381052754
9780483369788
9781847384966
9780415807203
9780357426821
9788180520037
9780409900330
9780803224308
9780484936040
9780170130134
9788126576029
9789810081515
9781904724971
9789392242021
9789392242137
9780282613099
9781527621725
9780365691587
9781504723350
9789385965296
9782278060788
9780134115979
9781528313070
9789352669967
9780080263489
9781952320835
9789390616794
9780366841554
9780366989621
9781332637713
9780259047711
9780997662030
9780751302233
9781334298943
9788466620581
9781231792087
9788191025347
9781844224722
9789352295586
9781575861241
9788131206881
9780864734556
9780864735072
9780864735799
9780864736574
9781776561629
9788885486249
9780366832613
9781474317610
9781401216559
9781527611672
9780812424133
9780815351443
9783827419859
9780484942768
9780786185283
9780198332688
9789368082644
9780794433338
9788190953788
9781137324450
9789388599030
9789350254134
9781582557151
9780331400823
9780471586173
9780366082636
9781547299249
9781633530096
9789351292562
9789386120274
9789386440709
9789386440808
9789388830539
9798316806744
9798320665627
9780578165301
9788182471337
9780486475011
9788131600467
9788171678822
9780260972507
9781527925885
9788174889690
9781469270180
9780198069843
9781781163528
9780484934312
9788171419883
9781527685178
9781576261743
9780138609177
9789386310354
9788172540975
9785518406346
9788132209775
9788184245776
9788402420657
9798180403841
9780365641490
9788176840057
9781403450029
9782711618095
9780259926900
9788184160079
9788184485127
9781429019415
9788131217856
9788172210649
9780071741514
9780080445625
9780259346791
9781527705418
9780243270811
9780332449449
9780260726520
9780282554736
9780332241715
9781845883508
9788125010258
9788170540892
9781528305341
9783866325777
9781527721258
9780259965084
9781259061196
9789386643681
9780521007849
9780113411283
9780521720977
9780864739919
9788126531646
9789392493096
9789982997201
9781527860360
9789384052249
9780195776911
9780484976886
9781598691474
9788121620598
9789994450459
9789031347278
9781330406649
9788125056690
9781528320832
9788888773896
9798901940099
9789390616916
9780282826277
9786073134743
9780428033545
9798317246921
9780613629393
9789390492428
9781906129781
9788182203044
9788182206588
9788182747982
9788185421421
9788187198048
9788190439800
9788195055302
9789388612708
9789840753833
9780331534306
9781496179289
9781845570316
9781783785421
9788129114143
9781602837157
9780365762522
9781546624370
9789814192200
9780333930106
9781491572184
9781491576779
9781527911642
9781536689211
9781546614487
9788877570178
9788170290384
9788171677443
9788181920980
9780716741312
9781887747417
9789384082635
9789384082703
9789386754172
9783000778612
9789971973513
9788188730070
9780752869483
9788170556336
9789381663455
9781409109310
9788190257817
9780367414665
9789992195536
9780070472969
9780785124016
9780824777067
9788181922670
9789810229832
9780894540332
9781906509941
9783835354340
9781527695443
9780954627522
9788120336186
9780563399001
9789380147840
9788175967991
9781032506968
9781921073403
9788131427385
9789386052377
9788172540531
9788180302268
9780723253495
9781873413586
9780259878056
9781405104234
9788180302251
9780849334030
9780521138826
9789352871056
9780143441915
9789681672706
9788170557869
9782956073512
9780195607376
9788184825862
9781331412687
9788120819825
9788888776477
9789357120104
9788190694261
9780516228600
9788126025947
9788847026995
9789380731445
9789386019110
9788172156732
9788489564626
9788194663973
9781532692031
9789590602115
9780070181397
9789971500146
9788129100290
9798230314882
9789380014876
9780198476436
9780991258253
9788170218555
9788181984753
9781530667017
9780333925706
9788886650076
9789501121476
9786144295380
9780340773475
9780751352009
9780070600553
9788173911088
9780140297300
9781429014502
9780367411015
9780786179800
9781910670682
9789350351710
9781421529332
9789368082255
9789395185684
9788131907528
9789251042205
9780789037206
9781771601320
9780140268034
9781502496478
9781514230282
9789971514181
9780706949599
9781558996427
9781558997370
9788480216128
9781588500816
9788888242941
9781844254101
9780521427029
9788376095943
9788483232859
9788181922038
9781521404508
9788123926889
9798248371037
9782874910159
9788121102148
9788172336080
9788182206878
9788182207905
9788186623961
9789814561280
9781141873890
9781406518528
9781932634891
9798880042739
9798883018090
9788173662973
9780375756221
9789688608005
9781465275738
9780443061967
9783956867248
9789681677046
9780143064442
9781528040686
9788411239790
9788190685016
9780711227996
9781627123303
9789388266987
9788875573317
9788180613784
9781634843072
9781634855655
9780850331561
9780486439570
9781560724636
9789380550718
9788171195350
9780130907752
9780198419334
9786074524710
9789352662371
9798282164411
9798284040911
9798310981751
9798321174920
9798342926010
9798343286151
9798651181315
9798851045172
9780706418217
9788171088225
9798224506255
9781731160898
9781578265015
9781578265039
9780500514283
9780756987770
9781111211714
9781631590092
9788131216453
9788496921115
9789350727935
9798888626702
9798304869386
9781032609744
9781733304405
9788186469798
9789390912513
9789350714331
9781390051575
9781398813090
9788131313190
9780521014137
9781869401399
9788187853527
9788187853619
9789389335743
9788126417971
9788772888965
9789394317505
9789394317529
9780071277891
9780201456745
9788475564944
9781410304452
9788180940422
9780132795463
9781316620373
9788184206159
9780023018329
9781931243476
9781942483632
9789384082499
9781444100495
9789380599656
9788894981544
9788184488609
9781909717534
9781504615099
9789875262270
9780702024344
9781869191733
9781919825847
9781606860700
9786167339542
9788885909700
9788483832813
9789380963228
9798224359646
9798328213257
9798394277689
9798854674584
9798856594644
9798862035896
9798862050103
9798862050141
9798862516524
9798864181355
9780720712377
9780713677645
9781405449380
9789387119154
9780521546959
9789583024672
9780721421605
9781933766157
9785030000381
9788171302413
9789368081715
9789378256677
9789390731756
9789391045494
9789960732206
9788181432957
9788492921409
9781564787972
9781401238582
9788182743762
9788172541064
9789392023132
9798232119836
9781733456210
9788178240091
9788131210154
9780415632775
9780439750196
9788130903118
9788130920030
9789349825475
9780240509990
9780874887105
9789812557698
9781511711579
9781511727457
9781511893923
9781511922739
9781512143379
9781519572530
9781523223237
9798218107987
9789685015103
9788186830031
9780536659750
9788181373083
9780660194646
9783384358738
9788173716041
9781840328714
9788179913123
9780751830699
9781636516684
9788175154520
9789280729870
9789380147529
9789390616633
9781501260513
9780571351381
9781468311327
9780522875638
9781683041672
9781078714556
9781921372643
9798233813603
9783750437173
9780821339169
9788170556343
9788170556350
9788498486452
9789381385166
9780262518062
9781934648803
9789176372944
9789402419870
9781419553400
9780198571704
9788121911467
9780954593322
9781177253864
9788196066277
9789380316345
9781930630765
9788129104526
9781841673608
9780316349475
9789681649166
9781143572968
9781143832437
9781293887905
9781855397798
9789389261967
9780070269804
9788181472373
9788466207119
9789383026210
9788869445897
9788188156337
9789392512940
9788131221808
9788182091382
9780071442923
9788131732403
9798901940266
9780829748079
9798253145197
9788193850923
9781420926965
9781616559113
9798399826301
9798854401784
9780367414061
9788171326419
9780915825738
9788131518359
9788170355618
9789382742890
9798302054159
9788121108409
9789387067554
9798181475922
9788170551539
9780754817413
9780760357569
9781440052941
9780786284283
9781390059793
9789383125159
9788184205480
9780714150796
9781567666168
9781596542617
9788899294458
9788175240407
9780443073274
9780099270737
9782874910074
9788182206861
9788185616049
9789384082192
9789390461516
9780843189261
9781872971452
9789706439185
9780822367659
9781683041528
9781944556150
9781944556167
9788181437853
9789681636142
9798392825448
9780195686210
9781603602006
9788480768771
9798286121663
9798286972173
9798287104160
9798287322830
9798287726881
9798288485305
9798288710209
9798299461053
9798300508517
9798304613620
9798326605245
9798346938644
9798498594743
9798675314331
9780822364382
9780822366010
9788183241052
9788122007756
9780521014052
9788173872006
9789333317931
9780760324431
9781933760186
9781480459854
9788119095353
9788175246331
9788197998324
9781144805720
9781148481913
9781271564200
9781294664512
9783368039158
9783368041557
9783368285685
9783368308506
9783382134600
9783382139087
9783382161880
9780781703239
9780815178132
9789352139620
9789392140006
9780853236467
9788174461902
9788415260851
9789389633016
9788171674060
9788170968115
9789381595282
9781511894142
9781514313862
9789380388588
9788170893592
9788896092026
9781151642257
9781903096673
9781444197686
9781789508505
9788120347267
9789380164526
9781111211707
9780446519397
9781511718172
9781403447067
9788408242819
9780852985267
9781845575328
9788185589336
9788121603010
9789505117659
9780929701141
9780321278456
9781095959398
9780786190416
9781934169216
9788177080551
9788186004678
9789384447250
9781848568037
9789681680299
9781508720270
9781511705349
9781511916417
9781511916691
9781512078442
9781512092264
9781512141986
9781512147162
9781512190526
9781514399989
9781514672198
9781517586454
9781936750498
9788494653513
9780692268971
9781501042218
9781907119071
9780761385523
9789390616220
9781493748006
9781439551172
9781517902001
9781472911155
9798184193700
9782488524612
9788126706457
9782700508215
9788177290639
9788178531588
9789381575710
9781784130558
9789382252559
9788172299804
9783903300934
9781969466922
9780070152601
9788190604581
9789350724354
9789380914169
9781851825394
9781858946467
9788183558907
9788184469103
9789352837526
9780375761836
9780367413996
9781859062166
9781592237067
9788131011379
9789351773993
9782711618699
9788170193678
9788173718977
9788182744325
9788182748835
9788184872149
9788186622193
9788186782743
9788187113300
9788190820448
9788199067424
9789384082802
9789386618474
9789388019804
9789937330848
9781274046352
9789350880678
9788120341555
9788184302509
9780781730648
9789386008268
9780443048289
9798266579538
9798286202492
9798287703462
9798327547438
9798346067078
9780864734037
9780864734129
9781776560691
9781776560974
9781776561650
9782894484043
9788183334143
9788184121636
9788885486331
9789350880012
9789351524304
9789381841525
9789381868935
9781528420303
9788891575678
9780198814511
9780747543473
9780712101806
9780785757832
9788176292696
9780080406961
9789059720640
9781944066291
9781949735017
9788180617003
9780801667046
9781390168778
9780367474768
9798271804137
9780070151482
9780747813019
9788409090815
9789351402404
9788859004172
9788189998011
9788190427692
9789350261620
9789350880173
9780367414351
9780071133579
9788120412828
9780071108775
9780340961766
9788480051644
9781506261720
9788893226684
9789684193918
9780755317745
9788124117811
9788186623909
9788408221296
9788855400770
9789352661466
9788176063449
9781505860412
9781507800034
9781511670562
9781511707916
9781511712279
9781511831079
9781511999908
9781512065107
9781512151664
9781514237434
9781514607985
9789332538139
9788198297235
9788175543492
9788180380297
9781412922975
9789354954269
9780071446587
9789506416454
9788185830292
9788188457304
9798242655812
9781920888589
9781071600900
9781563927270
9780297867104
9781567119671
9798290369822
9789334237788
9789351551140
9789368082958
9780822553700
9781466448179
9798299110364
9798310097599
9798320769431
9798325598746
9798374695533
9780415465793
9781878956651
9781887895132
9788174829924
9788184487480
9781637925171
9780974975832
9781560236689
9788170997986
9781508738534
9781511520645
9781512066333
9788892120020
9789394991309
9788492921607
9780000988263
9780471364115
9789386896643
9781577664550
9788122416930
9789380156767
9789386305978
9798179480457
9781356250110
9782038713312
9789392242328
9780462008240
9780143334965
9788173910074
9789501108866
9788175157583
9789352512331
9789357179188
9780756502331
9788432913501
9780431050850
9788875865955
9781107616738
9788177560343
9780199481927
9781921206436
9789380262659
9788170892625
9788119331888
9789353220976
9781143799860
9788195433469
9788131019467
9789350716649
9789352135806
9780195547337
9788120302709
9788185989365
9789380618173
9789251070086
9789380963938
9788121900614
9788170947967
9788182204539
9789391818500
9780070634565
9781393422082
9789355291462
9789681634162
9789352761289
9780731519798
9781932141054
9780536642608
9780536680594
9781923593701
9781970852981
9798872973737
9780029461945
9780060859626
9780330521444
9788889661406
9788183481403
9781591864134
9788125033608
9780764500640
9789339220327
9789386578327
9780359686520
9780815308256
9781500758998
9781503164550
9781533230546
9788184489231
9798281237666
9798283223544
9798288519376
9798313405414
9798657526769
9780007492152
9788189979003
9789383318278
9789387471665
9789381141229
9789353946753
9789381162484
9788184043815
9789351367796
9781600610691
9781934648582
9781416027263
9788174345134
9781507662557
9781508743088
9781511666497
9781511669993
9781514110737
9781514378809
9781519610287
9781390346077
9789385276071
9780531179444
9789380262031
9781141288649
9781246827217
9781401906146
9781842367537
9781936400249
9780749424596
9788121108706
9780199453788
9781432911133
9788176710527
9788187421290
9789350356906
9780071179843
9781390610796
9788184484021
9788497941259
9789322008239
9781537509792
9788171563029
9788121107952
9780071121941
9781770101777
9780070264960
9781560819202
9781902806044
9781950584185
9788126113392
9788199268364
9788192917214
9788190713016
9789387994423
9789390128112
9780850335866
9789383318315
9788170892007
9788181289094
9788184891195
9788175432840
9798281502689
9798327667594
9780471397717
9789324198570
9788123415215
9788183601795
9788186099254
9788186299401
9781390466478
9781406792898
9780230713055
9788125951612
9789280807455
9780668024945
9789356122123
9780789717429
9788126551408
9789123977482
9781409291787
9780073291949
9780666026125
9781408110058
9781416027805
9788131305737
9788176255714
9788178901282
9780321097507
9781562432508
9788131217146
9788186775332
9780194057042
9781032296548
9788120716544
9788898266050
9788179104170
9788823017528
9780133962437
9780782123142
9780930330903
9789376864379
9788198751225
9780070486676
9780702019289
9789313196617
9788173917370
9798895414064
9788490455425
9788498482379
9789384866242
9789389971606
9780702083020
9780070680081
9788131722824
9789380096339
9789384866013
9780143427384
9788190638845
9781904811015
9789385358708
9789386076786
9798227176622
9788126115082
9781507605127
9781512291261
9781514665084
9781519392510
9788194248101
9781405829687
9781512264944
9789382775058
