9788119364299
9788123908113
9788123910123
9788126505395
9789354437427
9788184892055
9788175994652
9789358566147
9788121923477
9788121923576
9788122414400
9788122430820
9788130912028
9788170086833
9788172331733
9789350941447
9789350943205
9789351762560
9788180941610
9788186047118
9789366163291
9780632012206
9788185182469
9788120320482
9788123914404
9788186734261
9788131803035
9781401211448
9789354438714
9788178000275
9788475028507
9789380250823
9789386432070
9789462612136
9788184674521
9788196914721
9789368407584
9789385915482
9781904668350
9788123904887
9788123920061
9788131802205
9788131805091
9788170086871
9788172336509
9788180140730
9788185617985
9789380856353
9789380856469
9788125007043
9788123917290
9789380016238
9781241443962
9781899235674
9788123915845
9789354151620
9789380250618
9789358019179
9788123904528
9789350973752
9789382332947
9788189757328
9788170087687
9789351436614
9788123907703
9788123910185
9788126912247
9788121929585
9788122420234
9788122421538
9788122431087
9788131800812
9788170087304
9788180140136
9788180140235
9788183327763
9788185240589
9789380386713
9789380856018
9789381159460
9789386228222
9788185731476
9788190423939
9788123901480
9788123908458
9788123914374
9788123929668
9789327197433
9788120351851
9789354657733
9788121928113
9788121930499
9788179681695
9789351762553
9789351762591
9789380027890
9780723248057
9788123905693
9789389261714
9780822366157
9788183306836
9788123910918
9788120352094
9788173719592
9788176494502
9788180140242
9788180140877
9788184873917
9788184893137
9788184894455
9789351525134
9788121906517
9788121908641
9788121922173
9788121923606
9788121923668
9788121929684
9788122410976
9788122412031
9788122423976
9788122432589
9788122436730
9788122436990
9788170083399
9788174091925
9788177000207
9788180544231
9788183600774
9788184893366
9789351764717
9789380027517
9789381159590
9781337561372
9788121917797
9789380250465
9789381141564
9789386353252
9788123901473
9788123909639
9788123928760
9789356208148
9788170999300
9788184891713
9788124115350
9788171677245
9788188689408
9789389308457
9788483830093
9788123910987
9788180522437
9789351762546
9789380386058
9789383828456
9788123924472
9789386768193
9788184201796
9788177091496
9788120345973
9788123904412
9788123906669
9788123907147
9788123911465
9788123911472
9788123911915
9788123913636
9788123918969
9788123924007
9789350026250
9789386217677
9788126011964
9781511465687
9788122421392
9788172332877
9788174733955
9788184892772
9789380856209
9789384857240
9789386347350
9788176371001
9788123912936
9788170246978
9788174506313
9788120417915
9788171641994
9788174733450
9788121502726
9788121924368
9788121927802
9788121928045
9788121935845
9788121939973
9788121941211
9788121943338
9788122407716
9788122409949
9788122410365
9788122412383
9788122413113
9788122413311
9788122416053
9788122418842
9788122419535
9788122421514
9788122422139
9788122425956
9788122426182
9788122426946
9788122427424
9788122427967
9788122430875
9788122435948
9788122436723
9788122436808
9788125939986
9788126912056
9788130902326
9788130912158
9788131804704
9788131806289
9788131807514
9788131807750
9788176490955
9788176492713
9788178001470
9788180140341
9788185749174
9788186308905
9788188689057
9788190691963
9788190856010
9789350040171
9789350143407
9789350943250
9789380856537
9789380856759
9789381159019
9789381159538
9789381159675
9788183600606
9781921209697
9780132037129
9788123914091
9788123915968
9789391820107
9789698181048
9788119364039
9788119364077
9789389347838
9788121900744
9788184046397
9788496553446
9788120404236
9788123901305
9788123905686
9788123906027
9788123906577
9788123908588
9788123918464
9788123925387
9789326191661
9789350143841
9789386217462
9789388178914
9789393715265
9781589479661
9788127249441
9788173195198
9788178002460
9788185386850
9789351641117
9788123910895
9788171772391
9788123902630
9788123902753
9788123902784
9788123905983
9788123908717
9788123910901
9788123911786
9788123911977
9788123912011
9788123912356
9788123922843
9788123925394
9789382676812
9789386827814
9788182910270
9789353765712
9781482710830
9788123911960
9788185931906
9789380016085
9788121928205
9788121929431
9788123911571
9788123911625
9788131804780
9788178000756
9788188739141
9789384007850
9789350356241
9788412517804
9788123904603
9788123908953
9788123916064
9788123916583
9788123926360
9789350024669
9789350253724
9789354660924
9789386478368
9788188458103
9789380386799
9789384007676
9788170084754
9788174468642
9789384852900
9788123916002
9788173170539
9789351246459
9788121927536
9788121928021
9788121928465
9788121932011
9788122413526
9788122419573
9788122440515
9788127224851
9788127240820
9788130912585
9788131802359
9788131802366
9788131803431
9788131805459
9788131808627
9788172335779
9788173666810
9788180140549
9788185617879
9788189757069
9788189757588
9789325968974
9789350141632
9789350141694
9789380027036
9789380386430
9789380856803
9789380856964
9789381159606
9789391820268
9788121909525
9788171568390
9788184890143
9788130903989
9788185099156
9789380856339
9788422021384
9788176567329
9789380250328
9788123916118
9788123924083
9788177643855
9789387085183
9789387964839
9788186714935
9789351640776
9788494271649
9789873393150
9788123911373
9788173195242
9788192999036
9788176461368
9789386478375
9788123902470
9788123904535
9788123906805
9788123909455
9788123915401
9788123924175
9788123925653
9788123926636
9788123928111
9789386217691
9789387085121
9789356963283
9789386649898
9788180140167
9788868980634
9789380026152
9789382332435
9789382332992
9788123912608
9788123913087
9788123925097
9788121935722
9788121936149
9788122417524
9788122418903
9788127243104
9788189766504
9789350943199
9789351643159
9789356143326
9789380856544
9789388005159
9788181283405
9788170358084
9788174734365
9789389686197
9788178001265
9789383635054
9788120401006
9788123901237
9788123901855
9788123908274
9788123908427
9788123908830
9788123909141
9788123909271
9788123911427
9788123915234
9788123915470
9788123916552
9788123916750
9788123922041
9788123924663
9788123925424
9788123929439
9788179923542
9789385915178
9789387085831
9789388178938
9789388327503
9789389396201
9788180140259
9789381162361
9789350352960
9789358561579
9788121901048
9788121914598
9788121942409
9788122409925
9788122414066
9788122415957
9788122420210
9788122420616
9788122421002
9788122424607
9788122428087
9788122430288
9788122433524
9788122435627
9788122436006
9788122436150
9788126903245
9788126907991
9788127240523
9788131804711
9788131806876
9788173194771
9788176710190
9788180140440
9788184043235
9788188458967
9788190855976
9789350142615
9789350142745
9789350145449
9789350944172
9789350945841
9789374734841
9789380250199
9789380250748
9789380386836
9789381159026
9789381159170
9789381162514
9788178311616
9789380852447
9788120417755
9781241405021
9781241426248
9781241579708
9788181282828
9788427933774
9788122435771
9788122419429
9788120346826
9788177391343
9788180140648
9788187567592
9789355420046
9789362761255
9789392537257
9788123917771
9788173717376
9789381159729
9789380472140
9788121931687
9788121935265
9788124114346
9788174092502
9788176466202
9788176467933
9788176467995
9788189757311
9788190691970
9788190746281
9789350140697
9789350142110
9789350142158
9789350142622
9789350500187
9789350500798
9789352909421
9789356962309
9789380852027
9789380852225
9789383073245
9789385915895
9789354439216
9788123906041
9788123916859
9788123916897
9788123919867
9788123920467
9789350028124
9789354667688
9789385915123
9789386478634
9789381335000
9789332700857
9788180547003
9788188279456
9788189757021
9788189757199
9789350140529
9789350141328
9789350142134
9789350144794
9789351611974
9789391820282
9788175994140
9788181477378
9788181477385
9788181477415
9789381714706
9780785120674
9788123755809
9788120403314
9788120417816
9788121940870
9788123901107
9788123911731
9788123918426
9788123924199
9788123928586
9789354668036
9789380250229
9789380250519
9789385915420
9789386478047
9789389261707
9788184876499
9789355432742
9788120417700
9788120417779
9788121929295
9788122428193
9788123915067
9788123923529
9788125942504
9788180542152
9789353593476
9789380618487
9789380896045
9788123926339
9789357054171
9788126320950
9788184893557
9788123908564
9788123915081
9788174730282
9788175345881
9789387085862
9789388178723
9789389688566
9789389688887
9789326191654
9788125031574
9788180942594
9781423109945
9788180388354
9788122421552
9788189766627
9788119216642
9788121923156
9788121924566
9788121931700
9788122409581
9788122424577
9788122427462
9788122433562
9788122436525
9788125939443
9788126904808
9788127202651
9788127224592
9788131805015
9788178001395
9788180140396
9788184121384
9788185931937
9789327235173
9789327262865
9789327281316
9789350141892
9789350142462
9789351450191
9789351762539
9789380298559
9789380386645
9789380386805
9789382381143
9789389657463
9781570972126
9788123909288
9788170088837
9788180141263
9780340895313
9789366160825
9789380250410
9788123902937
9788123903057
9788123904283
9788123904924
9788123907055
9788123908540
9788123909929
9788123910307
9788123911724
9788123914138
9788123915012
9788123916095
9788123918952
9788123923710
9788123924694
9788123927961
9788123929767
9788179923153
9789386217585
9789386827869
9789388725651
9789389396263
9789389396294
9788123917009
9788191007695
9789386310729
9788125927914
9789250036748
9789350909683
9788122416145
9788184480740
9788184951172
9789380578118
9789386279637
9789389520934
9788121923187
9788121925358
9788127216269
9788131808665
9788172334871
9788173198960
9788173816635
9788184121483
9789681669003
9788121509398
9788121942508
9788181289247
9788188689941
9788120343009
9788180141485
9788183600446
9789313193517
9789352500475
9789380896038
9789382609810
9788188458929
9789350143865
9789381075562
9789391820336
9789351430056
9780070144811
9788121924504
9788123927985
9788184487060
9788188237609
9789351109051
9789387067189
9788413370965
9780199601134
9788120774346
9788121909310
9788121923170
9788121923422
9788121927963
9788121929394
9788121932462
9788121935746
9788122408003
9788122416985
9788122417159
9788122418521
9788122418880
9788122419085
9788122419450
9788122419818
9788122421637
9788122421712
9788122421972
9788122422030
9788122422559
9788122426830
9788122433388
9788122436037
9788122437607
9788122438079
9788125006916
9788125928560
9788125939955
9788126901111
9788126905720
9788126926930
9788130913827
9788131801611
9788131805183
9788131805602
9788131805862
9788131806425
9788131807811
9788131808603
9788131808610
9788170089254
9788171641178
9788172335304
9788173715006
9788173816468
9788173816987
9788176563581
9788180140563
9788180140785
9788180141157
9788181282705
9788183601733
9788184872170
9788184872187
9788184891645
9788186308738
9788188237104
9788188279319
9788190613002
9788190832250
9788190856546
9788194622178
9788195268795
9789326191647
9789350024027
9789350140093
9789350140482
9789350141274
9789350141335
9789350142189
9789352702183
9789380358949
9789380386010
9789380386164
9789380386454
9789380856438
9789380856810
9789380856841
9789382609995
9789383828586
9789384007430
9789385923845
9789385998379
9789391139667
9788123900131
9788123903651
9788123904931
9788123913148
9788189521271
9788194898672
9788194898696
9788198225924
9789354660108
9789388527675
9789389688078
9789571380827
9789861373584
9788123901275
9788181286642
9788184893236
9788184893601
9789354438646
9789354439636
9789371131001
9789380026008
9789380026886
9789381141359
9789386768599
9789387938564
9789389944037
9789390620227
9781841134154
9788184895612
9788188157334
9788187134183
9789390709106
9788179929971
9788131806777
9788173816208
9789351648925
9789382332091
9789386279798
9781571455642
9788173170454
9789384588663
9788119364336
9788123923512
9788179924693
9788184485943
9789381141120
9789384588588
9789388527774
9788123902661
9788123904009
9788123907949
9788123910390
9788123910772
9788123911519
9788123915678
9788123917191
9788123918471
9788123919195
9788123919201
9788123922164
9788123922225
9789354661563
9789354667220
9789354667435
9789385915369
9789386310842
9788179921678
9788188458479
9789351524663
9788182881020
9781550717419
9781583473634
9788171101825
9789354439902
9789358562163
9789386279743
9789386279842
9788180940095
9788184870480
9789380231075
9789391820183
9789350145142
9788490748893
9789688901106
9788123912196
9789387890084
9788195407187
9789383750917
9788178002774
9788188458448
9789352535309
9789385909924
9788174092526
9780600347231
9788123923413
9789350145487
9789382609728
9788121930888
9788122430653
9788122436457
9788125035299
9788125939399
9788125939474
9788126919505
9788127233792
9788127251260
9788130906201
9788131801291
