9789380027210
9789380027685
9789380027838
9789383992454
9789386456793
9789386768001
9789386768704
9789386799340
9789388176378
9789390735464
9789392469473
9788186809082
9788122310177
9788125039839
9788126439706
9788128016691
9788128811814
9788170086796
9788171208517
9788173031816
9788174363664
9788174462565
9788182991910
9788185141626
9788193144022
9788194065401
9789382332145
9789384301651
9789384598587
9789387192843
9788172867485
9789383635160
9788120346840
9788121924009
9788122411881
9788122436181
9788125921547
9788126903047
9788126906581
9788131807422
9788170297291
9788172334536
9788173191381
9788173199387
9788173199844
9788173660764
9788173666223
9788180140686
9788184870121
9788184871760
9788184874020
9788185636344
9788188458875
9788189757373
9788189757991
9788194735755
9789327220483
9789350143919
9789350145173
9789350145227
9789350974414
9789351529095
9789380298139
9789380298788
9789380386188
9789380856384
9789382381884
9789386070937
9789388812160
9789351641254
9789380250601
9788174734174
9789393168368
9788180140075
9789349919198
9780060524333
9788120417878
9788123426099
9788126431953
9788128008023
9788173029790
9788181281241
9788181285218
9788181287601
9788184026351
9788192982212
9788893630627
9789353497293
9789380578194
9789381319673
9789383067688
9789386768360
9789388327534
9789390620319
9789390620418
9780199465927
9780754808008
9780761997719
9781593271459
9788121510493
9788121930017
9788121941709
9788122411362
9788131518410
9788131903056
9788131934234
9788131934265
9788171242627
9788172330941
9788172332730
9788172338527
9788179919910
9788181285843
9788182204485
9788186050767
9788186470428
9788187332633
9788187661658
9788188826346
9788189645441
9788190891868
9789385676161
9789389347777
9789391818166
9789845120104
9788123928647
9789380138121
9783902514370
9788173197949
9788184895278
9789384319403
9789381226698
9788126311224
9789356403284
9780670084593
9789381595152
9789326191623
9788121926140
9788186265314
9789385909665
9789394168510
9788170118831
9788173158605
9788173158643
9788178542614
9788181467522
9788181468369
9788184950403
9788185141138
9789351611820
9789382332602
9789384419431
9789391211783
9789380289021
9788128011764
9788174091178
9788184120431
9788189798123
9789350091197
9789350682838
9789380240589
9789384641245
9789387484061
9781241096588
9781241465483
9788125910114
9788184870435
9788189757762
9788481852301
9789350143629
9789385909047
9788173717710
9788176462419
9780764571145
9788123432885
9788176371018
9789381503614
9789381920343
9789383052202
9788121620659
9789366161686
9780782143324
9788187586517
9789326352901
9789354217470
9788172868086
9789387890091
9789385462924
9788122410242
9788122422658
9788122438802
9788126467075
9788170086185
9788172339913
9788173716928
9788184873344
9788188458141
9788189757298
9788483230527
9789352134243
9789380856674
9788119364268
9788123903934
9788123914947
9789353501808
9789384588410
9789389447071
9788170288947
9788178222585
9788189912802
9789390224876
9780007112739
9788193975909
9789333221948
9788119364800
9789381141458
9789391818180
9789391818876
9788126702596
9788126435715
9788129100450
9788171301959
9788193354940
9789382394310
9789383052356
9789388913409
9781602551213
9788122304299
9788123018294
9788123788135
9788131930311
9788171640829
9788176558105
9788178541662
9788180310737
9788184776683
9788188043071
9788189485443
9789380536293
9789380536385
9788170337461
9788180520563
9788181902436
9788194782780
9789339213039
9789383067640
9789384319397
9788123442044
9788123928715
9788126014088
9788126720385
9788128022159
9788177022995
9788180140488
9788180315176
9788185396590
9789380743172
9789381055847
9789381595121
9789381822838
9789384598433
9789387103184
9788120805736
9788180312892
9788170462583
9788173157523
9788173157561
9788173157639
9788184772852
9789352752874
9789385288302
9788174532794
9789350259030
9788172248918
9789380250724
9789333223720
9788126522170
9788170083412
9788182860063
9788182881488
9788185549453
9788187332619
9788189766498
9788190941679
9789350355800
9789381075975
9780312960445
9780471781424
9788131806135
9788184894486
9788120344860
9788121924276
9788121926164
9788121928472
9788122408270
9788122417197
9788122418248
9788122419078
9788122424096
9788122427318
9788122430172
9788122430479
9788122430585
9788122430592
9788122430974
9788122431186
9788122431353
9788122435672
9788122435986
9788131502075
9788131806449
9788131807071
9788131807781
9788131808917
9788173199745
9788174453679
9788174733351
9788174734273
9788177229028
9788178002507
9788180520532
9788180522826
9788180943133
9788180944048
9788181280510
9788184893281
9788184894127
9788188237449
9788192107578
9789325982338
9789327222982
9789327229868
9789350140604
9789350141861
9789350970058
9789374734742
9789380027401
9789380298580
9789380381565
9789380618302
9789380618418
9789382127024
9789383182459
9789383419517
9789383828654
9780945819202
9789353165185
9789385915499
9789390224906
9788178740614
9788184891492
9788184894981
9788184896251
9789333223690
9789387964259
9780230636590
9788121404013
9788121905039
9788122310726
9788122411430
9788126432110
9788185381848
9789383441372
9788128010828
9789388631464
9789384588687
9789391952228
9788173663963
9788182203327
9788183568425
9789333223331
9789351611592
9789380358963
9789385909122
9780349406800
9788128008887
9788128010262
9788128010279
9788128012327
9788178242255
9789352440108
9789382394372
9789358875478
9781854598684
9788172336547
9788171788521
9788181467423
9788125039617
9788173150449
9788173151552
9788173152047
9788173153815
9788177202687
9788181713339
9788185830568
9788185832456
9788188139880
9789326351669
9789351611431
9789351611783
9789380186245
9789380864150
9789380864990
9789381063408
9789382648192
9789350356173
9789350356487
9789351430278
9788183611947
9788470749179
9789389845426
9788125941958
9788170843139
9788180140228
9789350140413
9789388623070
9789814559065
9789814559096
9789814559102
9788183302432
9789352440481
9788498622966
9789382332190
9788170436980
9788194364801
9788412089196
9789391748203
9788170461456
9788184005684
9789390477685
9780198077466
9788183247788
9780582064874
9788119415342
9789380660752
9788173716447
9788184047066
9789350142455
9789350710067
9789352134564
9789352533343
9789380027319
9789380027852
9789382332596
9788175543645
9788188118984
9789389991284
9788123433134
9788128022593
9788176461573
9788176465229
9788188974061
9789352440733
9789380743608
9789381582596
9789381822463
9789382648383
9789388957588
9789392379000
9788171414673
9789382396642
9783748139775
9788121928403
9788122405248
9788122414776
9788170521549
9788171640782
9788171641406
9788171641451
9788174467171
9788174532626
9788177001013
9788178235196
9788184871692
9788185141749
9788185478081
9788186617991
9788188757015
9789326352918
9789326354721
9789326354790
9789381626795
9789385502248
9789386817136
9788121923088
9788176505079
9789333223485
9788184772876
9789393168283
9788497771016
9788186880067
9789386768575
9789388973977
9789392379949
9789839154474
9788173812286
9780758646828
9788172700843
9788189859664
9789937761000
9788188071579
9788180140099
9789385259807
9788125052661
9789327276541
9789356966192
9789382332473
9789382332954
9789384588830
9788123908960
9788128024696
9788187477228
9789351506676
9789382396321
9789384641320
9781884089732
9788493576684
9788170287445
9788183616270
9788189945138
9788483109342
9788121908924
9788123773551
9788172110215
9788172111083
9788172246501
9788178241340
9788184540789
9788184893854
9788185122687
9788187498308
9788193747001
9789390971916
9789937594127
9788121901277
9788121905930
9788121922326
9788122406399
9788178557304
9788183453363
9788184040081
9788186308752
9788193975268
9789350142752
9789380856513
9789380856780
9789389533545
9788171413270
9788180430619
9788184571752
9789384716424
9789386348203
9788178311708
9788178791234
9788192251707
9781636514888
9788126316298
9788170082446
9788173152535
9788173152542
9788173158193
9788180313349
9788188757442
9788188769162
9788190666831
9788497775861
9789326354707
9789380183114
9789380186832
9789380186931
9789814629645
9788132111023
9788121926294
9788121929417
9789380250021
9781569244470
9788173192340
9789390569335
9788183710510
9788120820449
9788124114100
9788129113184
9788170999218
9788176465533
9788176466868
9788176467735
9788176467902
9788177551389
9788188466962
9788189065577
9788189110222
9789385609428
9789385609435
9789390595174
9789387484139
9789391818616
9788190194303
9789387333413
9780761935971
9788120350786
9788121510837
9788121511520
9788121920506
9788121928014
9788122422702
9788122432046
9788131804094
9788131806685
9788174468802
9788177394917
9788178242729
9788179923559
9788184893045
9788184894462
9788186535776
9788189757359
9788190656603
9789333223782
9789350717417
9789380574387
9789380607009
9789380607092
9789385000362
9789386228598
9789387472563
9789389347487
9788176672375
9788186937198
9789385868887
9788125904182
9789352837335
9788123913612
9788174468277
9781850321927
9789381574232
9788176113120
9788408089162
9789313192084
9789390655199
9789351529842
9789383073924
9780711100824
9788128008320
9788131024621
9788131024669
9788131024829
9788171416806
9788173199578
9788122427677
9788127226770
9788180611353
9788192275963
9789350140802
9789385909986
9789390711642
9789350355527
9788184000559
9780198077350
9789333221788
9788126043019
9788184000757
9788131807453
9788174533296
9788175411081
9788176498531
9788178242880
9788180900990
9788180901508
9788187332466
9789381325216
9789383260454
9789388542104
9788122431445
9789380852096
9789380854250
9789385309182
9788184870879
9788123925950
9789382396147
9788184022308
9789350143926
9788194026785
9780070529120
9788120347984
9788178241821
9788178242491
9788178242965
9788120344570
9788120349575
9788121109970
9788121926638
9788121928229
9788122410792
9788122419795
9788125930853
9788131802731
9788171949632
9788180521393
9788184870497
9788184892727
9788185749815
9788188818167
9788189757960
9788190691956
9788190738675
9789325960008
9789380578866
9789380618463
9789381162880
9789385909863
9789386768513
9789388005180
9789388005487
9789389547900
9780743457408
9789381162606
9780130115492
9788190642705
9788417900724
9788126913299
9788189487089
9788121900034
9781259026683
9781560101697
9788120417632
9788125020172
9788126517572
9788173154218
9788173156410
9788173156731
9788173158902
9788185094847
9789352134199
9789380186252
9789381887172
9789386768186
9783142210155
9789380545547
9780528994692
9788121929561
9788183990738
9789351104698
9788126436590
9788172542818
9788173029738
9788174831750
9788178837048
9788179000007
9788184245868
9788187321514
9789382543121
9789387192522
9789387192867
9789387484573
9789390310289
9788123913230
9788193993224
9789359987385
9789385909306
9789386479488
9780199456307
9788174533203
9788175511736
9788188629565
9789386446237
9788126706372
9788185244198
9788191062137
9789350641866
9789380025070
9789382775140
9781466380448
9788170089537
9788125910008
9788125915454
9789385909160
9788493473907
9788120416109
9780694518937
9788174468925
9789352605224
9788123433004
9788128016103
9788174731661
9788183280099
9788193342084
9788125032106
9788131806661
9788172335762
9788181289179
9788189757700
9788193975282
9789350140468
9789351107934
9789382396086
9789390175314
9788179915530
9788189059552
9788126717347
9788176463515
9788171416271
9788416075799
9788176464932
9788193418802
9780863110900
9788174530738
9789352803781
9789389152371
9789390818105
9788120346383
9788120347977
9788121909556
9789387195424
9788120808676
9788178841304
9789354659799
9788179752494
9788193975305
9789388292443
9780070494633
9780198083764
9788120337978
9788125020226
9788185119526
9788187216063
9788498670912
9781788641401
9788187780915
9788187780953
9783921508756
9788176465571
9789333221870
9789350092705
9781402209765
9788128004797
9788176461788
9788176461894
9788184671636
9788192616964
9789381055861
9789386592743
9789387363199
9788173156922
9788184301526
9788188322671
9789380186283
9785699471065
9788121504256
9788121926058
9788121932028
9788121933506
9788125930914
9788172336202
9788173198250
9788173664359
9788184041804
9788184047899
9788185636467
9788189161453
9789351107286
9789352133925
9789380027180
9789382396956
9780349144009
9788180314124
9780857466624
9788121928717
9780074631133
9788121510097
9788122411140
9788122421934
9788122423594
9788172331160
9788186050941
9789380607085
9789380864181
9789394168916
9789840515356
9788123919553
9788172016883
9781463542269
9789333223867
9780706987591
9788170010081
9781843309840
9789333223942
9780753417874
9780819467232
9781800583177
9788131803929
9788131804827
9788173049026
9789355326478
9788120324039
