9788184895605
9788178001937
9788176466547
9788176711340
9789381608739
9788177699852
9788131217405
9788181283917
9789354660030
9788172332341
9788172332631
9788172336004
9788190228923
9780743530125
9788129117830
9788186775653
9788189652401
9789380239019
9789387587298
9789867942074
9788174368744
9788190379779
9788121600323
9789869798525
9789380704777
9788187134237
9788893630771
9788869442155
9788189059026
9788176467971
9788188569106
9789350502785
9789351454458
9781857782226
9788869680144
9788171568260
9788182204867
9788183211376
9788183243865
9788189741112
9788183764995
9789353864118
9780763640941
9788193976401
9780415375825
9789395116336
9780241626511
9781457548192
9789777043779
9780857086266
9788892224803
9789356962897
9788176467247
9788189473648
9780415776707
9789352709892
9788174533166
9780521634830
9788181288813
9789389188585
9786263181618
9780987338631
9789351437437
9789354659850
9789356961852
9788121902908
9789888407088
9788178060590
9788183760843
9789380179988
9789380179995
9780195697230
9788189526689
9788189526771
9788189526979
9788478085217
9788184875607
9780950395432
9789861202662
9789350259658
9789366160559
9781439801727
9783860252604
9789381141779
9788120839977
9788121921299
9788180388927
9788176123327
9789382471363
9789865064259
9780199460502
9789384863593
9788478080786
9781869403843
9788186004999
9788889237700
9788408076070
9788184484403
9789366164236
9789381608135
9789380250809
9788872267257
9788170356356
9780470525746
9788180388446
9781782224808
9788130702827
9781516915934
9788489333383
9788190568128
9788184871036
9789350144152
9789380428444
9789380574899
9789382471158
9783830678335
9788189526085
9789349888296
9788126712472
9788184702002
9788184486957
9788130915449
9789349888968
9788180611209
9788185860367
9788176569040
9788119121540
9788170070061
9788195475063
9780486806808
9788878393431
9788181891808
9789388028806
9789390709441
9780199065066
9789385390517
9788172335489
9788172337995
9788188689149
9788176466929
9788190694261
9789356963290
9788184870831
9780199677580
9788823019416
9780241515617
9788496431249
9788873993520
9788893916509
9788170209973
9789380032504
9788122306552
9789350040515
9788173714788
9781241459192
9788126909704
9788186299722
9788189526351
9788183165549
9789380239118
9780486272801
9788185026749
9789064506840
9789385915246
9789390709250
9788180901270
9788184048049
9788449311093
9788492452187
9780316725590
9789777045872
9789389212105
9789389212310
9788176465038
9788176466493
9789350500804
9789380852201
9789380852362
9789380852898
9788178001128
9788194709015
9789382471523
9788188827213
9789380852164
9788171773749
9788171679294
9788403517363
9789349888883
9788886208307
9788185170664
9788180940163
9789777040778
9789350715338
9789351103189
9788186299470
9780782143553
9788183210164
9788176565516
9788181285744
9780692696972
9789384007492
9789382459187
9788496867642
9788131201008
9789392135088
9789380044408
9788131603260
9789354659973
9781584762164
9788492417308
9789629376543
9789382033653
9789386286468
9788173714092
9788170299011
9788861480940
9789380231150
9788415078159
9781851680979
9788123907130
9788123913421
9788179941911
9789383848041
9788176566858
9788893915175
9789351437277
9780716753193
9781543981803
9788181282200
9781594972263
9788183760782
9788120723603
9780731407552
9780962648526
9788128009105
9789354016950
9789348037879
9789385909818
9788120807297
9788183761093
9788189473433
9789351439455
9788182204027
9789381450765
9789382219163
9783764357627
9788174360335
9789383794058
9789351525929
9789382629139
9788498482379
9780316641791
9783777431932
9788170351405
9788173200632
9789352706860
9789385462917
9780670090082
9788480199674
9789937814478
9781241501136
9781846467882
9789385302398
9788189473778
9780723243892
9789354656156
9788483568484
9789381345122
9788129100290
9788183761383
9789351523314
9780718186517
9788170355854
9788187498018
9781892040107
9788175994621
9781854353313
9788188689705
9780071751490
9788170600466
9788189471248
9789382629061
9789382629252
9781423490531
9788131009147
9788123915982
9788185495460
9789352705795
9788170948735
9788184046991
9788181890177
9788184950786
9788184890617
9788176463904
9789389211917
9788189530662
9788177022872
9788123909110
9788123914381
9788185102962
9788408095767
9780198068617
9788188689880
9789356402492
9788183763929
9781568984674
9780415574716
9788122406535
9780785116851
9788183297936
9788434232754
9788189630331
9789382835882
9788174869975
9781582550152
9781638606314
9789356963313
9780866985093
9788177336863
9781556238635
9788176113113
9789251097311
9781849712842
9788191005059
9788498973778
9780863113758
9789350500507
9789350502631
9789380852287
9789380852560
9789386223173
9788185680019
9781501139116
9788181890788
9788182207370
9781904772101
9788847019799
9788126904785
9781591791157
9781933499130
9780857330833
9781591027720
9788189471316
9789350250174
9781613249345
9781562434298
9788181281388
9788184482492
9788186050156
9789348107770
9788192099286
9783982126609
9788189153007
9788189471972
9789382629276
9781890318819
9788184895025
9789381141434
9788126904235
9789385999116
9780415692984
9788876423109
9788181890214
9788172337551
9788170750925
9780764139741
9788131101315
9781906217419
9788186299449
9789385909290
9781592802500
9789393330468
9780241527122
9780241644645
9788888302591
9789383864034
9781845850135
9781907085871
9788122005479
9789352137312
9788176018579
9788171640492
9789076458083
9781665905664
9789027709387
9788120817562
9783956867248
9788189471941
9788188689095
9788188689316
9781473690431
9788183210461
9780910672412
9789392135293
9788415419600
9788183211499
9788497773133
9783825892982
9788184872149
9788184890358
9788184890419
9788184893373
9789351424444
9789386768056
9780415520355
9789584518255
9789353166274
9788893915854
9789350181706
9789348107381
9788495040619
9788466616089
9789354669675
9788495973160
9788483560815
9780752892122
9781855144309
9789387964303
9788188689491
9788184482959
9789384149192
9788171817214
9789354438462
9789354439490
9788188689743
9788181715647
9788189497163
9781787014497
9780713679250
9788415260851
9789350356630
9781444138658
9788188689286
9789387964266
9781926648118
9788184896558
9780782141894
9789352500222
9789383284085
9789350354377
9788170947967
9788172333270
9788184041187
9788184874402
9780794508845
9788181892263
9789655263459
9788489564626
9788173872280
9788194867654
9780471726937
9788126914043
9781626863408
9789583043840
9780198725312
9780857338082
9780007521517
9788176567060
9780782143720
9788177696899
9788183716949
9789386827128
9789354659508
9789388548403
9789388548854
9789390572991
9780143032540
9781241600228
9788176460538
9788176461801
9788176461948
9788176467421
9789350501641
9789380852614
9789380852737
9789380852805
9789383784097
9781845370473
9788189938062
9788183760362
9788185170589
9788189928469
9788171887224
9788176465779
9788188827107
9788189110161
9789350502198
9789354653773
9780785842033
9781241500207
9788196378974
9781847973207
9780755472758
9789389565805
9788172333362
9789386279651
9789350500583
9788185589503
9788124116456
9788423342235
9788170582175
9780750650168
9788179926215
9788197750083
9789385915918
9789389688870
9789351952343
9788120816411
9788179681725
9788181283788
9788183246743
9788184890198
9788184895193
9789387964358
9788131604182
9788126912551
9789681684556
9786079828608
9789386578464
9788178840642
9789380252988
9789382563389
9780723605164
9789380852775
9789380578033
9780195692433
9788123922362
9788183391153
9789389688597
9788189975692
9789387085817
9789573297581
9781920434014
9783791733999
9788177564242
9781853311178
9788170351580
9789386279668
9781241180782
9781241494933
9788131250709
9788123906065
9788170583547
9789387472730
9789350290064
9789381398722
9789391818548
9781856868440
9780906754245
9788120003507
9788188741953
9780956980212
9788181288806
9789392140518
9788121503020
9781897190272
9789351527237
9789381209479
9788189530617
9788493520427
9788178270517
9780230715592
9788121916660
9788170998778
9789350350300
9788172151652
9780900785436
9789395116596
9788823016286
9780890965979
9789385965517
9789386768896
9788185263830
9780997640540
9788126933662
9789385302145
9788176710367
9788181892508
9789385445019
9789351294405
9789351950271
9788120756069
9789380456607
9789383067558
9788126137282
9789365576269
9781622603022
9788188689071
9788188689132
9788188689309
9788188689330
9789383284153
9789388902953
9781862546417
9788494602535
9780821349632
9781406506655
9788189942724
9788127231910
9781849158824
9789350502570
9788173717239
9788176240307
9788183602112
9788496806023
9789390620142
9788847058835
9789381574010
9780583130875
9781405228862
9781403922359
9789381431436
9788187812005
9788181281807
9788181284129
9788184893304
9788187680109
9789382332985
9781578268016
9788188689255
9788123926452
9788190105224
9780859697101
9781853155185
9789390544332
9789391818005
9781785210969
9780521655194
9780521655293
9788188689026
9788188689361
9788188689460
9780991209033
9788173717703
9783437237805
9789349015784
9781731832665
9789351523338
9788170337140
9789354437823
9789390544004
9788177085310
9788186937969
9788189401269
9789352301553
9788176467193
9788787600620
9789385538193
9788173198434
9788192856711
9789356404748
9788188449194
9780198092001
9788895731162
9789388902717
9781849205047
9780875655079
9783700174790
9788184870855
9789380618982
9788183601849
9789810713799
9783468491726
9780749456863
9788184160314
9788185938790
9789381017104
9788496431355
9780648906001
9788171889372
9781241424640
9781241697617
9788183211901
9788171946495
9788176461078
9788176467209
9788176467384
9788184201215
9789350501870
9789350502556
9789380852799
9788171412211
9789350500699
9788170848127
9783290175771
9788180940262
9789863380658
9788170089773
9788180940200
9788121618687
9788123928579
9789349057043
9788121617727
9788121619516
9780304354658
9788187478256
9788181283498
9781490379760
9783881896641
9789583019012
9788876423079
9788180565755
9780826446701
9781441197542
9788199040809
9780415627078
9788119364930
9788123909226
9781569024348
9788183612258
9788130903101
9780241527108
9789352133222
9789386418906
9781905223244
9789380852591
9789381630037
9780747806387
9780764583605
9780333902547
9788122432770
9788121620338
9788178002194
9788188827275
9789350502358
9780198800125
9780670912346
9780197685952
9788120349445
9788173716300
9788178001371
9788179681688
9788179934111
9788180521843
9788181281371
9788181282163
9788181284174
9788183602129
9788184891218
9788184892864
9788188458936
9789380381497
9789386768131
9788188965243
9788188458905
9788174534200
9788189035440
9781902937243
9788177540345
9781241316327
9781241505172
9788185749297
9789380836102
9781241372637
9788122501186
9781516984466
9788187129042
9789350358122
9788125060796
9780244900663
9789350143599
9780070083073
9788180698583
9788190817929
9788188689248
9781241492083
9788170128687
9788122412086
9781567690590
9788119364367
9788173199554
9788174469229
9788184875447
9788184891232
9788198831767
9788125931294
9788184892482
9788120734913
9788170460671
9788186211175
9788174091093
9788119415809
9788188658619
9788131801147
9788823019584
9789385915505
9788173716706
9789839154085
9789385909580
9789351422020
9789381608494
9788170081395
9780143451839
9788122412987
9788854841925
9788121909402
9781988024073
9789393159045
9788122428025
9788195580460
9788131251003
9788173716904
9788181892751
9788189161835
9789350238929
9789388327961
9788186201893
9781101937600
9788123919805
9788188689040
9780825473623
9781493588107
9788122418545
9788131800737
9788188689347
9789352033959
9789380856957
9788123928104
9788187567813
9788174506788
9788190419017
9789388127387
9789388127493
9788170089971
9789383067626
9780787947125
9781781085226
9789381574324
9789385909801
9789351762232
9789684112490
9788122421606
9788131802021
9781556527418
9781781681183
9788187421061
9788184480764
9789389671858
9788174731340
9789350942468
9788181284907
9788185708454
9789352135639
9788185938943
9788121923026
9788122420340
9788170080077
9788176493178
9788184482911
9788186308417
9788186308660
9788190855907
9789350941454
9789351761754
9789351762584
9789380856216
9789381159668
9789388147194
9780865300200
9789388005074
9788123900391
9788123902760
9788123908311
9788123915395
9789350026304
9788121902984
9788131603512
9781857252149
9788172334857
9788180140020
9789383746729
9789389686326
9788122430905
9781850082279
9788131251652
9788180545528
9781561467525
9789365896480
9789389211931
9789799802903
9788121922210
9788176566018
9788185617817
9788187522713
9789350073421
9789350943472
9789380856681
9789380856773
9789386478283
9788121916677
9789556651522
9781594162374
9788122403633
9789327197419
