9788170081517
9788173663017
9788173663024
9788173814037
9788180140280
9788180140839
9788180940149
9788181281036
9788184870503
9788184893649
9788184896015
9788189757304
9788189757410
9789327241020
9789350140888
9789350142097
9789352655915
9789380026763
9789380027340
9789380298658
9789380386843
9789383992478
9789383992515
9789384007416
9789389184174
9789389396355
9788418932342
9789380578538
9789380578682
9789381335185
9789382332534
9789390620586
9788131804933
9788170742838
9788185141794
9789333223843
9789351199373
9789352440788
9788121924870
9788125918578
9788125938460
9789381630082
9789383762187
9789388293884
9788120417991
9788123904986
9788123904993
9788123906270
9788123913001
9788123913933
9788123918587
9788123921990
9788170337676
9789386310910
9789389396324
9788120352285
9788121928106
9788172334949
9789350040423
9789384878139
9789385909344
9788184894301
9788176566636
9788187332671
9788171887781
9788171208593
9788178236162
9788185301587
9789380386911
9788121936088
9788123918532
9788124606483
9788131802779
9788171946990
9788189617974
9789327250978
9789380027807
9789384961688
9789385909436
9789385909962
9788123908236
9788170820680
9788123912158
9788123919423
9788172245276
9788178740317
9788189086800
9789351525578
9789380250151
9788123907000
9788123910253
9788123910642
9788123912271
9788123913285
9788123913292
9788123914879
9788123919188
9788123919683
9788123921921
9788123923956
9788123925431
9788123928319
9788187134145
9788188826384
9789385915543
9789386217721
9789386478221
9789386827593
9789390709922
9788184891607
9789333223621
9788120347458
9788126521531
9788129300355
9788171021093
9788172111397
9788178837291
9788184042788
9788184781120
9788186791028
9789355643704
9789356361430
9789380027845
9789380235271
9789382332350
9789380250441
9789386279644
9781544653129
9788121916592
9788121920919
9788121928687
9788121930727
9788122413854
9788122415148
9788122418668
9788122427509
9788122430813
9788131806500
9788131807798
9788172335502
9788172338268
9788173817328
9788173818776
9788180141065
9788180142048
9788182093348
9788184043617
9788184871579
9788184871753
9788185240909
9788189904333
9788189904340
9788189904357
9788195012022
9788196136888
9789327258271
9789350140284
9789350142004
9789350142288
9789350145258
9789350145456
9789380027722
9789380298030
9789380386140
9789380386522
9789380856070
9789382609896
9789382609919
9789385462634
9789386286017
9789386530097
9789389393293
9789385915611
9789389396331
9788184870893
9788185749105
9788185749662
9788197999291
9788198225900
9789350140239
9789350144534
9789351611721
9789351611981
9789380027524
9789380027692
9789380027821
9789388176644
9789391820244
9789391820688
9788120315822
9789384721190
9789386102911
9788170080732
9788171202577
9788171204922
9788178060415
9788178835747
9788191019155
9788173717000
9789381887080
9789352535255
9789380250694
9788121932479
9788121936446
9788176566339
9789351642305
9789380856230
9788120417106
9788123923543
9788173816314
9788186103876
9788190210041
9789380250526
9789385909870
9788181281128
9788120342521
9788120352179
9781398308480
9788121506793
9788121929783
9788121941129
9788122417180
9788126533190
9788170306306
9788170891925
9788172336646
9788173717444
9788174090324
9788174090393
9788174090584
9788177001006
9788178000855
9788178835914
9788180140860
9788181892201
9788182203013
9788184891935
9788185094182
9788189161798
9789352872817
9789380250373
9789381450581
9789383992461
9789384082000
9789386768230
9789388028752
9781241232771
9788121926331
9788126423569
9788184821246
9788188974153
9789380026817
9789381055922
9788185877228
9789356966390
9789380578910
9789384588786
9788172244910
9789350356524
9788126429363
9788127224943
9788127243234
9788174092045
9788180940521
9788181160072
9788181160102
9788181160126
9788181160188
9788184871630
9788189401382
9789327197105
9789327229363
9789327277821
9789327287936
9789359951980
9789368400295
9789368401407
9789368403722
9789368403739
9789368405146
9789368407393
9789368408994
9780345025791
9780974278742
9788120405523
9788123901534
9788123904825
9788123909042
9788123909776
9788123910376
9788123910383
9788123914107
9788123917238
9788123918099
9788123918297
9788123918747
9788123923536
9788123923901
9788123925042
9788123925332
9788123925998
9788123927916
9788123928845
9788123929606
9789389239003
9789389239010
9788171202591
9788188867479
9789393159151
9789390391004
9788126415359
9788131001592
9789381095034
9788120335622
9788121929875
9788122420241
9788122422238
9788122430295
9788122430455
9788122430639
9788122435603
9788122436389
9788122438123
9788126914180
9788127239916
9788131806470
9788131806999
9788131808306
9788184047523
9788185240732
9788185873367
9788188237937
9789327258677
9789327278316
9789350142967
9789350144336
9789351450252
9789351643067
9789380016795
9789380027678
9789380156002
9789381159354
9789385998621
9789389477702
9788171692538
9788178220017
9788179928004
9788184890310
9788184893922
9789381714577
9789381951484
9789384007027
9789385998164
9789385998942
9789386478580
9789386768780
9789387496347
9789390620371
9789390620487
9788185602813
9788123420639
9788126413744
9788128019357
9788184893359
9789391818678
9788172338169
9789380250137
9789380250700
9789386279712
9789385676017
9789386456298
9781316641880
9788171203598
9788173862229
9788173862243
9788173862519
9788178241470
9788178245492
9788185170404
9788189757687
9789350140475
9789355227188
9789383441396
9788123422794
9788131759974
9788184821444
9788184821604
9788184822977
9788184825046
9788184825633
9788189220303
9789865077471
9788188826278
9788186004234
9789380026831
9789387779464
9788120340640
9788121905411
9788121923484
9788122420944
9788125930846
9788125931362
9788130917559
9788173816789
9788174734334
9789352301973
9789352702411
9789354439384
9789390696376
9788123928784
9789350641842
9788171301034
9788173024429
9788185378718
9788185378749
9788186880524
9788191010060
9789381141267
9789383971442
9780195690774
9788179924174
9789352534319
9789389354089
9789389845327
9788122437850
9788128020612
9788131001363
9788170668640
9788173025624
9788183683142
9788184681697
9788123750682
9788123929446
9788131918340
9788174091994
9788178242606
9788178243368
9788179860328
9788120415973
9788121922302
9788123908878
9788123908946
9788123912646
9788184952797
9789380026046
9789380578026
9789381141113
9789383793082
9789388725972
9789388902724
9788173815591
9788120348660
9788121907996
9788121927239
9788121932417
9788122411768
9788122419849
9788122419894
9788122422047
9788122422504
9788122425987
9788122427578
9788122427851
9788122427998
9788122430400
9788122430448
9788122431070
9788122431094
9788122431292
9788122431377
9788122432169
9788122432442
9788122434101
9788122434132
9788122434224
9788122435634
9788122436082
9788122436617
9788122438024
9788122440638
9788123907734
9788125909309
9788125921585
9788125924104
9788125939368
9788125939818
9788130918006
9788131802342
9788131803813
9788170088035
9788173199004
9788173716270
9788173717451
9788173718847
9788179936542
9788180141072
9788180142413
9788183601429
9788184890303
9788184890891
9788184893175
9788185931982
9788186308844
9789327219562
9789327230154
9789350140079
9789350141601
9789350141762
9789350141830
9789350238097
9789351248804
9789352740802
9789380027104
9789380027258
9789380027357
9789380027739
9789380250243
9789380298016
9789380298412
9789380381503
9789380386263
9789380618166
9789380856056
9789382609858
9789385462214
9789386070883
9789386418364
9789387284494
9789393405173
9788126425259
9788184673142
9788123929019
9788126701995
9788170163190
9789380607399
9789385915130
9789386827982
9789388178860
9789389185911
9789389185928
9789389239034
9789389688061
9788173716140
9783826333774
9788178690421
9780312498146
9781241410049
9788123434650
9788128016158
9789351646907
9789352441013
9788121929424
9788194867630
9789384588519
9789385909078
9789385909276
9789385909559
9789386479112
9789386768070
9788123728353
9788124801796
9788126308859
9788126314539
9788131250242
9788131953099
9788170601593
9788180561535
9788188018697
9788188225842
9789351107965
9789381325087
9789381325353
9788123926469
9788129113931
9788178271811
9789381630068
9789388127271
9788126031344
9788126436613
9788170286257
9788171784950
9788177691160
9788193026021
9789352440917
9789364527309
9788171888108
9788173199639
9788180140389
9788185938936
9788186308363
9789380578217
9789381162910
9789352440283
9788125940593
9788190613019
9789380631554
9780241661505
9780439531252
9788172867799
9788184820454
9788184821659
9788123430133
9788123905402
9788129507679
9788170284536
9788170284796
9788170664376
9788170841388
9788178986975
9788183453042
9788184193046
9788185063959
9788189912970
9788189945046
9788192026381
9789350176221
9789352440764
9789380072074
9789385104855
9789388631259
9789388860505
9789389802559
9788123905013
9788123906034
9788123906997
9788123910994
9788123911595
9788123912189
9788123916804
9788171885954
9788171886661
9788189110352
9789352700486
9789354668630
9789381320006
9789384588007
9789386217646
9789386478238
9789386478337
9789388725644
9788184894073
9789350358115
9789382332022
9789383073184
9789392234583
9788122307627
9788122308402
9788170110163
9788173862335
9789381209394
9789390183777
9789355270313
9788123909028
9788180940781
9789354661013
9788122431452
9788125925323
9788125927969
9788125939467
9788173814310
9788184872033
9788185336671
9788190454643
9789380856261
9789386223289
9789386310644
9788121616577
9788126912476
9788175545410
9789389538793
9788195196128
9788123403915
9788128012457
9788171305223
9788194867692
9789382332138
9789384588236
9789385909641
9789390620579
9788120805460
9788121901024
9788178000411
9788180545610
9788187134039
9788120841529
9788131217344
9788172701222
9789381458136
9789385054266
9788184894264
9789380250434
9789380250786
9789388327510
9789392379239
9788120343566
9788120344549
9788121916684
9788121923132
9788121929400
9788121929462
9788121935517
9788122436112
9788125909897
9788125916635
9788125918660
9788127242626
9788127248604
9788173190377
9788173197581
9788173198083
9788180141683
9788180142062
9788184046694
9788184870459
9788189798635
9789327227970
9789327240351
9789351382751
9789351646884
9789380027227
9789381141519
9789385750786
9789386237996
9788194242048
9789386274854
9789387192317
9789387333000
9789390183838
9788121618656
9788121618717
9788123915852
9788176210577
9788188479269
9789386478115
9789387085992
9788123907383
9788123908571
9788123910437
9788123913629
9788123916293
9788123916309
9788123918105
9788123919065
9788123924373
9788123928302
9789385915222
9789386310620
9789386827678
9789389396348
9789381162415
9781591950615
9788126423637
9788126708468
9788128020407
9788130902333
9788130903026
9788170281757
9788180522048
9788183681322
9788184485783
9788185425184
9788189757526
9788191082159
9789327221688
9789350140550
9789350143285
9789350145753
9789352027217
9789381714584
9789384007409
9789384007836
9788189401214
9781445155944
9788123769769
9788131911235
9788131932308
9788171240234
9788171640799
9788171641420
9788185301044
9788186004081
9788186339749
9788192555720
9789380009483
9789385160516
9788123434643
9788126019434
9788131233207
9788172336912
9788177203028
9788193059067
9789381095669
9789381714027
9789382648024
9789386173294
9780070125346
9788125917151
9788184893908
9788189866471
9789380856049
9789384588243
9789386084033
9788180520556
9788188575152
9788188575886
9789350464854
9789381319604
9788171243709
9788173194153
9780852061879
9788120409378
9788120417984
9788123900704
9788123905136
9788123907598
9788123908090
9788123911991
9788123914022
9788123920726
9788123926643
9788123928395
9788197750052
9789382648901
9789385915550
9789386310637
9789386478061
9789388527668
9789388527811
9789389261851
9789389688030
9789389688085
9789390619474
9789390709243
9780135947302
9788121925402
9788126315253
9788170520412
9788171859177
9788187067726
9789385998829
9781884550744
9788119364237
9788120347533
9788120351882
9788124302996
9788176559713
9788194979630
9789350501016
9789354437670
9789386274311
9789387192850
9789389347234
9789391818753
9789391818975
9788123914916
9788123918662
9788188237418
9789353450755
9789354402258
9789386768506
9789386768841
9789389867220
9788122415131
9788182815612
9788184872088
9788195237241
9789380298047
9788171799381
9789380386539
9788123923161
9789350001318
9789381141199
9789386217554
9788123440842
9789391818265
9788176710657
9788177091878
9788129109927
9788170963080
9788178000916
9788178001166
9788183330480
9788183876162
9788188458172
9788189757786
9788190738606
9789350140383
9789350142936
9789350143049
9789350145005
9789350358375
9789351611547
9789351611936
9789352535293
