9789352501755
9789077644102
9788184485141
9789351522065
9789356960947
9789383305735
9789385999994
9788123910178
9789356965362
9788184870640
9788184486926
9789351524151
9789382661115
9788184120813
9789351521426
9788180385780
9789386478320
9789350258897
9788184489057
9788187197171
9788180613630
9788176492386
9780470033333
9789389565935
9789351529682
9789351525264
9788173198151
9789327262650
9789352705696
9788172334222
9789350909720
9788183712026
9780470023907
9789352708451
9788932471631
9780190636937
9788122425918
9789351527398
9788184488098
9789351524540
9788184886450
9789350843413
9788122426687
9789351521587
9789354653537
9788123917344
9788184488401
9789351524007
9789350252062
9789389587890
9788131220719
9789380250670
9788183600163
9788130912240
9789356961036
9780127347608
9789086862238
9788170355946
9789352706846
9789325298767
9788121901321
9788122418644
9788894155907
9789462656338
9789350903506
9788181289353
9788188826254
9788175541092
9789349562301
9789351523321
9789380578965
9788184487275
9788180613708
9789354658679
9789356960756
9789352705504
9789380199559
9789352705283
9788172335564
9788122436709
9788192107509
9789366167473
9788181287724
9788123916460
9788123913445
9789389587364
9789388548533
9789380350257
9788183712323
9789400765481
9789380350318
9788126120024
9788173191367
9788181710475
9788130901794
9788130912318
9788180611995
9780143335733
9789350356890
9789352700721
9789876120364
9789390211494
9789352702374
9789390175123
9789354658686
9780978891428
9789352023554
9788183333795
9788173192562
9788121929899
9788184486308
9788132227205
9788184484496
9781941235126
9788121917049
9788122436020
9780713993127
9788180618802
9789386261793
9780736044929
9781595690401
9781925017618
9788170294580
9789386150318
9788125053446
9788184485998
9788132213406
9788175349872
9789381141328
9788120343245
9781499675313
9780857367471
9788176481304
9789352705085
9789349562059
9788184482157
9781901176865
9789348642233
9781889539058
9780007171163
9788187374244
9788126905485
9780955756931
9788187328988
9788181580535
9788123916347
9789389211696
9789352500055
9788180521133
9780874347838
9788891646910
9788180618093
9789352702886
9789352601691
9788885486416
9788120343047
9789352708017
9788378860006
9780522849592
9789626344392
9789868546585
9789358876550
9781591855088
9788184484175
9780199238439
9789388958981
9788178000800
9788180619182
9789366162232
9780486807188
9781595660244
9789354656132
9780470226636
9788851405816
9780761933304
9781845570316
9789380156569
9788184485837
9781850323341
9789351243380
9788122404241
9783827416575
9788122402964
9789352709823
9781776560486
9789350904268
9788885486522
9781902806044
9789350251218
9789086861408
9781600582417
9788170591276
9788184486414
9788123920399
9789004355811
9788172252137
9788478130450
9788121908450
9780442266356
9788184489965
9788173192371
9780954630065
9789401050074
9788181479884
9788121920568
9780820351810
9788850330560
9788178840727
9780071474566
9783869844701
9789352500468
9788131252550
9788493639754
9788189866969
9780207181870
9788174453365
9789368084648
9781602551220
9789393330093
9781921888601
9788188237524
9789390595549
9780252069307
9781936274277
9781591793540
9781868147748
9788189866075
9788170293361
9780575129306
9788847028340
9789385909788
9781843822028
9780333305645
9789383692477
9780470848999
9780761997887
9781575863450
9788885486478
9788170212980
9789385084003
9788172339364
9788177080131
9788185425412
9789352501298
9789354650574
9788170419006
9788173915529
9788180611711
9788173712975
9788121507523
9788195400959
9788185182537
9788184489026
9788120614956
9780241567388
9788173192609
9788131300541
9788176298551
9788176465267
9788188661725
9788188867677
9789569441394
9788124108727
9788120332515
9788176620307
9789350906408
9780991541836
9788176298124
9789500274395
9789675062384
9788176292474
9788176292566
9788176294249
9788176295536
9788123919263
9788185119601
9789388822213
9788170296683
9788120604445
9788120605459
9788972839842
9788176566056
9788177229943
9788176290845
9788176290937
9788182744370
9789380601311
9789350253854
9788180616129
9780471671718
9788120831575
9788121612012
9788170490852
9788185054681
9789382299967
9788173870309
9788173871795
9788173040306
9789077256138
9788886208512
9788185936116
9788121511988
9788121402316
9788176258593
9788176294874
9788176568883
9788181581297
9788187966784
9788174731029
9788121401173
9788129103093
9788129113030
9788129115638
9788170491149
9788176210232
9788180615887
9788176566155
9789351104711
9788173871252
9788176292054
9788176296175
9788176464116
9788187661245
9788121503242
9788121930338
9789351865377
9788184484328
9788184043013
9789839154702
9781846820625
9789382332527
9788184484120
9789352295722
9788173870842
9788175741195
9780156060844
9789390742127
9788174464149
9788893914291
9788176258135
9788125024750
9788171003679
9788171003709
9788176294065
9788176298094
9789839154368
9788171548552
9788126913473
9788182741737
9788187374060
9788170249948
9780486837215
9789839154580
9780713487701
9788170247395
9788182208643
9789380026930
9781871187182
9783844804058
9788184891393
9788187226666
9788185067926
9788177080995
9789352705177
9788171324170
9788176293532
9788185182551
9788176253222
9789332864610
9788174362599
9788170339861
9788174466044
9788176256186
9788176291927
9782831700472
9788125030096
9788181914644
9788176295499
9788184481440
9789350256312
9789385085062
9788176258005
9781903855218
9788187226567
9788187226642
9788176291569
9788176292917
9788173719158
9788182203518
9788183292931
9781846648366
9788171320240
9788173191022
9789380274140
9788184485899
9788170205005
9788178241661
9789354659461
9788170997047
9789384363130
9789402405712
9788492452118
9781855069831
9788188569267
9788176259255
9788176299831
9788176291798
9788126908660
9780867193145
9788171003723
9788120818279
9788129115867
9788173045332
9788182473010
9788182901322
9788192063904
9780195676549
9788870512090
9788121510349
9789385915871
9781585970360
9788181520845
9789351439653
9789707182127
9788420657288
9788494118227
9789354658921
9788171825110
9788180522734
9789352870844
9789352701995
9789395116145
9788184486858
9788185860626
9789389188769
9788124114629
9789351523260
9788184651126
9788173915352
9788184500035
9788129110022
9788131251676
9780300176872
9789386056979
9788184485974
9789348642929
9789354081736
9788179936580
9788190661041
9780375851407
9789384588946
9788184486032
9788184121513
9788184489088
9788125060901
9788176292122
9788176299480
9788174764430
9780974853413
9788185753836
9788120618572
9788121504393
9789356967144
9789381574898
9788170082477
9788176258302
9780912912110
9788184483154
9788172157319
9788172338688
9788131401712
9788188043552
9789356962590
9789356962934
9789350253458
9781844768172
9788183295932
9789382740681
9788182472457
9789354656576
9788189942861
9788125036807
9788494848940
9789356966109
9789356969483
9788184483727
9788188661107
9788860993885
9789086862764
9788125028697
9788172339333
9788182902121
9788182900394
9788182903128
9788183295949
9789380033143
9788121911993
9789388971003
9788193048825
9788185860909
9781530060399
9788129103352
9780670078318
9788189652203
9788176569064
9780761994671
9789382059912
9789366165066
9789681905378
9788175415829
9789366161563
9788170950240
9781898563686
9788178690605
9788172337322
9789626344002
9788862403627
9788171220977
9789351525387
9788131220917
9781492991083
9789351528548
9788123910000
9788123916422
9788448819767
9780439485944
9788183332583
9788181288837
9789048128709
9788870787467
9789356960503
9788323349303
9789386506139
9788123906478
9782855391380
9789350906651
9788170295501
9788123914503
9783631388853
9788120618565
9781413765922
9788189942502
9789380239002
9789380239156
9788184489545
9789382178033
9789351131212
9788182203365
9781864650440
9788183212236
9788184487541
9780312586744
9788193750193
9788172332334
9788173913969
9780141197333
9788183210096
9789383692743
9788871104683
9788477205999
9783037781227
9780415382557
9789395116046
9788173917561
9781905437955
9788496921207
9788122431193
9788173100499
9788188689538
9788888302867
9788854406612
9788183298391
9789059941175
9788170297192
9788184650129
9780861637720
9781846825316
9781978032576
9788484328568
9788170350842
9789462390454
9788859818588
9780825472930
9788192473352
9788176240390
9788131220900
9788123907994
9788176113700
9788857901084
9788184121667
9788449311215
9788177691856
9788172334673
9780230741249
9781543953466
9788120604575
9781571895752
9788869446566
9788890251177
9789382460190
9788195821099
9788195580477
9788120618596
9788183456241
9781921401220
9788176566742
9788193547274
9781849154338
9788183210980
9788173669002
9788183331784
9788185931890
9781844224715
9788120618619
9788183615617
9788126100545
9788126137756
9789380239927
9780670999002
9789747315462
9788180940422
9789380852119
9788182900899
9788120310056
9789383419982
9780133825725
9780312565848
9788121921886
9789501522297
9788188689545
9780916308179
9788129118318
9780130714763
9788188237715
9781845928049
9788174367617
9780139085918
9788869730023
9781876367855
9781934903254
9789388971034
9789388971072
9788122306590
9781568227580
9788126127542
9788194466819
9788170209867
9780233975863
9788123925837
9788188043095
9781444151039
9789348107190
9789349888333
9789350257227
9788179928370
9788174462428
9789386056870
9780794502713
9781424004775
9789356962040
9789380658575
9781604078015
9788180300356
9788174732224
9788123910536
9788123919607
9788176565493
9789626349229
9781412920148
9788186030431
9780007180134
9788122406993
9788183230360
9781848720251
9789353270322
9782902776566
9788174969828
9788178791340
9788189859251
9780439968591
9788389450456
9780782141245
9789505123612
9781569716786
9780241554685
9788188867714
9788184483826
9788189986001
9789380428208
9780471202011
9789350250761
9788171549856
9788869230240
9788888389790
9783830116585
9789384337780
9789993270560
9789402402100
9788131305447
9788182903043
9781860581243
9788177557053
9788177557138
9788484325192
9789361319914
9781119110668
9788176567176
9788172333430
9789380428529
9789384082604
9789389211924
9788180943447
9789386530189
9780470068199
9788176467766
9789350500729
9789350501726
9789350501887
9789350502105
9789350502150
9789350502341
9781847921550
9788180940637
9781478781080
9789400789913
9780672324116
9788128800856
9781420092004
9788176565363
9788176466714
9789350502044
9788188575008
9780448480190
9788896092026
9789390595778
9789463722124
9781420090888
9781444768169
9788192047508
9789348107602
9788183298001
9788125029939
9788176755504
9789386150721
9781875739981
9783764359904
9789626348871
9788183243445
9782080305541
9788178815275
9788120819627
9788183210126
9789356967069
9789686445619
9788121930963
9788177551020
9788859004172
9786071616098
9788170357872
9789354655586
9789384337339
9789350501702
9789380852256
9788183305525
9789350903599
9789383096046
9789556650310
9788170295198
9788182206267
9788126110285
9788126127603
9788188641871
9789351395324
9789356963788
9781138010666
9789381605486
9789350502037
9788192665498
9789391419424
9788179776377
9788179652350
9780333586051
9788123919638
9788131251614
9788181283719
9780199545360
9788184485363
9788875416034
9780241530498
9780199468409
9788128020506
9789382585190
9788171773510
9788449315220
9789348107954
9788185771502
9788183700924
9789385436925
9788126103027
9781442279896
9788184000115
9789350500989
9789350501207
9789350501993
9788187549666
9780340907429
9788193208519
9789351108344
9789384588380
9780723408796
9788181581624
9788188237999
9789386643681
9789349888272
9781949859409
9788869441370
9788184482645
9788477828976
9789350500255
9789629960766
9788178562483
9788121923330
9788170291664
9788895565019
9780805895834
9781452112374
9789350500545
9789350502365
9789350502761
9788183210058
9788185680088
9781857442748
9789383692453
9789380855028
9788171414215
9788174368782
9788870756920
9781481316736
9788180611094
9781422101179
9789350502099
9788187981640
9788194243809
9781137349743
9780199683598
9788184489415
9789556652017
9780521630726
9788176258760
9781842173947
9788183292986
9788193626023
9788189652760
9781783530199
9788189526429
9788189942113
9788180615092
9788863182941
9780199549146
9788122308549
9788483103593
9788128022289
9789380179377
9788183211772
9789351611561
9788128020353
9788171676255
9788180940279
9780815167372
9788180300752
9789350710456
9780901573582
9781731807014
9789351436065
9789380350097
9781842751015
9788181583109
9788123916019
9788123916026
9788123923062
9788123929057
9788123929156
9788123929217
9788181289094
9788184890990
9788184891034
9788184891072
9788184891119
9788184891126
9788182902237
9788433974594
9789380179476
9789385436765
9788176465885
