9781138607347
9781845841348
9789384588359
9789383252947
9789333223676
9789381907412
9788131802861
9788131807439
9788174533241
9788180280313
9788180280337
9788180280382
9788180900983
9788180940064
9789380386942
9789380856292
9780761994190
9788171413768
9788176465731
9788180521935
9788185229058
9781530755233
9788173717284
9788126727506
9780333904749
9781408845745
9788125027409
9788170462828
9788190935043
9788178270005
9781853118197
9789333223645
9788120344754
9788131809211
9788174532183
9788178440514
9788178541785
9788183552790
9788185616780
9788188446056
9789387578418
9789506414443
9788126714858
9788176464543
9788176465151
9788178311814
9788186565452
9788189110413
9789390620197
9780632056965
9788129111852
9781842158791
9788120328976
9789382396352
9789333221726
9788496627208
9789333223614
9788126318667
9788131802830
9788173159046
9788188267736
9789350484340
9789351864981
9789380550954
9789390789214
9788126102440
9789382396659
9788182811140
9788126915484
9789994678815
9789350564042
9788492691258
9788419224774
9789385433382
9788171419258
9780195687767
9788120746985
9788131804339
9788131806234
9788170233114
9789386486158
9789937594103
9780470294208
9788176461696
9788189359614
9788480214285
9789386530936
9788120719767
9788126711352
9788126719068
9788126722082
9788170088080
9788170200307
9788170201540
9788170222392
9788170225201
9788170228820
9788170307396
9788170418986
9788171196630
9788171546527
9788171724468
9788174876522
9788174877413
9788176299251
9788177142471
9788177143416
9788179755198
9788180317675
9788180690587
9788180690792
9788180692321
9788180694783
9788180695087
9788181292926
9788181296207
9788182680104
9788182681224
9788183618977
9788186565513
9788187380580
9788191062168
9788191062175
9789352210190
9789380710228
9789381067451
9789381582800
9789382775089
9789383894727
9789386228161
9789390971169
9789390971831
9789390971909
9789391186593
9780857233745
9788189884673
9789391446215
9788125010807
9788125026402
9788126340514
9788131806128
9788184353839
9789389530247
9789993343486
9788171887057
9788174369055
9788176465915
9788176466875
9789350500538
9789390477463
9788171696253
9788180318450
9788422019473
9789353282431
9788467737684
9788179860755
9788179860991
9788180313554
9788180314162
9788124115596
9788131802762
9788131803141
9788131805916
9788178298863
9788183615624
9788185119618
9788189110345
9789350501313
9789350642320
9789380601861
9789380852355
9789387192386
9789387192805
9780764540622
9788172866822
9781620819791
9789384027742
9788170186588
9788176461122
9788176463485
9788177022889
9788186562413
9788187644040
9788188381524
9788189110109
9788171419036
9780789901415
9781786943514
9788120345959
9788130912813
9788131803967
9788172701192
9788173664434
9788179916599
9788180317323
9789380283531
9789383252541
9789383260171
9789993352204
9789351524847
9788184871241
9780825410956
9780190072162
9780197558812
9780345097996
9780750301527
9789333223683
9780745962191
9788426362285
9789350481165
9789356110311
9788192898476
9780852268520
9781909673861
9789352705436
9788182991071
9789333220842
9788170843122
9788171396719
9788173803888
9781403923653
9781403923660
9788121511247
9788172361136
9788185102887
9788186653319
9789381209080
9789385274565
9788180313325
9788131264317
9788496627277
9789351710455
9789382396215
9780198564331
9781685637026
9788120331266
9788120340138
9788123750378
9788125921578
9788129113757
9788131806227
9788171243433
9788179934586
9788171798063
9781941538067
9788170552499
9788173045141
9788174532909
9788180692505
9789383725984
9788416972005
9789706667076
9788128025051
9788176463355
9788184200713
9789390490974
9780748406548
9781405154826
9781851683604
9781898486299
9788120310490
9788120348202
9788121504775
9788121511605
9788125002734
9788131803882
9788172702434
9788173043444
9788181283887
9788185119663
9788189059361
9789381141984
9789386863539
9789389368093
9788492452033
9788416613274
9788180040436
9788123779133
9788123913759
9788131802571
9788131802878
9788131804643
9788131805084
9788131805701
9788408221296
9789381325292
9788120348950
9788170183174
9788176461719
9788176465748
9789387192744
9788176467698
9780070472686
9788120343894
9788120347045
9788131257715
9788131805107
9788170351450
9788170351795
9788170352563
9788178240541
9788178241975
9788178243702
9788184302820
9788185167008
9789350485361
9789356182943
9789384385002
9788494030109
9789380574516
9781892295248
9788184823523
9788171102273
9788120308480
9788120336070
9788120340688
9788178241111
9788178242484
9780745960456
9788447223558
9780528880520
9782278060788
9781427796691
9788498259421
9789348418357
9788129117618
9788171887811
9788176465502
9788176466585
9788180613340
9788183243803
9788185475813
9788188837434
9788189981396
9781538006559
9783403208945
9788122435351
9788174877864
9788177146035
9788180312038
9788188459018
9789393603456
9780230323988
9788120339224
9788121920957
9788124101735
9788131802854
9788131803127
9788131803158
9788131805909
9788131806067
9788173710438
9788175224308
9788175740785
9788179930892
9788185040356
9788185952758
9788192061528
9789352136315
9788126719716
9788176464253
9788183244275
9788188257270
9788193639962
9780749950026
9780071077880
9783525404010
9780408106597
9789357604154
9788131804360
9788131804650
9788176114622
9788185396231
9789362619693
9780141036632
9780811842969
9788176466912
9780444516930
9781510419056
9788120347250
9788121923101
9788131802793
9788131803868
9788131808467
9788170995814
9788172110499
9788172111823
9788173815041
9789390891306
9789362055347
9781930709621
9788128000027
9788496585317
9780070669017
9780230329515
9788120842816
9788123906294
9788170188148
9781240930524
9781241793401
9780863113130
9788120352667
9788121930918
9788131802755
9788131805237
9788131809716
9788131809723
9788131809730
9788131809747
9788131809754
9788131809761
9788175363205
9788183306751
9788477209034
9789360136628
9789381714546
9789382618805
9789384248710
9788180381324
9789357992602
9780825417719
9788412000139
9788431315573
9780863180507
9788185680293
9788186562789
9781241431006
9781403923646
9788120335929
9788126041329
9788126710010
9788171106448
9788171856800
9788182963948
9788185419596
9781422229057
9781592170692
9789707184992
9780781719674
9788478087723
9780198062295
9789385783586
9780199477661
9788119218806
9788120305724
9788120324435
9788120335189
9788120351820
9788121507783
9788121911009
9788122425741
9788125011668
9788131807989
9788172112769
9788174531995
9788182092020
9788185094526
9788185179544
9788186050989
9788186791035
9788186791219
9789350941065
9789352031726
9789352031740
9789356811058
9789384266028
9788466646895
9788180388576
9788126001682
9788193328484
9789388280716
9780670088126
9781408100783
9789351526452
9780850789744
9789380456706
9788123920511
9788193775288
9780198066644
9780201067408
9780230328853
9781848106918
9788180280177
9788185753621
9788483539941
9789380578040
9789382460725
9780706911282
9781636512938
9788171106738
9780192857996
9789355154071
9788193366974
9781241542238
9788120336834
9788121941532
9788131806166
9788181478498
9788185094243
9788185396064
9780971556010
9781789535549
9788170994046
9788172111427
9789325963931
9789356521308
9788179750209
9788180317071
9789380228914
9780198064220
9781241517649
9788176258371
9789357552783
9781241498214
9789386629814
9788483534236
9780861318919
9781241560522
9781439807248
9788120341876
9788122403213
9788122432299
9788122436105
9788125062738
9788126903160
9788170992066
9788172110369
9788172110413
9788172110468
9788172111748
9788172330415
9788172330439
9788175432543
9788179860090
9788179930014
9788179931073
9788179931295
9788187498155
9789381325407
9798885831772
9788425415593
9789390588879
9788120345423
9781588294852
9789067643283
9780713673234
9788177227574
9788125042211
9789356811942
9789368682875
9789389872828
9789380607382
9789392145261
9789389633085
9780198062462
9780198072089
9780878135790
9781905200559
9788122401257
9789357552714
9780786656561
9780883869000
9788186511008
9788187134497
9789389971613
9788170990093
9780333924082
9780333924099
9780706960976
9780706976212
9780893892746
9788120309296
9788120337107
9788120777880
9788131507544
9788131809204
9788173717192
9788173814624
9788173818004
9788183334730
9788185015552
9788194735076
9789311127613
9781241227876
9780071077743
9783861335917
9780197693261
9788126710775
9788171695874
9788173195587
9789380574806
9789389937060
9788497428590
9781907025716
9788498521702
9788183333634
9789388028080
9788447212361
9789389845006
9780815196167
9789333223447
9788126526499
9780723264989
9781492323891
9788131711729
9789382688907
9788180940873
9780387949871
9788121906265
9788121941945
9788131808115
9788172111816
9788172330354
9788183212113
9788183245784
9788186050415
9789382258094
9789937524407
9788823016309
9788120335691
9788491643999
9783540230908
9788181930286
9789364681537
9780545668866
9780340812938
9780340812952
9788120341067
9788122402858
9788125024972
9788131803653
9788131808269
9788171020706
9788172111724
9788172330255
9788174530585
9788178440484
9788183558648
9788185094151
9788190208673
9788119962167
9781241139247
9789325298651
9780973872736
9788123916132
9780853122418
9780195686326
9780195687088
9780749413101
9788120340879
9788120417212
9788121904629
9788122407501
9788122409031
9788122415216
9788122431360
9788125024958
9788125041047
9788131801390
9788170089391
9788171696703
9788172701741
9788179931578
9788184540949
9788189059323
9789333221931
9789350043127
9789937330152
9781241381202
9781241582982
9781241237455
9789357558440
9781843544753
9788170998730
9788415603023
9780857420374
9781241217815
9781241745745
9781420061314
9788120331174
9788120341845
9788120351752
9788170404446
9788170995883
9788171170975
9788173712593
9788181282286
9788187358114
9788189076801
9789384168469
9789386042279
9789937524322
9780198845621
9788129115294
9789386629838
9789386629845
9789353945251
9781410108623
9789694023229
9780715326534
9788120314467
9788120346642
9788125018735
9788173712968
9789387472778
9780750303385
9788197189890
9780091929275
9789395761376
9788498620122
9780333926581
9788120334830
9788120345942
9788120351660
9788121904032
9788122440522
9788171321209
9788172111380
9788172331726
9788172702021
9788178557694
9788179930038
9788179930427
9789382396291
9789388019194
9789388019200
9789395101387
9788494463112
9788170999089
9789371600316
9781646912292
9781550713114
9783834641977
9788170742388
9789355263315
9780761344254
9788125006435
9788186030912
9788188237289
9789211013931
9780470371442
9781241024482
9781846250897
9781419552205
9788131713235
9788120334359
9788121509763
9788131215166
9788131803875
9788173910494
9788184048827
9788185444352
9789325298675
9789350287231
9789368349815
9789385593048
9781570624605
9781240919161
9781240922659
9781241234676
9781241490942
9788170992165
9788171171491
9788173917349
9788192445755
9789385593185
9781241600242
9788126512614
9780600629771
9780060440657
9788123929750
9788181894748
9789395624435
9788171320509
9789351199311
9789326191708
9789380607184
9780198076964
9781241156626
9781241201098
9781241490386
9781241501624
9781838281106
9781853757419
9780863113772
9788120340831
9788121909358
9788122428391
9788170233503
9788171565825
9788179930212
9788179933251
9788185094410
9789327239232
9789351443438
9789380550466
9789380550688
9789380864303
9789382460497
9789693502947
9781406822793
9781906210182
9788494059230
9789386446176
9788447219643
9788823021105
9780470850480
9788494930584
9788477524878
9786050827637
9788498426458
9783131461414
9788417720315
9788416613915
9788468303888
9789937826686
9788424178802
9788424178833
9789350254042
9781241494650
9789948390510
9788874392032
9781241327309
9781241529031
9781241703226
9781241768621
9780702006647
9789558156186
9781587789786
9781241104566
9781241420550
9780874477870
9780312500177
9781467908276
9781581826340
9781563633652
9788428397445
9780992765491
9781241760373
9781514385289
9781946633262
9781241160807
9781241550585
9781240907977
9781241478735
9781241693596
9781240873647
9781241493752
9788486387150
9781241032739
9781241043216
9781241139186
9781874400646
9789937267786
9780359159109
9788491020011
9788418093692
9780713676822
9781406204315
9788418975585
9788496082434
9781484244197
9788492528783
9780753510773
9788416613366
9788489552128
9788413790077
9780825424755
9780197750704
9788486083632
9780829745078
9781847302694
9788494847165
9780857423412
9788497941570
9788416690855
9783940417244
9788498886573
9788499304564
9781934941546
9788416286089
9780199298044
9788483539460
9780965791120
9781908213655
9780643051560
9783966240109
9788497478601
9781409943600
9781854143730
9781890181017
9788498523492
9788496987425
