9781432769109
9781432773618
9781434459947
9781439243046
9781448311750
9788170211525
9788171209354
9788178122922
9788178122946
9788180562716
9788180564383
9788185301310
9788185843100
9788186219386
9780001063129
9780849754104
9780849798979
9780849799068
9780853184270
9780856460692
9780856461798
9780856462634
9780857364982
9780857366979
9780857367006
9780857367242
9780857508416
9780857831286
9780874860443
9780892134861
9780906630471
9780907521617
9780907738374
9780948833526
9780952357773
9780953025107
9780954063986
9780954124229
9780956211200
9780956656438
9780957213487
9780963653598
9780977297405
9780978177430
9780978258542
9780978942502
9780993940132
9780993940163
9780994488695
9781005624507
9781398413719
9781398473270
9781398479333
9781398495326
9781404119857
9781407116327
9781408355398
9781408355435
9781408368459
9781408368466
9781409325956
9781409342342
9781409369752
9781409369769
9781409369776
9781409369783
9781418886172
9781423400141
9781423413899
9781423414506
9781423417323
9781423429456
9781423429494
9781423434900
9781423438496
9781423442073
9781423446293
9781423457442
9781423457466
9781423457473
9781423457480
9781423457497
9781423463221
9781423475941
9781423486374
9781423486381
9781423486404
9781423486411
9781423486428
9781423486442
9781423493617
9781423494591
9781423494638
9781431424399
9781431425228
9781445409801
9781446316931
9788125033523
9788125053606
9788170521846
9788178120751
9788184100532
9788187077152
9789311126890
9789382618300
9780330442565
9789351038696
9789352752140
9789381398739
9789381431641
9789381431771
9781582791128
9788184779912
9789351032267
9789351038177
9789351039853
9789352755134
9789381017272
9789386313249
9788125030393
9788178122045
9789352870868
9780001063709
9780853186076
9780859678025
9788121926416
9788125030386
9788125033509
9788131808986
9788131910139
9788170593737
9788178551562
9788181374875
9788182881372
9788182965416
9788187077220
9789351213185
9788181379160
9788184773934
9788121616744
9788125008286
9788170211174
9788170551560
9788170552987
9788170556497
9788175054561
9788177392524
9788178120270
9788178122786
9788178692524
9789385874819
9789393304506
9798170218028
9788125025610
9788170555926
9788178123219
9789393304377
9788121615471
9781009810203
9781423414476
9788120723467
9788122201567
9788122204940
9788122309454
9788125022664
9788125025597
9788125025603
