9789357437271
9789380444543
9789393304964
9788129104830
9788129118851
9788184721669
9789353526924
9788125030379
9788170552109
9788170553038
9788170553175
9788170556015
9788170556541
9788190511230
9789361033773
9789393304902
9788121619615
9788121619622
9788121619639
9788121619646
9788121619905
9788122203424
9788122203974
9788122306958
9788125013549
9788131808658
9788131909911
9788131911044
9788170521051
9788170521877
9788170522386
9788170557487
9788171104024
9788175971912
9788176936064
9788176936071
9788178120508
9788178121185
9788178121710
9788178553467
9788182960329
9788182960411
9788182961135
9788182961159
9788182961166
9788182962682
9788182965379
9788184777925
9788187812395
9788188569908
9788194085676
9789352670062
9789380152011
9789380152035
9789380644219
9789393304209
9789393304216
9789393304230
9780143102243
9788125013815
9788125054764
9788170420231
9788170555810
9788170557036
9788178120454
9788178121109
9788186877555
9780863112584
9780863114618
9780863115080
9780965656962
9780976663041
9780976663089
9780984094981
9781009811767
9781009811866
9781009813259
9781423414452
9781423414490
9781423417781
9781423474999
9781781750230
9788120727502
9788120748675
9788120752733
9788120789203
9788121613781
9788121616256
9788121616393
9788121618601
9788122201291
9788122203226
9788122304510
9788122309218
9788123735429
9788125002420
9788125007555
9788125008156
9788125008194
9788125009368
9788131804827
9788170521723
9788172761011
9788174142931
9788176559164
9788176936453
9788178120171
9788178120522
9788178120706
9788178121079
9788178122137
9788181370938
9788181377418
9788182961531
9788182962194
9788184974591
9788184976274
9788184979428
9788184979497
9789350360927
9789350360934
9789350361016
9789351211730
9789351212157
9789351212218
9789351212225
9789351212317
9789351212331
9789351212409
9789351212430
9789388632041
9789572954195
9781509820849
9788172344016
9781398447776
9781398478671
9781398493971
9781398498044
9781399730846
9781403113122
9781403167972
9781403168146
9781403171733
9781404120518
9781408294352
9781409349303
9781409354383
9781409354390
9781419676376
9781423405306
9781423407812
9781423412601
9781423413486
9781423414483
9781423425625
9781423429609
9781423440536
9781423440567
9781423446316
9781423456834
9781423462927
9781423471271
9781423476474
9781423489870
9781423493631
9781424569854
9781424569861
