9788131931233
9788131934852
9788172762612
9788175970052
9788175971790
9788177395006
9788178552149
9788178554457
9788182881617
9788182962170
9788182965386
9788186877487
9789386379610
9789386561190
9789386561206
9789390744466
9789393304322
9789349166264
9780143101635
9788121610940
9788121616324
9788121618403
9788176559720
9788184770469
9788184770964
9788184772814
9788184774269
9789351030058
9789351031994
9789381017265
9789381431153
9789386041050
9788125022640
9788170553199
9788171870110
9788178120553
9788178121352
9788178121444
9788178121604
9788178121857
9788178122083
9788178122250
9788186877463
9789393304278
9788129118721
9788171673889
9788171679850
9788172345204
9789353528515
9780861319503
9780863113741
9780965656986
9780970208163
9781408062029
9781423475033
9781423483908
9781423493624
9781423494584
9781845570378
9788120758926
9788120777330
9788120777354
9788120783805
9788121610643
9788121612562
9788121616355
9788121617314
9788121617321
9788121619172
9788121619608
9781446728918
9780857111128
9780981526461
9780983058908
9780983322528
9781398423848
9781423473626
9781423476450
9781423498391
9781448313600
9788120746565
9788125012344
9788125014225
9788171819652
9788178625072
9788179506431
9788184353006
9788184979145
9781399091022
9780853182955
9780853185840
9780880531146
9780907594949
9780937276068
9780954790400
9780974505640
9780978686604
9780978686697
9780984023684
9780984948703
9780988926820
9780993164224
9780994014450
9780996996303
9780997904659
9780997995503
9780998553993
9780998753744
9780998900469
9781398444874
9781398713154
9781399933070
9781403188540
9781405991339
9781408732892
9781408736760
9781408749227
9781423414612
9781423414636
9781423425786
9781423464389
9781423476610
9781423477396
9781432767082
9781444753875
9788170522379
9788176762106
9788178125084
9788178233338
9788178693941
9788184850161
9789380536217
9798170217571
9780851629636
9780852391242
9780853181729
9780853185819
9780854022250
9780854957255
9780854957903
9780854957927
9780856461446
9780857506023
9780866905473
9780876128244
9780915008087
9780948877896
9780953745616
9780955741104
9780960064199
9780967170909
9780981584669
9780986119866
9780986431715
9780987533685
9780987627292
9780988375000
9780991209033
9780991475421
9780992704407
9780992839017
9780993855207
9780996405225
9780999066379
9780999291603
9781398406438
9788194719588
