0198912846
0199581126
0198821557
0198875274
0190456639
0198979797
019967843X
019884381X
0199686424
0198813643
0199251762
0198875266
0198723229
0199275246
0198800673
0198725019
0198808402
0267518714
9353272602
7117200812
7040562235
1984679902
7040242346
7117225254
7302013888
7511422136
7122176290
7040547317
7117200367
B0FGXZ8VP3
7040409704
B0F7FK9VMM
7030322460
0216918022
3527288813
0471063770
B07XP75B9K
B082PVK7Q5
1021961175
B0BSGQQJWT
B0BSGQDVQJ
B00BG736V6
8195082688
819345538X
003035546X
B00775TH3M
0632053844
8126517247
B01LY12YDW
037126104X
0321705513
0442221584
0128054638
1118891317
9351645827
0471328456
B0H8ZD9T1N
B096LSLBXT
0471314315
0471192813
0471379174
1138345822
0198803494
0198567413
0198749759
0199681686
0199568413
0199601194
B005NKEERC
B00L4CK0M6
0198524897
0195082826
0199214220
B06WRN89ZW
B0F7GHNW7F
B007CJBYFW
B0HDJN34MW
8185636125
818563680X
8185636702
8185636427
8185636079
8185636141
812151178X
8189963074
8185636729
1565181573
8185636672
8185636559
8189963058
8189963023
818996304X
8185636524
8185636737
818563677X
8185636745
818563629X
8185636346
0195627296
B0FGVK7SV9
812615294X
9388716345
1666888869
0134916212
9350560968
8197214409
101681786X
0632000740
374468945X
B0050X4V9I
0471508616
1428832408
1444641123
1639576738
0412370301
0412008912
0412021315
1104134713
0582301408
0070608431
0195060245
0716702061
0070940533
1110819331
0632063785
0412555506
0716737434
004551058X
0716713764
0367220792
0073661686
B07G4PS64P
0792305574
0470022361
1166478084
8174090355
B0CDTZCNH3
8174092811
9387394131
9387394085
8174091637
9387394026
8189928392
B0FJ2JQL7W
8195207510
8174825274
B08C9QVV6R
B07ZLYLQ7X
B07D9R8SM7
B0BWDZBVWS
938739476X
8193328485
B0BQWKKFXY
193656968X
1936569639
1947148621
1936569590
1936569620
1936569604
1936569612
0946621713
1936569078
1936569574
1936569582
1936569647
1936569345
1936569353
1936569388
1936569159
996085096X
8192884406
1955262624
B01FDRH01G
9358795638
9393766339
B0BWZSGFBL
B07HDS8Z6R
B0FQX5NKVT
0706989430
7811346192
730707981X
7566800639
7536141939
703024740X
0262522470
730120017X
7312032737
7302542112
7560545637
7111493516
7566803212
0749431393
131938286X
0471269441
9352028732
B084Z3ZV1Y
1859417078
184703344X
0314284354
B0FPCR16D5
1905504691
1292216352
1422757943
1138167754
1858362172
0199250049
1636920942
B0C7B1W34B
B09M63K1VF
B0CFZR2W9Z
B0B8NTNZVS
0136717446
819384629X
B0DNTP5QP6
9380231067
0863250602
1292214872
1982233834
1461416345
1618408755
B01KY9DP5I
0521022045
3540643168
0415156270
1885073909
0415458439
B004VSQ99I
B01G0Y38VW
1468601741
0415729211
0230521541
B0GMD8N4VJ
9284201330
3540581332
1133283179
058278414X
7114080735
1556179626
0471176443
1315890755
B08R2FF6M3
B01L9VF9WM
B0GL21H867
B06XC5XGY4
3642681433
0891187944
9024737583
1402004559
0891188002
0080355900
9022008541
0792349946
0792347056
0891188142
0792326318
0792339622
0891188312
1407307800
9024733618
038718841X
0727716379
0792331982
0891188355
0891188169
0891188304
9401041857
9401042241
9401072264
9401055203
3319331132
0792352521
0792321448
B00JETH196
0872625907
1607507773
B09HSNTBYH
9401042047
0727726757
9401083037
B073W5HZ56
0853108072
B091KCZD1P
0792323211
0853106894
9027726132
0853107041
0853104999
0853104786
0851988717
9058090388
9811004145
9811618305
0387507825
B094W4SZ81
044453184X
B08QYKPDWH
3030019403
1607508001
0792310667
3540211217
3319635425
0415620953
9054103655
B00BLPRRGS
1402047266
0306434199
0817625100
9058091864
0853104298
030643721X
B07RXL66MH
B0FLW6GV52
0306419335
072775775X
9811562393
0415476925
085310431X
B000W7X0VC
B00FB9DRU0
9819613701
3211827145
9811504539
9811504490
0415386780
1402082568
3540211225
1851662405
3798510563
9048126967
B00OD4Z7RK
0824789830
9811969973
0415804809
3540649816
981323380X
0415621437
9061916577
3031259882
3642313426
3642311156
140204478X
9819717442
3031193083
331904995X
981971740X
1402055188
B0GGTX1V5N
9819940400
1402061455
9811633851
9054103078
0415475899
9811381801
1032282207
1032416645
3031765273
0792350855
0444871543
0851992900
9054108673
0415482968
9070260972
0853102503
0891188061
9819717396
9819651573
0415604281
9819761743
9819761700
0792335368
3540251359
0784405921
0784405204
1614991987
1607500310
9811551006
3662023504
9819798337
9819564522
0891187987
0853104751
1032409479
0784402590
3642324916
0873716035
0792310586
9061910854
9811947309
0891188029
9251042985
B07NPQ5123
0784408025
4431702814
1573310395
9386070618
9355742770
364267674X
1588293572
3642459897
B01JXPBVV4
B00RV3UZTA
0815158688
1437725562
3030315541
3030168255
3030413748
032350986X
1259026736
0070079773
0071181091
0070110247
B0H1CFQPLP
B00BG6V8BM
1264098529
0071263705
0072416408
0077224876
0256215308
1260091864
0078024021
0070286310
0071117490
0072983949
0072982748
0256119392
0071743871
0073377864
0256123810
0073403296
1259142205
0077356454
0071263330
1259002470
0072424192
1526849755
1259254917
0077157486
0071244611
B08GQH9B8D
125906039X
0071287140
007128575X
B00U21EM38
0071626735
0073121657
007147479X
1265554692
1550091824
0071152342
0071263306
0073023019
1260467473
0071746528
0073346934
007340182X
0073348171
B00RXHVQF6
1119317924
8126548878
1119275865
1118443330
1259687945
0072975415
0072927372
0072435887
0070570450
1260487350
0072959584
0073018651
0070153523
0072506431
0072892463
B007YTRZ6W
007732742X
1259301524
0070152276
0077228499
0072819790
B009SLKDQS
0072480858
0070374368
0077636511
0073403350
0070682186
1259249077
0073104019
0072868287
0072370602
0071472908
0486438988
0070167990
1575241986
0201522535
B0H7P32FM4
1572228709
132918999X
0841617724
0072428600
8180546969
1572226161
0730391868
B0H7NRZXDN
1859418821
1844073084
817274854X
1438740824
1438720203
1438740972
0195677102
8171567312
0198789769
6559778126
1466586036
1509902910
B00QIZV1AE
B0742FVTL2
0198809573
0199692939
B0FF3Q6FRV
019285982X
B0DSLC6LF1
B0FHF7NH93
B0FFZKRCZ4
B0F1YXWJQZ
B0FHF5HKK8
1959203169
B0FJYD6KJX
0195679024
9380096755
B0DXCX2MYB
9386298503
B0H1JG76X9
0761841075
B08242995H
B0F4X45T9L
1784712337
6205519623
B0FFN98SD5
1635492416
8183762492
0406628505
B0CN7GR6DZ
1647260787
1025744128
1783473592
0029070805
0070848661
1035330997
1296042677
B0FJG9PCCL
7500484062
1666871958
7300184510
6202795654
3031326881
B0FFZK9DWG
1035302489
0321070550
1786436728
B0GX368BGT
B0DRDKFJ4Z
B0835ZWV1X
B0GX34197L
B0B9RWWP5W
0415342104
7300193811
7300192041
0130081531
9354792294
0393096890
B0CRS9YWKS
1487550537
B0FFZLC28D
7300178960
0312512449
1852787252
B0FH65Y3PS
B08L16NX3X
B0C29DNGN5
103536526X
1035363577
1781955778
1785362062
B00AE3T6ZS
1789908280
0765639114
B0B69PN22P
1449016669
0333961889
1035329735
B095YMS6TF
1788979001
1789906997
B0D5B9F5F7
B0BBSPKFJ2
041565582X
B0GGC6FWJY
B01G6VYM6E
3662524503
1032902760
1041067372
B0GGX8BF6V
B0DQ84P3SJ
B0FBD5PR29
1800883331
1032027665
1412947987
B0DBFC44QB
B0DXCY681Y
B06WD96ND7
B0F9LQMKG9
1446207595
1800374135
1035302853
B00FL26PVK
B004JHY9G6
3110176122
1446266842
B001UN2WIO
0415214319
1035334089
B07PFXYHCK
1905211325
B008GX5VIY
B0C1X481GL
1015261930
B0FCCYC1KL
1461477344
B0CDM4C8QM
B0GCD4TBRZ
1784712124
1035329522
1466556234
B0DRVQGNKV
1800714211
1138471704
1138473499
0415231876
1138630705
8185616248
B00EUHFH1Q
B00LXFGFUA
1032782978
B0FTG1CR9K
9381066469
1138133787
0195158091
B08KXHSRYW
1032200138
0815374267
B0B69Q9CGZ
0130206156
0128149159
B0B36Q1JR4
0134774833
0582258340
9353287200
1843923378
0415198860
1138779679
0415098882
B01DTOWUYW
1009258435
1107152631
0534553435
0333323017
1305639030
B0GDQYFCKC
1538112701
156793580X
1405858486
9811954062
1017487596
0367718677
9380833563
B00HEZZH9I
0091313511
B0BVWJX8F5
B0CMQDYP8F
1483359468
B0FFNC7Q3G
0415378192
0275924033
0133538893
0763729531
B0GDX3B9SJ
1022475568
0415260434
8185495947
1436722829
1612051634
B09QY271RD
B01DRXLKDM
0750643897
B0D8B24641
1843114356
0409900966
B0D3R3VC4D
0367098768
1071809164
B07Z74KZP1
1111540306
1420084208
1418012890
1483382869
0819165050
1608718425
0631223266
3540887806
0792394615
3540541020
3031005422
9811343276
1447160525
3031916581
1489952918
3031988671
3031997271
3540705511
3319660462
9811922950
3031180321
9401026106
3662016478
3642085660
3030889106
3031423747
9401165467
3031112970
3540132465
3031648609
3540408150
3642043100
1468441442
364207958X
1461290082
3540658483
3642183387
3319803425
3030876624
3642642950
3319812998
981962519X
1489913246
3030398692
3642085148
3662149915
331903328X
3642084060
3642058388
3662387948
9811012245
366243623X
3662148579
3642262961
364210777X
3662147815
3642446906
0306456826
9811019193
3642066127
9811355851
3642077757
3032342694
B079N9JK6S
9400972563
3031628977
3662569884
3540436308
3540220321
3319553178
B00F7589S8
981134745X
3540403795
3642075983
3642075347
9811342466
3319383213
3030085910
3642287255
3540666877
9811505780
331979535X
3540229574
B0FDV1871Y
3031111524
3642427146
9401796114
3642023053
B0F25ZLVD7
B00FB4D9VM
3642266371
B00I0R9Q8M
B01KPR48LO
B012F164Q0
3030059731
B00FAYW9PU
B084TZX4MV
B00192T69O
3540691421
B07L72N55Z
B000VYLNOC
B00FC9GFPS
3031572696
9811527342
B0DVP8JYCC
3319524305
146146515X
9811351716
B00HWUQZ7I
3032046327
9811090904
3319777564
364243617X
1461442761
303096583X
0387980601
9819553342
3319797832
3031355741
9401774730
3319125311
9819682207
3031353412
1402084560
9819653797
9819685931
3031329295
3032240328
3031642716
3642261744
3642822649
3642256139
3319660470
3030429423
3030325288
147579648X
1402004176
3642350429
3540731873
3540695613
3030803376
3030344231
3319861476
3319282514
1402011849
3642326412
1468466224
331973590X
9811941300
3540241108
0306415992
9811042764
3642168868
9811381208
9811097186
9400728719
3709119154
3642647731
3319084607
3319052446
3319012339
3030293394
1468438654
1461358965
1402084404
1402047924
B00A9YFUOS
B000VHVF5G
3031886933
3662149532
331937091X
3642149944
3319889885
303180273X
3662149931
3662149559
9402407200
9401071519
9401060819
9401060711
B00RYREHQK
0702081337
1032623233
0323024041
0323091385
1032592362
0323065511
1600212662
1634852745
0702068659
B079SW9RVM
0323029396
1536136689
1600212670
1639894632
1774633353
1639894594
1639894616
0126323704
B0CLXYLDWL
B0FBRDFK8J
B0DHSC4TY3
B0FQXZ4W6X
B0DG25FMQH
0121733041
B0DQKXRWMH
B09KBWRNZT
B0F9TGKRHP
B0F9F6QDR7
B0DQPKQB5N
9022009793
B01DY7LJUA
0126392609
B089LQ17PP
B018U2JMOO
B00OD42D5Y
B01DY7MCR4
B0DHWBMZ65
B08CT6LLSJ
0121531236
B00764OC6G
B0DKJ7Q9R1
B00ABYFGRW
0122684206
B0DN61CMYC
B0BWJH87GG
B0CSK998RS
B0C3VH63WJ
012811777X
0415691591
B06VXN6NCP
1632403560
0751400505
3642269672
1138781576
1789236169
981960379X
3319850261
1498787533
B00IZLYH8M
0323904947
1032155000
B0HDLWPZDS
B01DRX352Q
B0GJLZP3HY
3030278263
9819949920
9819603765
1836690835
9357595376
B08R1B7KJR
1138333557
B015Z56HVK
B00X6W1JYU
0387945504
B0GK9M5538
1138033537
B077CLGL25
B07RXR5NN1
B003L7840W
B0HCRB196M
1394334095
9819533724
1639879420
B0GQZQ8DZL
B074F1YSYL
B0BSZYHB44
1119296048
B00CCDG4X0
3030269752
0367554437
178945123X
3036501746
1138846074
B0G1H527SM
B0H113FLLJ
9819594375
3036554017
3030079252
B0GSNPL9PX
B0FCCX343V
B0CWG2B566
0367559919
1025705122
0128118245
B075RH85KY
B0758GLC5F
8206294619
0070260648
8193188330
1567002455
9392549334
B0CHB7DRSF
0070265100
0074600907
8177587560
B00BG71NKC
3319357247
3319893262
B01M5LE10N
B073XK7KP8
007024989X
8131718360
B0FTLVNKGR
3319867121
B0FR5YHR96
3319375040
B0GQC6N8TJ
0385194145
0809456966
B0968RYV3Y
B009093LZS
B0H73LPX4M
3030090493
B07VC1RVXY
1848160062
366250166X
B07S4N3MLY
B001CD1PI0
B0072I4DK6
8122413447
0323396135
B01GP3POJ2
B008OM44Q2
0367611309
812243827X
812241401X
B0GSCF63R6
1910455601
1789182379
0723434158
0683306189
1577790219
0723420084
0397583044
0813828090
9358871423
078172998X
1874545189
0443070016
1437701736
1118359984
1789180090
0723425744
1884254365
1119064813
0723424411
0702012386
B001G4GW6K
3132429333
0839117604
1789180937
0397447213
0723424926
3794524853
157477025X
1118964403
1405138998
3794526775
0967800536
B0064A56N6
036726661X
B0BQ1QBLDF
1118446178
032379615X
1893441172
3794528336
111951472X
0723408521
1032060719
0323044689
0723416427
1591610443
1118840771
0962755931
8492569034
0916182177
1166492907
8494244957
0721640044
1119215129
184076001X
8416818525
1032240873
9400720092
0387949542
3642894089
0123849519
0444828931
1119267501
1416033866
8417225099
070203519X
8494040294
1498774172
B07D19JPM7
1578087864
0323913938
B07L5JY41H
1439835276
0128029005
1914207505
B0GQ3KSPLK
B005GDZLN2
3899930002
B077NZKJ9G
1914207238
1914207084
081538744X
029597818X
3899930525
0723419205
0702046558
1914207548
1587799022
0813803195
4900659584
8493597163
841722551X
8494197592
8494197517
8417640614
8417225846
0813820006
0721681778
8492569603
8492569344
3877066194
125826935X
3031554043
044304807X
0470672935
3319140418
9400980981
3540174915
1550092286
1846281660
1493960938
1617372420
B01AVKWIDA
1617373451
0323849024
1468419439
3319148206
B00F5QYVGI
1405122706
8173816875
0632011947
1850704961
B0CLKZK6Z8
1861561504
B00TJMKM6W
8126915404
812691954X
8126918241
8126915374
8171566790
8126917342
B0CJRC8B4W
8126917385
812691808X
8126915587
812692859X
8126936940
B07G87S8B9
812693722X
1104910721
8126902256
8126911255
1838955062
8126914408
812693459X
8126904119
8126910690
B00BG7OFEI
8126940409
8126938889
8126928581
8126907258
0275910946
1405189975
8126921900
0841908702
B07H7KYJ9S
8126905239
B0H5QCD1NL
9028604669
B07HKJKWV3
8126914378
8126936649
0275014908
9024732905
0892064765
8126916516
0837173868
1161040153
817156836X
B01MR6MAPN
B077G8GLML
0892064412
B01LWBYTV9
0819166960
B07GTJ1VDK
0275943690
0815702310
8126914386
B07GPL536L
1166981487
B0BXDRBY65
0275959333
0313247013
8126940778
B00E9Z0YTO
0742549119
B06WWRPB3B
0854966927
1160119651
B01MYDIZY7
1627340211
B00E1CYITM
B01EWXDL2O
B06XDNGDY9
B072P6W7XT
B06XGT34GF
1626379033
0742539172
B01L4OWAMG
B01EAMJTV4
B07QD659FL
B07H1H55KW
0844740527
1432656015
B076CVFGYZ
1626379270
B0HDNNVTNS
0847674444
1167410491
B086XGMNJM
143991463X
0847683850
1168036658
0275921999
1442224215
0844770973
1168098475
B01FYISLPI
1850658587
0275924904
1168117453
0313255881
0275926257
1567927653
1859731821
1558764143
1540207366
0742524590
1167250893
1442241144
1168111986
1538170191
1560009349
0847698661
1538116146
0815412371
B07CZD2LPQ
0830857249
B07DJ99BXB
8173042616
9380995318
9812380825
9814436429
9814696676
1290753946
B0H1W7CLFY
B0DFPWSWPW
9810247753
B0C9LDDYVT
9812706100
B07MYTHBFR
B0GN4KGTVJ
0275995917
B08XJ1W8Q7
B07NQH9JCB
3030359786
B00UWILORI
B009PK7F54
B07G9C2RPM
9810231784
B00S916WZE
B077G7GN9K
0631221611
0367148935
0792360737
0199340137
0714642290
0521884578
B0CFJG5VYK
B0072GRVTS
B00QIT4N6O
B018MFKSIS
0801892724
0801867843
0801872332
0801843006
0801828570
0801832659
0801890969
B007BOBD72
0521729440
B07VPM2546
0521404452
0521421993
0521703069
1316626709
B0CTQSBLCR
8196269986
0521253292
0521227038
0521328446
0521229367
1108741711
B0D1V4T74D
B0CWN72QG8
0521177456
0521304873
0521017254
0521428203
0521711975
0521456185
052157496X
0521251079
0521114543
0521361966
0521152828
0521017521
0521559901
0521444918
0521210879
0521122252
1324033398
0521552958
0521081637
0521231493
0521441498
0521212332
B001BTLXCI
0521227313
0521620104
0521072077
0521201365
0521220203
0521200172
0521352215
0521239265
0521207371
0521045738
0521283426
0521261724
B0H1MM5JW5
0521273293
0521209536
0521060273
0521214041
B0FHVNP2WQ
0521204704
0521233178
0521057612
0521282470
0521230861
0521401739
B01M9CIT59
B0GTW9Z3VB
0521291933
0521219094
B08LGNBLKQ
B0H1YT1MH8
B07P199C7K
B00GY3MLL8
B001G60JAS
0879699078
0521380685
100957566X
0521223261
0521322014
B0GTFRHLL4
B00C9W3QO4
0521091772
0521282764
0521290759
0521040957
8184892330
8123914822
9381358206
8123912412
9385750798
0070146241
9380618808
8122425917
938310130X
B0GPMD7F37
B0GWRP9BTC
9351107000
B0050PI9TY
8176221031
1588293467
9383101032
1441943919
8190469908
B0144NZ2EC
8126135905
9352300092
B0C1VHTZ5M
B002G9TVR6
1489998764
B00WBIW6UG
B07Q7GCYQZ
B074MR7NMB
1841100048
0194001792
1853155098
0195179870
0197635938
0841274169
0198538561
B00HNSN36K
B0FJG1JNF5
B08TMWPKZX
B0D3Y6SFLJ
B09Y656MKP
B00AJIZN1Y
B00ELK24EU
B0H5W2S3S5
B0H61TDFLB
0192614932
B0H5WF5539
B0H4J3T2J9
B00UGC7SR0
B0GZGGSHH3
B079P4PFPZ
019025579X
B0H5VXVMXZ
B0GYS4BMFN
B0GY2KGJPL
B0GSRZ95QT
B0GTDK28V3
B0GS6W31DR
B0H6S58Y72
B00VOLCWXW
0199631840
B0H6LVLHLP
019046562X
B0H6LGNTVN
B0GSJNB35R
B0HDLSJGVC
B0HD623R7G
8495818086
1330340973
B0HDQ6X26X
B0HDLTR82X
B0HDB7J264
B0HD9BSB43
B0HDHWN5YB
B0HCZ3XHB6
B0HDNJ5K7C
B0HDBTB3R2
B0HC82MXJW
B0HD7NGLL3
B0HD7QT796
B0HDNJKNV7
B0HD9JXTSV
B0HDRMR5Z7
B0GGWTBC5R
B0GGXG5H9R
B0HDK48F4Q
B0HD9MRLJP
B0HDK7393T
B0H2L2293W
B0HDM5489Y
B0HDR1HNNB
B0HD5XPYJK
041584083X
B0HD28N577
0847878376
0847877981
084787785X
0789347709
B0GY23GGL7
1419797042
B0GPCVC4B1
B0HDTGDKK1
B0HDHLS3HH
B0HDC9PV8Y
B0HDC7XM3H
B0HDC5PD6S
B0HD7RYB9D
B0HCPD8QGD
B0HDHFDQZS
B0GQ4FPKKD
1742576451
B0B9PRPV84
B00551KPYA
0631224122
0631142940
B078YSYQ6K
1119674840
0471910015
0631223339
1444330756
1557868425
0631173056
0631177302
1405175540
B01H2KNFJ8
1444330934
0331723107
B0GFFXZFZ8
0631186530
1118708385
1118725883
0471667633
1405175648
111975397X
0631214771
0471019941
1405189967
0631176047
1119554225
0813814383
0471048534
1557861471
0631221042
1405152443
0631220216
0631158219
1394278624
0631215476
0631213503
0631189599
0631170340
B0FJXKT15R
0631209417
B07QJ813NH
1405120940
0631177469
063122856X
0631157786
1138185825
1405188243
0631157638
0631226699
0631234977
0471940704
1405126035
B07LCTD6HN
0870235559
1118982398
0471052612
0471623873
0631154833
B0BT3Z81H8
0841231664
0631207295
1118568451
140513321X
B00DWG4IFC
0631186131
B01EG5ZKF4
1394279094
1405126868
B00B9S6PFG
0471017965
0631233946
0631231064
0470823496
063121884X
0745632114
B0CQH2BX5L
B07JM1ZC22
0631197842
B000U5I34A
0631153004
1405173947
B016GPY6AW
063119813X
B000V1U4OK
0631191380
B07GQWT9SP
1405105526
B001GQ2WJO
0814351573
B07HJQ2VFP
0631218475
1405130369
B07MK5TCMB
0631160752
0471029165
0470034920
1118936884
B005UNULE2
1577180526
1405149833
B000RRBFHI
B005UNVHN6
0631207740
0631198288
B005E8AGH0
B015V8MUE4
B00FFZ0UCS
B000SMIJBW
B00B9QK5VI
B014T0XZMQ
B00TNDAMG2
1119144566
B000VXM7KM
B000RNDNNG
1118176995
0631219331
B0046REX1U
B00H3FAJCE
1120879159
B00AUJAO4S
0470991615
1120879272
B07YYQ45MY
B014T25BOE
1394179057
B001A4DXDQ
1557862885
B00OLSAHWI
1119810345
B071JWMSP3
034071994X
B07M5N2FBK
B000W6BESY
B09QG1H98Y
1577180569
1405187166
1118813545
B000RKXALO
0631164871
0745688543
1119489725
1394180802
1405193344
063121111X
1405156813
B000VXKN0S
1509504621
0631214607
1405109106
1405136138
0821383418
1557868956
1118923952
9211615372
1119036593
0631231544
1405155760
B000VXM374
1119953243
0631213481
111873355X
1118412915
B00PY3SQ40
0631215387
B00HPURFYW
155786098X
1118529111
1118291751
8120301625
8120339878
812032966X
B0165UNJ3I
8120335457
8120315529
8120328590
8120309200
8120338154
8120335260
8120301161
8120323939
8120339274
8120338715
8120329708
8120348834
1032792965
1584886102
1041039042
1498733654
0824704061
1482248239
0824747089
143980639X
0824793307
0748404287
0824787900
1138145696
0415573041
0367137208
0750306521
1138374350
0824742702
1859962920
0824790707
1420071424
0198515596
0824756274
0824769074
1138590509
0824793323
0824797914
9814774251
1439821585
8770226059
0805859039
1032069953
B017V8J04K
8770221103
0415308496
0824784456
B0FN4G7PMS
B0FLK9LSWD
B0H22F95HC
B0GQBSH5K9
1498779298
B0GV4NSHDN
B0GTG526XF
B0GS9ZBZ3K
B0H6FDG4RN
B0GR1JGMHM
B0FLK787P8
B0FFMV6TB3
B0GYJW9XZK
B0FH4MKGJ2
B0DW8XFGVD
B0GNHRNGBC
B0GWV7HB3B
1138429066
1482241498
1138582492
B0GVLVTN5K
B0GVPGBVJ1
B0GWK44W4B
0415084245
0805837779
1572304847
159169020X
B0GWN4F37S
0195646584
8120725085
B0184BPIFS
9389802970
8122421539
9395783931
8122418899
8122420338
8122432360
9386286025
8122415512
9386638568
9390113253
9355735537
8121942918
B07ZD2ML4K
9395161507
9339205367
8122416039
8174468218
8131717208
9352605489
8184884346
8122416098
9812652345
0072318252
0070964904
B0CHS6LHQ2
8122430368
8122432557
8122417213
111153215X
817141480X
0324568207
0324319487
B09JVPC2T9
007128625X
8122421695
8122417167
8122421717
8122431356
019593749X
0070374813
9041106596
2807602657
B0B39CZK26
0815334451
1840141549
9382741283
0415355281
9386042215
B08Y7SDFMM
935155046X
B0H3BR6KJF
8120817680
014342615X
8179306992
9351991180
1016468660
B0D53ZV28V
B0FNK4L6F2
B0D6GL7K72
B09TTXKFKJ
B0GX5ZFMHC
B0GTRWWJF5
B0GYZ21V6J
B0GHR2BXVS
1496200594
101552303X
1841760188
812504034X
9380607172
0982641508
0803299036
B01MSCVP0V
B07ZH2F9TS
B01I42CYSQ
9353604885
B017IV80VE
B00NG0333W
B0FKZDH9L9
B0FGY4PJQ6
B005CJ5NBA
0143426176
B0BW4XLHQ7
B08ND5HLKP
9371772387
B0FGY2YHTL
B07DFMML8G
1385697105
B00VQVPBQK
0807871427
B004FV4TA2
8491057757
B010O8INII
B0DHB2TK3C
B0H4HJJ4HK
B00PGL53VY
B0DK5XH8DM
B0DV9CVBHT
B07NNHT87C
B07KFFBYVW
B00HLLN3U0
0143066269
B0HDDTDXK5
B08KH8MJQZ
B0GGZHCGFS
B091D73F5N
B0BG8YRFKL
B0C7Q2RM2Y
B08PC9X78D
B0BCMCPZVL
B01MG3T7ZO
B0G9S3Z9PM
B0BQW5KBS8
B008CDVRWW
B07P19QH1D
B06ZZ7K5GS
0722362609
B0H5NZ85N5
B0GGWH3LCF
B072KZ27PW
B0FV8TBD2R
B0FVM1PNNG
0722363133
B0FVFNLQ9D
B0FVLQ7FN7
B0DZJ46MGV
0567710459
1138675814
B0GFNZ2QD1
1483560104
9359776688
1138349909
1441155457
1479815691
B0B59YCH9C
0367539047
B07YG7R8Q9
033520600X
1016058624
0199371784
B0D56QP36B
1478006218
1138121096
1526152002
B00EKJB7EU
0812218760
B08LGTKYVT
B0C5S9B7JK
1498598455
1138631965
1800433174
0393640019
1349452807
8181582349
1529701236
B011ZVKCXC
1526127598
1611322081
0199743584
B0GLDTCHDL
0759118698
0761958959
B01AX8X0QE
B00362XL00
1611323908
B0BYTGPFVB
080393923X
B0BQZJPNDH
B07NKKSCZH
1138086436
B089GYHQ2B
B01N406JCX
B07GWSBQZZ
1349436054
B00LEIAJEY
1258798867
0759124442
1501747215
B00E99227M
B0GGCFNDGR
135007845X
B0B36MTZGX
B00BRG055Q
B00H85BY7S
B000W25N9Y
0803943792
B01EKB8AUQ
B003AU4JB8
0367376857
B00E4JZXQY
B0B4PS5V9L
0812281861
B007K4VCTW
B09P49NY64
B01674D2FC
B01JAIHO9M
0803972997
B009GIPYHG
B01N28MMJE
0415321565
B00J2B9MI4
B00L1GMCYY
B07TFHQM1S
B0B5FMQKG4
B00GYSDFOU
B076KTF6DN
1845456564
B0BBSMQY18
B07D4S1R51
B078159RKV
B00F1WJTOA
B00A9YG9DO
0759118620
B01MS3OO4F
B0FR3GXBP9
0803922523
B00BF8MEL4
B095J6JCFD
B07FPQP9ZZ
B0C5SC1S4K
B085VGKB2G
B0CMP5QF45
2738434754
B00BF8MEIM
1032536888
2717870199
1138403768
B0B2Y9K419
B07XX9LMJQ
B0GDHKD62H
1081044659
B00E8TOQ5O
B004TQZZ92
B0C5SC794R
0230340822
0230340997
0415561809
3030077594
3643902263
1032870559
B07ZV8C33Y
0520247922
B0GJLKM6PW
8122432603
812240846X
8122425941
8122423531
8122431607
8122413226
B00K7YGII2
B06XKQZP1R
0536862567
0273769987
8122412815
8122438180
8122413552
1845429575
8122405851
8122417159
1108401570
0008254095
0333682211
0131485237
8120342216
8120348850
8120345126
8120341805
8120344308
8120318129
8120330005
8120346076
8120350448
8120342739
8120339517
8194740045
8131520382
8120348192
8120330013
9332542201
8120341929
8120334736
9332548935
8120341546
9353168317
8120345568
B0GFDMCB59
9353162939
1259001644
9353163447
8120335821
0071213643
B0072AT9KS
125902640X
8126515686
613982138X
1680940287
812033311X
8194244609
8120329961
0071263756
B091F24T1D
0198782292
B0D3B72YQG
B0D2FWHWYG
0078137160
0072428422
0070444706
B0F1QZ396P
0256030774
B0HCQVTXLG
B0GVN5YC5T
1003004709
B0DJBKSPTW
036782244X
B0HCB94WB4
B0GQ95PTZN
B0GVMDS5GW
1003261248
8190275909
8184080646
8185300577
8178984199
8170306809
8177697706
818408062X
813070420X
9351037703
8176298395
8178793458
8189320149
1845990692
8187067365
8176622117
8130704536
1555282857
1882749731
8184080662
9171495681
8172149255
8184080670
8186142274
B0092I5CP4
8121505763
8189020501
8177556517
8192222640
8126127007
8185229627
8130705702
8187067756
8172760558
8187067675
8175360208
9694944902
8187067748
8171696570
8176560839
8120604342
1845990390
8175080787
8180460274
8172149050
8120613899
8187067225
8178984466
8177551493
8190149318
0893892343
8186772138
8186561021
8190278908
8188805467
8172160712
9937213851
8175259531
8186565361
8130700123
817536047X
8187067063
8187067683
8190000381
8178271680
0070474419
8187067411
8189020579
8130704382
8187563087
819014930X
8187460660
818046010X
8172149107
8173193991
8178984504
8178983052
8175511826
8187812133
9380147473
8175511834
8176250201
8189020633
8187460415
8183230180
8174464611
8171676669
8180566323
8176620734
8189020609
8190000284
9993397814
8178983044
8176621773
9812140336
8121508525
8183220789
8180460436
8172246900
8182530695
8121903645
0230637612
B073S59HRG
8126917962
B0GD7PZ8FT
B084RHZZ1N
1560328398
1138034363
0849309212
B0DY4W4G7M
0824709527
B0FNCTCSRH
B0FPCWVL9R
1032015314
9814745820
1032542128
0748402535
1466585471
8185749469
1032775645
8770224013
1466561610
8170088348
1568811969
B0FFG8D9ZF
0070190402
1466553340
B0DWXN6PN9
B008YF4IQU
1138150894
0070354162
1498734995
8793379544
089116376X
0367533529
B0D183XCTP
191412426X
1420063383
1138140503
1560329998
0891168796
8793519109
1439845557
0891168338
1138584908
1138041254
1138060178
148222299X
0891163549
1482241706
1859468195
9353503760
9353503752
9353505747
9353502063
9353502543
9353505291
9355738226
9353500478
9353503221
9353500273
9386668432
9353504090
935350452X
9353504163
9353501016
1041369972
0815368070
1041374100
1041377584
0367384442
036747641X
1138023000
104131244X
1138300063
1041042779
0367480492
0415810485
103290612X
1138368695
1138312746
041570006X
1041342349
0367000539
1032778806
0367137518
1138313440
0367895013
1032582650
1032812850
B0DKPM65F6
1032757752
113836682X
1032192410
1032736909
1041225040
1041138725
1138367974
1138353051
1032764503
1138351415
1032091037
113836665X
1032725575
1032607661
1032583177
1138367907
104135312X
1138968250
113821597X
1138270423
1032585609
1138369640
0415274699
1032564199
1041153724
1138617792
0415509041
1138365076
1032771933
1138618381
1041287011
1041100779
1138023973
0321305043
1032538260
1032770015
1138996203
103255035X
1032423420
1032262079
0367190176
1032692472
0367704838
1138368938
0415269342
1041379404
1032777176
B0BRQV9QMS
B0CZHH4GNV
B0B69PGY8M
1032859024
1032313064
B0BRQW2DT2
1032550961
1041287259
B08N6SNGQ4
1032849134
B0BKWVSM9L
1032124881
B0BG3WKMY5
B0BQTJ3D7F
B0GXWW222B
B0B9FKTMNL
1032523506
1032744162
B0D46N2G7B
B0D3W85YXN
103259263X
B0CW1CN1X8
B0BQT9G78T
B0C4G71L2Z
0367896516
B08R2G1S5T
B0B9G4G5NK
103275818X
B0D2RZDCMH
1041236883
0367252481
1032755865
1032706740
B0BQSWKG84
1032826266
1032708263
1032427892
1041042337
1032271167
1032363193
1041283253
1032906847
1032858192
104100110X
103285135X
1032786191
103249221X
1041367309
1032603585
1032600977
1041070128
103232614X
1032627972
1032363339
103276693X
1032492007
1138394262
1138193240
1138181684
0815353340
0415562015
0367598183
0367578786
0367350661
1032305924
1032860235
0367178613
0415311357
1032898917
1138289078
1138215694
1032155124
9371112042
9371113774
9371111801
9371116854
9371115556
9371118059
8120344472
B0GZW18D1X
013456863X
B0GFDRVS1G
B0GDQMYN6V
9815305689
B0HC6NHLZV
B00WWBP8O8
8126908610
0070682135
9383242426
9350142023
8131316599
8185502307
8188652040
B00B14OFA0
0135153115
9352605438
0395685125
8131520226
0071254137
B00PW8BVG2
B07NP5QDDT
B01LZF1UCW
8175544619
8180547698
0273634011
8177227564
B0F3TR526C
8130922029
0133801993
8192681521
0070979863
9350517485
B0CW1SSHFF
B09HZ7R58J
B07HY1WCLX
0395433282
B0BVSWVYJ4
0256201935
B0F7FYXTDM
8120346491
0130588237
0192871633
B0CLLG82LX
0801662869
0397511205
938918844X
0723436800
B08GLVC3L3
9389587093
9389261694
9352706854
8131235238
0702033928
9386150182
8123923848
9351521923
1563750228
8120342437
8195032222
9390595134
8193764021
9389188482
812392335X
9352709845
9350904217
0838516157
8192383857
8120345088
0656062843
B0FRNMKBDM
032337591X
1259835847
0721690513
0323036759
1118517342
1416032584
8186231854
1032222670
0367026635
1138197645
0367758741
1133108679
113832339X
1032060948
0415469368
0357420470
1138720798
1439892776
1032082321
1138027006
B009SLQHQI
0415498740
1133108660
1420052500
1003200680
9058092615
905809054X
9058091171
8132229959
9054103469
0415469740
9054105801
113802709X
905410581X
B0FFGZDRFH
B0DWS7M3MQ
0415804841
0495411329
B0HDG1P5HP
0534037658
9811339856
1337400262
049529604X
1111576750
B01D88X0J8
B01K94IHR4
1498741010
B072FD8TNV
9054109416
9067642401
0415469090
1138582948
0849311381
B0GTCP7SBX
0415475910
8120325508
0132011506
8120339347
8120314697
8120325834
0324041500
8189301926
9332557187
075280474X
1852524804
1852525479
1852524979
1852526688
1803998423
8126560878
B07QWDVD6Y
1852332824
1861004834
1422184056
1852527919
9387000648
1852520655
1852521090
9352605357
9387000656
1852527889
086382451X
1852522518
B0CXTJQ2PP
1852527900
1852527935
1852527404
1852527714
1852526394
1852522577
1852526963
1852523549
1852527145
185252491X
9813142405
1852524545
1852522224
1852527927
1852525258
1852521716
1852527897
1852523506
1852527773
1852526637
B0CH36H44F
1852524766
B0C59W589Y
1852524227
1852525045
1852511230
1852524405
1852524626
1852522720
1852527943
1852526947
1852520442
B0968PMFB4
1852525010
1852521317
185252197X
1852522038
1852524251
1852527498
1852527765
1852511133
1852521392
1852522615
1852522178
1852527455
1852522232
1852526548
1852522607
1861004087
1852525614
1852524782
185252295X
1852523409
1025627512
1852527617
0857299611
1852522747
B00LNCM17Y
1852526122
B01LWS3OY8
1852525711
0954864743
1852525991
1852522313
8131508714
1852525185
0751762415
1852526807
B07FWK1MBG
1898143080
1852526904
0754601943
0754642658
1852524464
1852526149
1852527129
1852526734
B00O6BZF04
0750635762
0030287219
1852526084
B00NU7HOYU
B00UTWZP0Y
B00R4RLB0K
B00UTWZ87Y
B015Y22L0K
B0148ND01U
B00R4RLX1W
B00NRTQB7M
B00UTWYX02
B00UFQC6B0
B00R4RL1AA
B0148NDBCI
B00SBYU3CW
B01AQYP0PE
B00LUM7IQQ
B0148NDV46
B0148NDBX2
B00R4RQSO4
B00L1FX7O4
1852524456
0030314038
1905050089
0754631338
0754613569
B00O0ZT37W
1914065484
1858989787
0935732403
8184081456
1852524847
1852524774
1852524758
1852524731
1852524723
1852524715
1852524685
1852527218
1852524669
1852524650
1852524588
1852524553
B00ZW13CWA
B0073UB74S
1852524421
1852524391
1852524359
1852524286
1852524278
1852524146
1852524138
1934747564
1852523824
8179927962
185252376X
1852520000
1852523697
1852523689
1852523638
B00HA609GC
1852523581
1852523565
8179923789
1852523530
1852523484
1852523468
1852523379
1852523360
8179921298
1852523301
1852523212
8175343419
1852523093
8179927369
1852511265
B01GMMPIRE
1852522941
1852522933
1852522828
1852522798
8184081790
1852522690
1852522534
1852522496
1852511966
1852522356
1852522305
185252216X
1852511915
1852511850
1852521635
1852521341
185251079X
1852511311
9380032072
8178083663
1852511281
0136026400
0138382697
0137224559
0205664628
0133680185
B0DLX3H51X
0131804367
8122427200
8122421466
B0BBY7T19H
0198077025
812242290X
8122439616
0195671236
8176112836
B09LS4PS4V
8123912757
9351508692
8122416837
8122428355
B00BG70NSK
9812431225
9353670551
3662667991
8184893841
8122403387
0471755273
0230279546
9813275995
3030304205
B01CNWBCKY
0077148150
0077122852
B09FSCJRS9
1118830288
0415752027
819266547X
1910158984
812241897X
1349350958
B0DYWM5MBD
0273655213
B008Y00G2U
0749438088
B01M0E28QA
8131791181
0761936408
1951754735
0130497150
0030313783
0071111026
0131357972
0077117247
0070136793
1840647310
075062244X
007352994X
0324072651
B0FJ872L94
9350471353
9350977141
8122416179
8122415261
1408064294
8122421490
812241947X
B0GQQLTYPB
8122417248
8122427685
1138972932
B01FFXBKBY
B017SGHQOQ
B074N1VM53
1472429001
817305083X
0195635876
0712606564
8122409032
8122415237
8120347080
8120346610
8120346750
8120344839
9352714768
9332586152
B0C3D4CB7H
9390128498
8120335309
0136765459
0131009419
8120342496
9390831776
B015UFJUZU
9389546419
B00K7YGZQM
B0BS3NTM37
B0917QWZLQ
B0GF8TXDZX
9389174104
8120329783
B0CQJM32GP
1041120478
1032888008
B0CC525ZGR
9355738064
0415398444
0750661852
1032605162
B007YTMHXS
B08SLDNQQ8
8178080311
B081VK2RFF
1041325703
B0073UA8Q6
B09FQ3KM2K
B0073TRNT2
B01MS1LW33
1138939838
0750649992
8176492477
8177580035
1119577659
0134778065
1138237043
1315628694
1315374404
0429461232
B00D5R57UI
1315162822
1003177433
0429342829
1315253852
1003089062
B0FFBMG66K
1315233002
1861526040
1003223710
B0FF9NTTWT
8131704017
0429329229
1861523955
1119371619
B0B9L3TFJY
111846267X
B08F5HP98J
0470525908
1119588294
1119353971
B07TBM7HGY
B073M1CH9H
0132184052
0072872683
2100798812
113814391X
B00OD4S40M
0071285881
0975914677
B0B524PQ35
B0161TVKZW
3540244239
0256261687
B0FL2LTKL9
3868941886
B0GPCMD5XK
B0GTYQBLCY
1420083929
0470308087
8181282035
1119588723
B0GS8M6GD6
B0GN9GPFYS
B0GX32HFKH
B0GTWDPM19
B01JPP0T56
B0DR46HDNZ
111830117X
B0GSGKW31P
B0GM1PDNMZ
0314065075
B0GSQ8J17W
B0DGJ3R28M
3540404910
1119239532
0321720695
007802403X
B0GM17WJ34
B0DPLDC2DT
B0GZ4F8RHQ
1259097366
B009DH4UES
B0GSGFY4BW
B0GSJK3PJ5
B0GMWTJZH8
B0GTQ2LH9X
B0GXWQ9XDN
1466573082
1138244007
9814774553
0367571803
1138268984
1032265574
B0GSG5BBX5
0071410317
8120332466
9390264669
9390264677
939026426X
8199143584
9390264294
8199143517
9390264499
9390264324
819914355X
B0072GSPUC
8199110422
9390264928
939026443X
8199143509
8199143576
8199110473
8199110457
8199110481
8199066385
8199066377
8199143568
9325972387
8199066342
8199066334
819911049X
8199110406
9390264685
8199110449
9390264766
9390264960
8199066393
8199159294
8199143533
8199143541
9390264839
9390264626
8199110465
8199066326
817167853X
9390264715
9390264227
B019T0K132
8199159200
8176937142
8199110414
8199143525
8171677630
9325972417
9390299349
8199110430
B009X8HH4C
9325972395
8184979762
8176932663
9325972514
8186982787
8186982116
B01D7D2F9K
8176937126
817167061X
8176930849
B00KQEM2MO
9325972379
9325972409
9392458142
9325972468
9325972433
9392458150
8176932345
B01D1PFLYA
9325972352
8176938629
9325972441
B0H8D1JJXV
B0H8PQ54XZ
B0H1D3QNNG
B08R7L6SHG
B0G6D156DR
8184972040
935121253X
B01BIT8PHQ
B016OGGRSM
8176932671
932597245X
9325972476
8176930229
9325972484
8176931543
9390299381
8176938211
8176932167
B01DD7UO0W
8186982604
8184975279
8186982647
B0CK6WNL9W
B0CK6VYDTG
B01D1PFMZI
8186982558
8176930148
8176932124
B01D1PFK8M
9325972360
8186982981
8186982531
8184971028
B016MO3ZR2
8186982639
8176930016
9812406379
B006YISD92
B0H8PLPTN5
B0G4WFN2PK
9374678985
9368973989
9360349631
8176930830
818698206X
8184975449
8186982752
8186982019
8195269583
8176931446
8171676820
8186982027
9812436545
9812406387
8186982671
B00QM2IZ9S
9812431012
8176932914
8186982000
8176937088
8176933325
8186982809
817167609X
8186982191
8176932574
0070575347
8186982973
8186982310
8186982728
B00QM2JFCO
B00QM2JF8S
8186982280
B0H8PMJ8M2
B0FN82L2KZ
9374670984
9360340170
9812436553
8186982094
8171677304
8184973780
8184975473
8176931276
8184975465
8176938734
8186982175
9812436596
B00RKPJGYY
B00QM2IXA4
B00QM2IXLI
9368970114
B0F62ZK258
9360345741
B0D846QN6N
B08WLRPLFF
B00QM2IWFK
B00QM2IX6S
8176931144
B00QM2IYGW
B00QM2IWH8
9351213749
B00QM2JGE6
B00QM2JG14
8176931152
B00QM2J0KQ
8186982523
8186982299
B00QM2JGAU
8195269508
8176930822
8186982922
8186982469
8186982426
B0BLSVV7XR
8186982744
818698240X
818497552X
8176937568
8186982612
9351214664
8184975589
8184975554
818497115X
8176930032
8184975597
8184975546
8176930997
B00QM2JEHU
938711144X
8184975643
8184975627
8184975252
8176936022
8184975562
9351217086
8184975635
B0FVXZ3VM1
B0GFDSC26N
9368970513
9374116898
935440605X
9351216799
9351215695
8184975538
9812406239
9351217078
9351215504
9351210405
9351210065
8184978057
8184973969
8184970927
8184970889
8176936448
9351210391
9351210073
9351217507
9351217493
B0072E4Y2C
8120345231
8120347862
8120326059
8120315766
8120328930
9332549761
8120330595
8120336003
0132011484
9383758279
812032174X
0130540714
9325296020
8120341295
8122418481
9387432351
8178129086
9383746009
8121927641
9389520045
0133627888
0023895349
B07KS2Z2T1
B085CCNNH7
9339205529
1449614868
013166543X
9389520436
938044429X
0134228251
0134344863
0139821090
8120338944
0130441244
1647833140
8120333306
0130440019
0131811436
0134345673
0133627551
9388660005
0131155490
0133627713
0130540854
B00K7YG1GQ
0130540773
013423443X
8120342984
B07P74DLD4
8179935825
B08VWRS6H4
B08TT2FKV6
9313199769
8120343581
8120341910
8120300599
8120317297
9350121034
8126538392
812654063X
8126526211
8126530405
8126540540
8126539771
8126532793
8126510617
8126521031
8126527013
8126530049
8126541660
8126514620
8126505621
8126534605
8126538465
8126522860
B00BG7JNRM
8126525673
8126546727
8126525738
8126538406
8126528559
8126530731
8126530154
B006G86KCC
8126546808
8126539216
8126517417
812650823X
B00433HEEA
8126535199
8126539801
8126537124
8126528982
8126538430
8126533099
8126519568
8126534109
8126541962
8126561068
8126535210
8126503874
8126518316
8126541032
8126545895
8126538376
8126522720
8126552093
8126509406
B00433FB1I
8126529547
8126538511
8126539356
9971513382
8126545879
8126531746
8126514426
8126520426
8126539054
8126530847
8126516828
8126523468
B0CYQ941YC
8126545739
8126509147
8126523824
8126511656
8126540532
8126539984
8126506644
8126518944
8126531509
8126523867
8126506962
8126528400
8126505303
9360745367
0199489084
B0DQKWQLJ3
B00DU7UOCY
B0H4K1SD9T
1041324162
0849391253
0367111616
1041239858
1138583170
1032669527
1041244061
B0HDFDSRXC
B07F2NW5ZQ
0367029200
1041313349
1032296909
1138921211
1041380372
1041337779
0367111594
113897983X
1041244967
1032937939
1041282427
1041436386
1041003595
B0GH1CHWBP
1041318774
1901865886
184184411X
1041282443
1041086105
1138627496
1138582891
1859962254
1275074022
B0D3J6YCRP
B0FNPYNFCY
0815366612
1041118899
1032907053
036737661X
B0BQ7K45G9
1138049522
1683670361
B0CKFJJ73P
1138107107
B0F9LQW9CB
B08NF58J6P
1032887990
1041325568
9814303593
1138581313
B00JBZLNLU
1138569593
1041034717
1138500402
0367247291
1041291426
B088CWZX6J
0824797876
1041016379
1041348177
1032904984
1041210159
1032825499
0367137623
1041380623
1462507360
1041240171
1041322933
1041141351
1032889489
1032905018
1041407572
1041114990
B0DMKWF1WX
1859962491
1041272340
1041210213
1032794518
1138236241
065607129X
0850662532
0415504651
1032988266
1041321511
1138541737
B0FCCWH8SZ
B0FCCVYDCJ
B0DPLPY3V4
1041201605
1041355823
B0DPK9T7F1
B01CMYC7WK
1041348193
0367247348
B0DNG7C8PG
1444175912
1333585462
1041115814
0371382831
1041028555
B08LG9MVWV
1041046839
B0B5FNS46N
B086H3WML4
1138696323
1041020686
B0CWGDN7BB
1041263678
B0HCYXG1C2
1138384380
1138566640
819496928X
8194969212
935213978X
9385889559
9355424752
9352139968
9368084572
935213754X
935542695X
9355422687
936808744X
9368088217
9368080690
9368084750
9355422326
9355428332
9355420129
9368087679
9368085951
9351101401
9351101398
9355428154
9368084815
9368086680
9352139844
9355428529
9355425066
9368080577
9368087164
9352139348
9352139836
9351104710
9368089418
9355427344
9368083665
9368088411
9368086885
9391043682
9355422288
9351108651
9355421842
9351102866
9352131401
B0912M62XT
9355426348
935542275X
9355421583
9355422601
9352136586
8184048173
9368080143
B0G5PM1JY3
9355429568
9368089973
9355426577
9355422911
9368080348
9355426755
B08FBP3ZRH
9355428510
9355425058
9352138252
9352132297
9352133382
9368084521
9355427522
9352135474
9352139976
9368080410
9352131339
9355422474
9355425171
818404898X
9355426445
9355425805
9355424515
9355429258
9385889508
9355426429
9355429819
9355427611
9355428448
9351108341
9355421974
8184049463
9355424280
9355421591
9355426135
9355420706
9355425627
8194435013
9350236842
935110141X
9385889052
9368089477
9352133773
9352132564
9355428189
0917930169
0924922117
0917930053
0917930045
0924922397
0924922281
0917930789
0917930061
0924922222
0924922176
0917930495
0924922141
0917930126
0924922087
0924922516
0917930274
0915145340
092492215X
0917930207
0909596360
0924922192
0924922257
0917930304
0917930282
0917930851
0917930355
0924922559
0924922532
0924922540
0917930991
0915145634
0917930541
0917930959
0924922664
0924922036
0924922095
0917930231
0924922273
0917930886
0917930398
0924922605
0917930967
0917930754
091793038X
092492229X
0917930932
0917930916
0917930827
B0GD5PY2SF
B0GQ4QQ8DW
B0FSXJDQ9D
B0DV3F75V4
B007FEDYBQ
0917930347
0924922575
0917930924
0924922184
0917930517
0924922249
092492280X
0924922346
0917930673
0924922265
0300003412
0917930479
0915145553
0924922133
0917930657
0917930509
0917930606
0917930800
B0002568S6
8887177422
1682479404
B0FT1KXTCW
B0GHQRHNJR
B0FR4WLMJG
B0DP9BTLMX
B001LUQDQS
0752457241
B000YQ2K9O
B0F8QN65W5
B0CY2R4PW6
B001L1R7FI
B0D9GXK26C
1569020604
1870516109
1569020051
1870516168
156902071X
0907015336
0932415946
1569020167
B07YVWCQJK
B00HHG4OFC
B0FV3B6S4K
B0D1P72FKN
B0FBLXW5HN
1569020515
093241558X
1870516060
187051601X
1870516001
1569020159
0932415660
B01BITHEX2
B005R3WCGA
1407249894
B0FGDLCSGF
B0D5HWWMFD
B0DRV94M5N
B0DVZ9SZFF
B0FL7DY1VF
075287747X
0752874578
0752847171
1409108252
0752884131
B0CPYD8WWG
B0GNF25LF6
B0FB3DCFQK
B0GW32G4Z3
B08NVH95Z4
0297864939
0752881353
0753806797
B08LMPN9N1
B09C8VG9GZ
B08YRJ39P5
B08N4HPP4F
B08XNXSQQ4
B0BZ6GT4QM
B0BG5XXC96
B08N1J8CX9
B08FKPH7CX
B08XMX8C8H
B08NYVGWZL
B0DSZVY7H4
B08XMMP5P4
B08JJ6BY2T
B07K18WFJR
B00A7YYY9W
B004OBZNXU
B09KRN6FJB
B093FZ4Z4M
B0FKYH7WWC
B08FH9NT5P
B0FJSDJS6T
B004LX0DJK
B003TO59SC
9392147791
8195411002
8194725666
9389004489
B084D9YT72
938900490X
9392147554
9392147058
B0CY5QBH4C
B08LL4KQ1X
B0BZLLJLLR
9392147937
9392147503
B0844STD86
B08VS8RZJR
B08R7QF2XY
9389004608
B0DRYVL5PL
B0H6B2CY29
9392147961
B08MWGDX9L
9389004551
B0CGRHCWGW
B08XXXJMB2
9389004640
9389004659
B0BY8QYPN9
9389004527
938900473X
9392147147
B09X32CV3N
9389004535
9389004756
9389004683
B094D9SQYN
B08LDD8YKJ
B097YM1GBD
B07SSG6J6Y
B085W6QY73
9392147155
9392147228
9389004691
B08MKGJV1J
9389004632
9389004616
9389004888
9392147252
8194725615
9392147945
9392147201
B0DPQPBGP9
9389004578
9389004497
B08NVZB7M8
819388342X
8193883454
9392147988
B0F6YP23SB
9392147767
B09B11THX7
B0CZ3DYWK5
8193883411
8193883438
9392147821
9392147996
9389004284
B0F6YJSPBJ
B0B41ZJ36R
B089SXM9DC
939214749X
B0BFDTC3NX
B0CNK9SV4K
B07SKNTBL7
9389004667
B09TFFP5XX
B08M9X2F2Q
9392147066
B099WV9DP3
9389004322
938900442X
8193883446
9389004853
B09TH5XP6M
B08JCD8QSX
B094P28ZZL
B0CL4TVPKW
B0928LR7FM
9392147171
B082LS6PQT
B08THYNS6Y
B084KXS1ZY
B0F6YM3K2W
9389004136
9389004330
9392147694
B07ZRM1ZKG
9029543256
B0CNPXJ8SM
B0BYYZLZ5X
B0FB4737Q6
B01AWUTMB0
B0D4HVKM65
B0BWL2YV2T
B0BYYZZB3F
B0BYZ1HVBD
B085YBWWGV
B08JCY1T7J
8123715994
8123727712
8123719957
8123727364
8123720351
8123728352
8123727003
8123714637
8123713452
B009A6I822
B0HDL6L3M8
1560534370
1560534613
1560532505
1560534427
1560533595
1560532092
156053351X
1560534273
1560534524
1560534710
1560530715
1560534702
1560531509
1560534656
1560536047
1560535628
B07Y8RZ6SN
B0GN87CF9Q
B0CX23G5PL
1560533870
1560535490
1560531142
1560530510
1560530685
8131211894
156053205X
1560535156
156053267X
1560533080
1560536063
1560535261
1560531533
1560534931
1560534583
B0CX247BWC
B0CTHB9B5H
B0H37DDRXQ
1560534311
1560534141
1560535075
1560535784
1560534400
1560535105
1560531649
1560531657
156053107X
0932883141
1560533188
1560532041
1560535687
1560534222
1560534508
B0CX24458H
B0H2F3G97G
B0FV2KLY6W
1560532548
1560533153
1560531150
1560534699
1560535733
1560530197
1560535504
1560534729
1560536144
0932883931
1560532165
1560534907
156053222X
156053074X
1560532564
1560532238
B0GX2N4JFM
B0GX2MLK7K
B0FV2LGDQF
156053608X
1560531576
0932883184
1560534818
1560530081
156053172X
0323228925
1560530030
1560535385
1560533692
1560534567
156053057X
1560531053
1560533587
1560531134
1560535857
B0GX2GT1VV
B0FV2L6XNS
B0GX2RLZJ8
1560534206
0932883982
156053219X
1560530626
1560535482
1560530243
1560534966
1560531746
1560531703
1560530588
1560531622
1560535016
1560533609
1560532068
1560534109
1560535644
B0GX2KS8KT
B0FV2H1X3P
B0GZP381FR
0932883958
1560534885
B006QVJTJU
0932883656
B006QVJTHC
B006QVJSWI
B006QVJTOU
1560534532
1560531630
1560535903
1560530200
B0GX2PSC1N
B0CSDM5ZQ9
B0GVN732JP
1560534060
B0DH2WQV76
B0GX2PJRB2
B0FV2KKW2G
1560533110
1560533048
B09P3LD7S3
B0CYLZJCCM
B0C2WM9YQJ
1560531584
B0FWXXSGVF
B0GCNF5VRY
B0B21GK6W4
1560534982
1560535342
1560534192
B0FVSK44SZ
B0H8LCG7GD
B0GX7RWYQV
1560531215
1560536136
1560534214
1560535970
1560532157
1560532521
1560535806
0932883168
1560535091
B0DHZR43SM
B0H8LZ354M
B0HC7GK3KR
1560534745
1560536411
1560535253
B0H8SFGN7T
B0FVYB6JNR
B0H8WT68LX
1560530316
0595461891
B0H8P2L251
B0BG5Q86QV
B0BQRKVHNB
0932883761
1560535180
1560534389
B0H8NW44CK
B0BQRHZV1M
B0FKN6ZB5X
1560533358
1560532335
1560531878
1560531762
156053169X
1560531673
156053155X
1560531355
1560531290
1560530944
B0H8S38KL2
B081XSY6NG
B0DZP7VYJ4
1560530928
1560530812
156053026X
0932883753
0932883133
1560533706
156053463X
1560536039
1560535318
B0054WFIDI
1560536284
1560536098
1560535962
1560535881
1560535865
1560535849
B0H8L8DJ81
B07ZJND9B9
B0DC725KFT
1560535814
156053575X
1560535741
156053561X
1560535466
1560535458
1560535350
1560535326
156053527X
1560535229
1560535113
1560535040
1560534877
1560534869
1560534850
1560534826
B0H8S7D95H
B0GPCMHGCT
B0GZPQ7JJ2
1560534516
1560534478
1560534419
1560534168
1560534125
1560534028
156053401X
1560533668
156053365X
1560533641
1560533552
1560533536
1560533064
1560533013
1560533005
1560532637
B0H8LDCZMS
B0CS9K5Y6Y
B0GZNYCV9L
1560532203
1560532025
079351245X
0634045539
0634047019
B00II2KQAG
0793533929
0881884995
0634079867
B0866C3CCZ
0793511569
0793563836
1495083349
B0FLHCNFQ4
0634014161
063404771X
063402566X
0634013130
9390183758
9354409857
0793562600
1495051927
1495083322
0793577756
1423484401
1423416171
0634060384
0793563763
0793597889
0793570654
1480369519
1423417607
1458411494
0793562651
154004601X
1423426703
9370894098
1540023052
1540050688
1495083330
0793563801
1540084213
079357966X
1423485017
0634047736
1495077403
0634003178
1540028216
1705103286
1423470982
1540002403
1480398004
0793573858
9354402879
9370892788
0793533597
1423442172
1423456424
1480328162
0793574188
0634001442
0793592798
148039808X
063403748X
1423428560
1480398411
148033815X
B09TMX7H98
1705184200
1423461118
1476874336
9354404529
149500547X
1423409213
1495056317
0634088157
B00FJ6E62I
1423429680
1495073890
1423426649
B07YRWLZJN
1423426630
1540040771
B00U64RWQ0
1495088006
1540004031
1480362352
1540027546
B00ESEB80K
B09WK4544Z
B00FJ6E2JA
1423484355
0634034286
0634099957
1495025039
B0DZW7WQR4
B01FCB0QWI
B002F9MZCU
B0DSJXNNJC
B08NCH94PY
B01EQAHLME
B00IMFFPT6
B002SG6FFS
B0DZ1C382B
B00FJ6ALA4
1540039641
B002SG6L5M
B00LSPYZ1Q
B00FJ68G56
B00LZTERR2
B00BFUNKFQ
063408982X
B00FF9VGJ0
B06XQVF4GK
1617807079
B003QHYVKO
B08NCRLDFD
1423426673
B00G28SPI8
B0DZW5KKMT
B0DZ1B1YC3
B00FJ6AL8Q
B0DZW8DSC8
1495023389
B004GUTB0A
B00Y7PK3JM
1423488997
B08N5NW8JW
B00BFUOR4O
142342669X
B002VJK99A
B002VJK4MW
1705189350
B00FJ6AKE6
B0DZW6SKQ8
1540081524
B0DZ1C8JZG
1495073920
B06XQYQ73W
1705136214
B00FJ6BTVO
B00FJ6BTLE
B008K7IHGE
B0DZW96L3L
0634038605
B0DZW8D6NH
B007QOKS96
B0DZW72F6R
1540002330
B00G958FHK
B0DQVHK6SV
B083JR75B6
B00FJ6AIJ8
B00FJ6BTUA
B0DZW5WFNG
1540054403
B00TDXUB4K
B00FJ6AMIU
1540097544
B01FPR61EQ
B00FXAI5AE
B00FJ6AIIY
B00FJ6ANPW
B00GQZPPDA
B07691MR6B
0230009212
B00FJ6AN52
B004HKK5ZO
0857366688
B00FXAIBEY
B00Y7PK4BY
B00BFUOU1Y
B00G28UITC
B00FJ6800M
B00G958YCG
0857366653
B00FJ68A3E
B00G28UM9S
B00GQZPO7C
B00FJ6AN16
B00FJ68CN2
B00FJ6AJ4W
B00FJ6BXEM
B00KVFM82W
B00NEMQ370
B00FXAI6PS
B0FY26F7HJ
B00KVFM836
B00FJ687RS
B00GQZPORW
B00KVFM80E
B00KVFM80Y
B00KVFM868
0857366580
B00KVFM81I
B00KVFM81S
085736667X
0857366599
0857366300
B00KVFM7ZK
0857366408
B00KVFM7YQ
1789361656
0857366467
0857366297
0857366548
085736670X
0857366432
0857366556
B008L3B5OI
B00FF9VHUS
0857366718
0634036777
063401482X
B07YRWRTLL
B00N7J223O
0634048473
B00HCFX0VW
B00FF9VQYA
B00FF9VHMQ
B00BFUOVIQ
1616776226
B00GQZPO1S
B00FXAI9JQ
B00FXAI4KK
B00FXAI9MI
1480396028
B0F38VRP5L
B00BFUOU5U
B00FF9VL2C
B00396JJ0Y
B0CLL1VRPL
B0BM3K5QBN
1423422457
B000K6B1QQ
B00Y7PHS90
B00JDIS480
B00FJ682MI
B0BJ6D5N52
1495023354
1495035824
1540044319
B00FF9VJ2Y
B09R3MYFMR
B08HRD2LXL
0857366505
B00FJ6AL90
B00FJ682N2
B00FF9VLJA
1705107605
1617741027
B0BNWHSYWC
1458420728
0881881589
B00ING6AT8
1495025144
B00FJ6AKRS
B00A8MWFM6
B00Y7PK6P8
B00HCFWLKI
0857366572
1423404513
B00FJ6AK3W
B0123TFW9E
B00FJ6BXEW
148034608X
0857366661
0857366424
0877180369
B071RJS5MT
B00GQZPPB2
1423453883
0793535875
0793546524
1423469372
0634088998
B00YD3ITS0
B0GCRC4H51
B0GG3J4HGV
B0GCSGJRSK
B0GFX8FMQV
B0GCN5WXDH
1550091832
1550093525
1550090259
0941158802
155009078X
1550091301
1550090968
1550091069
1550092200
1550090321
1550090801
1550090534
1550090593
1550090607
1550091026
1550090984
1550090755
155009114X
1550093703
1550090267
1550091123
155009081X
1550090674
1550090437
0941158497
1550090992
155664101X
0941158055
1550091018
1550090445
1896998089
1550093215
1550090879
1556640218
1550091530
1550093002
1550091484
0941158764
0941158446
1550091131
1550093835
1550091565
1550091158
1550090658
0941158004
1550092677
B0075L49SQ
1550092545
1556640811
0977222616
1556640285
0941158713
0815120168
1550092022
0941158829
0941158241
0941158128
1550090550
1550091387
1550093991
1550093037
1550093304
0941158217
155664065X
1550094114
1556640870
155009033X
1556641060
1550093320
1556640951
1556643500
1550090526
1556643691
1556640080
0801678366
0812115236
0683040952
0941158357
155009050X
1550090283
1556640013
1550092995
1550093606
1550092162
1556640129
0969778155
0941158012
1550090402
0941158977
094115856X
0941158845
1550092448
1896998038
0941158535
1550094122
B07RPJRH6C
B01JC4E6DQ
1484252284
1484252314
1484252373
1484252691
B06W2J32CK
1484252713
1484252438
B01HUOVLYW
148425242X
1484252594
B073GN6V7P
B005PZ28WI
1484252357
1484252586
1484252489
1484252470
1484252659
B072JVSGVN
1484252616
8181286383
1484252624
1484276647
1484252608
1484252551
1484276418
1484252527
1484277031
1484276124
1484277384
1484276043
1484276450
1484277074
1484252292
1484276590
1484276701
1484252381
1484276361
B08N43DNZW
B08JTK28FJ
B082D13TNV
1484277252
B082MCY9GM
B08549VW2R
1484277090
1484277228
1484276620
B08B4GML8J
1484277287
B08Y7N4549
1484276329
B082WRZ2JV
1484252365
1484276213
B082X9CM42
1484276264
1484276604
1484277171
1484276655
1484277120
1484277341
B07XJDMPGJ
1484276965
1484276663
1484277023
1484276884
1484277007
B07XHFZFQ7
1484276973
1484277147
1484276183
B01MU3SUMP
1484276779
1484276345
1484276221
148427735X
1484276833
148427606X
1484276396
1484276086
B07N81V3D1
1484276353
148427699X
1484276256
148427587X
1484276493
1484276159
B01KBUY748
B08LG2ZSH8
B07YFT81FN
1484275993
B0749HQCWQ
B07SYJL49Q
B07ZVKM3CC
B07RSK45BH
B08D7D89G6
B08KVRRCQS
B07XMJ63VB
1484276132
B08M3C97PM
B084Q7D5P9
B08CY1FYF1
B085DJJH76
1484276876
1484275950
B08K74FHQT
B08F9ZJ71M
B082FZMB1V
1484276574
B081W4C2DH
1484276914
B082ZLLLHR
B08LB25CHX
1484276922
B07SR2KMXD
9371860391
9371865520
9362258064
9371868961
9362256088
9371867450
9371860669
B0H41T2FY6
B0DQPLM82Y
B0GLH3RN9D
9371860758
9371863234
9371860227
9371864036
9371863455
9371864311
9371861835
937186706X
9371867477
9371861002
9371861770
9371869798
9371860766
9371862548
9375736989
9371866330
9371861916
9371860634
9371863862
9371861843
B07RWH4D3L
9371862173
9371861258
937186107X
9371860588
9371861126
937186057X
B07RWH1T9H
B0CZY49N8N
B09BZN3ZZ2
9371867248
9371863897
9371865474
9371860790
9371869887
9371860731
9371867507
9371869380
937186141X
9371863579
B07R158DL4
B07G3C6ZBJ
9371860774
9371861312
9371862688
9371860723
B07XXBQ1TR
B0D6RSMBNN
B0DVC4B3XP
937186480X
B07RVFZYYZ
B0H6BN8ZWM
B0GZHR4C4W
9371860154
9371863285
B0GZHNFN4N
B0GZHVH9LF
B0GZHRBGD6
9371861797
B0GZHNDLSV
B0GZHSBGPS
B0GZJ3BBZZ
9371868546
9371861487
B0GZHN7ZQ3
B0GZHK5GHQ
B0GZJ186TC
B0GZHV4Z3B
B0GZJ11ZGN
B0GZHKL4T4
9371867345
9362256029
B0DZNPK8GK
B0G253XZ79
B0GZHTRQVW
B0G253YHTH
B0GZJ26WJJ
B0GZHWBH81
9371863021
9371864974
B0GZHXTGQ9
B0GZHM2WJH
B0GZHQQD4Q
9371868414
9371860936
B0GZHVT656
B0GZHTXMZM
B0GZJ4G5K1
9371869100
9371860251
9371867523
9362256312
9362253399
9371863722
9362251353
9371863609
B0GZHQSJS4
B0GZHKQ7X4
B0GZHGPH5R
9362259974
9371867205
937186236X
9371868376
9371865326
9371860510
9371865687
9371862157
9371861622
9362250594
9371868007
B0GZHW2MG1
B0GZHMMX57
B0GZHP651M
9362253976
9362257890
9371863315
9371865164
9362255502
9362255316
9371869976
9371866977
9371868562
B0GZHTQTT8
B0GZHLW413
B0GZHP5V78
9371864125
1041210841
0824058879
B0GTM87HJ9
013615686X
0719047676
0824025148
B0GDKGC58N
020512156X
1138347574
1598742965
036758316X
0205342019
1256050245
812030117X
0876926170
8120324919
B0DHPFK8PV
8120327152
9332549540
026253326X
0321843320
8122421776
9386070898
8122416276
812241558X
9395161817
9387788458
8122433715
8122426050
936074378X
8122416802
936074588X
8122433359
1032923563
8122413633
B0D3WB81YS
0134741064
0130458791
0201331187
8122437729
9388818334
041582527X
1845935039
8122430716
8122434541
1859788513
1138034606
8180942317
1138033812
0849398185
0849392721
B08HGC33GB
B0FFHF24R5
B0FF6HL554
1003354041
8120348974
8120338391
8120340183
8120312627
8120350928
8120330528
0135705657
8120340973
0138625662
8120325125
8120344774
812034961X
8120344057
933254932X
8120349938
0135129664
8120348524
8120323157
0134924223
0134177401
8120346297
8120341740
9389718880
013028078X
0132618125
0133651118
8120331427
8120342798
8120346114
8120304608
0133356396
B009L7QJ3K
8120349873
0131665502
0132490382
8120338464
8120336372
0132011557
0131150979
B00K7A8F1E
B00K7YGZI0
0080229514
8126510005
8120336771
9313192357
0074601407
8120348419
3527311114
8120343999
8120344960
9325291487
B0DKC563X5
8193599349
B07N1RPSR8
8194553881
8120338553
8174093184
B0BQVYRPLZ
8120349954
812032319X
812033857X
8120327705
8120306384
B01MRYHYEY
8120345290
8120338928
9332574162
9381430314
8120348036
0273707639
8120342232
8195978681
0131525328
8174733914
8120316142
8120349628
8120333713
0199583064
9358421436
9387472817
8197173133
8120346963
B095LNYPMW
0071232486
B0D8BJWKH3
9355155859
8170491495
0070599300
B07KYN965W
9352590600
9395456779
8184500920
1138824623
B07C8H67L8
B0H1RV6VG4
B0BCTPPYGR
B0GH13XDWS
B0B5VC4P5B
1444111868
B0B1D3TD3K
027371306X
B0BYNZVCCC
0333732081
1259074080
1292018437
9390128390
0133545172
0134740211
8120340655
1493999893
9371390603
0367411830
0367411822
3662609665
0873715853
1108834698
0873717341
1566705460
B01EKKAQN6
B008KO4J14
0128033711
1032476370
B0GPWJD4P7
1498771610
1420091956
0824700384
1498727131
0415825938
0824798015
0824786165
1498702651
0824790790
1498764835
149873409X
0824783565
0824787935
0824783476
0824702190
1138237388
0824792084
1872748465
0824786122
0582551102
9067644277
B0DL5G63NW
148221637X
B0DK2HJTNM
B0FLK6Z577
131511948X
B0H3WCG28Q
B0DH2M96CC
0898749514
B0FNCY1VTT
B0GVP6VYZ9
0677015054
B0FN4D65WH
B0DK3DPY4J
B0GTVYCPQQ
B0GTMLRD6V
B0GV1QCHFW
B0GVMXBH2M
B0GQCSKTT8
B0HC7LCTG2
B0HC7L2K7Z
B0GVLT3N3T
B0H1MSQHP7
B0GTTNKPC3
B0H1MQ5W6S
B0GS72GN61
B01DSWEWV4
B0GV6Y5B6S
B0GTMWJ159
8184894619
B01LZPGNUO
B0GR4K8L13
B0GQ8P156D
B0GVPBY9PT
B0GTWJWQD8
B0GWK7V6V2
B0GYJQKNV3
B0GWV6T2C4
082478538X
9056993550
B0FVSD577Y
B0GVMYZBCS
B0DFYZFYLQ
B0DHYL26KM
1462503950
082479270X
B0GZNPJT9T
B0GWN9KQ1R
1264258674
9370028528
9356931453
9394962182
B0BZTNSYNG
1138034533
0367266415
0824773373
0849339677
1138034894
1420055534
084938009X
1138198463
1138034487
1032368195
1138034460
1926895703
1138034800
0750653493
1138034886
0367593289
113803472X
0367472163
084932646X
0849394880
0367029731
0849365694
0367582996
148221833X
192689507X
0815353545
0367258943
0824775856
1498729940
1138036382
1032627638
1138198382
0849340217
0367582236
1138034673
1138034819
1138034479
1498783023
1138198404
0367227711
1138252603
0415786789
1138248983
1138034754
1893997316
0367138816
1420090224
0367426366
1566767857
8126526084
B0B6215WFK
0415406994
B0FFHB7VKM
B08R81J79G
B07ZKZGB85
0856260185
B0DGQT1195
1138582476
B0FF6CCYDV
B0FF6LP859
B0DY17T2P9
1003184723
B0H5X95CDM
B0DX7LGCQ9
B081LLLG4S
B08L1C3GF5
B078K3HM24
B0FFBP3VR3
B0F3XXPT8G
B0H5X6YF6Q
1003147976
0429402139
B0DWN9C4YF
B0DWN94RF1
1138599549
1574445529
1566767784
1138582816
1850701296
1850701237
812035091X
8121901464
8120306635
9389520320
1259062759
8120339010
013054082X
0130434345
B00CQ4Q0LQ
0130540994
0131665448
0135608058
8120338340
B0176HESQ6
8120332024
812032448X
9388080424
9386383802
9362942739
0198823541
0201471531
8131504123
0415567645
B01ENK3JP0
3031862120
1783473223
1847200389
1133953263
0199543933
0230008364
1292020776
1446255859
0471984736
0471934631
0415802997
0538754400
B00C9ZET06
8122428371
0765616882
1403993629
B008NE4IJY
1292016892
9394962239
0132560453
0471899534
B01JAIMTCY
B09ZQ723W9
9351395251
1264704488
013451808X
B00KXSL5UI
0134519159
B09DQ9RZ5F
0201846578
0538881828
B019TLK7IK
1516553322
B08C533Q27
B01NCQCRMY
B008PP9DZ0
0324275307
1408019183
B0CWVSNFJM
0324048912
0132666219
0367479826
1260575268
B01FVMK01A
B08LCXNQNC
0176168648
3031590228
9377246830
1847201415
331974321X
0367641291
1951754867
0415675278
B0G59WDDNZ
0815335016
B01556P594
1032296070
B076Y3D9V9
B06XZXTQTM
B01N4TNFF3
B0075LAGM4
007043476X
0071067140
9386768917
B0C6QVQF2Z
1584884738
1498702686
8120320824
113819784X
8185375984
812970465X
8122401201
1482248093
8120321219
113858262X
B078NQ9DBC
1439813043
B0GZC1N4VC
B006VB31OE
B0GMRSV1Y9
B01N31L4SY
1598035738
B09CRW9635
B08R15L6TC
1461284805
0582294916
1498738915
1498721656
B00K7YJRKS
0534036120
B01IGYVT7Y
0130961418
0429144679
B0GBVGRH89
0071315012
B08W5CWGHX
0534096301
B08232FYVF
1138582689
B0DWFTFZYT
B0GTMS3H32
0805860568
8169914205
B0GTWDS28B
B0GV6VNL8J
B0FN4F57K9
B0GVN28GLD
B0GTDFVY93
0619212853
B0GTG1XVY6
B0DXP52RP8
B0GS9Q2B3R
B0GYJPSV8P
B0GWV16ZCV
B07V1QMFX7
9358798157
9388818350
B0BTNSKCZV
151753545X
9375616169
B08ZJHD4W6
0256035199
9389802237
0324537131
9327271467
1424073812
1627513434
B0GY627FHY
9357780327
0136986145
0133270300
8120344162
0130504033
8120336666
0131254553
8120324560
8120336097
812035026X
0205675018
8120341953
8120339673
0134358961
0130508365
0131195999
8120321391
8120333659
8120334671
B00K7YFURC
8120346688
9813295465
8120326423
0521678455
B0H2PKMBS5
8120343514
B0GCJSF7CH
B0198B7IBU
1526166453
B0GCN13B1C
8120345401
B0GYYY2B1N
8120341090
0824740297
0849337100
0367575256
0824707524
1462515592
B091TZLDF9
1032506180
0844815667
8770223483
B0GX33VXMV
1138266604
0849398177
8187358300
B06XRFWVVH
1032358491
3662600250
9350997088
0367411806
0367412594
1305257162
1991014090
9390261929
B0G4VR5DT2
0785439455
013372476X
0072984295
0132011662
0785439528
0030667488
0201863413
0201321335
1471562611
0534538746
0132243210
B07QHHJJ1X
0749252081
0582218896
B0F6V6PG9Q
0130325384
B01JXSWOVM
0321811291
0321897064
0134785002
0321752546
8175963131
B0D4FDWRR6
0367337142
9380231490
9353065712
8120351444
9388658337
8120326083
9351550451
8120339576
0134569210
8120340647
812034734X
9332551804
8121902762
B07XL3RGRF
8179307352
8120326938
8120339797
9313196298
B07G64BCKD
9388893352
B00K7YGHHO
B01IKK5V28
8120314883
B00K7YGI32
B00K7A73DU
B0H5HYHJZ2
036744027X
1138106623
0367484137
B0BLVVRZXN
107160094X
B0BMF44SBG
1041322720
1032792973
1041166028
0582784581
1138582786
1439883203
1498745571
1498711596
1466577843
143988658X
1138032417
103250000X
0240526139
1498734464
1466583797
1439893942
0849375673
1138746134
1138746177
1439802858
1466501693
1439803005
8770226660
1138799904
084933666X
8770223998
0824703367
0415621100
877022000X
9814303372
8770226725
9814800139
0849326281
1138250104
8793519168
8793609833
1032804068
8793609248
036729785X
0849339081
8793379625
9814241865
9814364932
0367203367
0849350344
B00OD4QPNK
8793237626
0824755707
8792982050
0849382351
B07MVNWLFC
B0FF9KL8HM
1439828164
1138582042
0891162720
0849338980
1003255132
B00OD4L1B6
B019WSL1N0
B0DWKRPPZM
B0FFHHX7JS
1498779883
B0BLRMTH7H
8793609760
1315596334
B0FF9WMG7M
142006200X
B0FFHJP5WQ
1560326115
B0DG3KW8GL
B0DWWWKY49
1003339557
0891164626
0891163271
B0HC4KX3TR
1138581968
8770229732
1003293980
0582423368
149878657X
1873936842
B0GTFTFMGC
8770223505
1498744311
B01N4V3QXQ
8770220263
1439870128
8770224498
812034409X
9332550042
8120345193
0133651010
0134344774
0131665405
0131901699
0134345606
0130540617
B07D363BMB
1853172081
113812687X
036734260X
8126120495
0367523280
0367147750
1138352578
1138963798
1138241873
B0F3F43JM3
B0GNRJNR7S
B0FHF1QLYS
B0FH5FV5MP
B0FH5G5LNP
B0FH5F88CX
B0GTQB9VTD
B0FSCSP2RQ
B0H1HPGZC9
B0DKJBPHTZ
B0FLPMK27X
B0GW2SCF81
B0FLJFGWN8
1138283932
B0GPQV951N
0415301203
1351045431
1850708118
B0HDPNMFNH
1315121867
B08R2CH4JV
B0GGBDRGHM
B0BC29QYMH
1003378293
B0BCMZTPCP
B088MKTQWG
B0FBRPWW8D
B0B1948GN8
1003228135
B0BHFB52D6
1315100878
B0DWLY4GB7
B0FM41Q5ZC
0429020309
1003279694
B0GVT26MH1
B0GDGGT4TT
1315559382
0191710393
B0FB2TWMFR
B0DL2B8DC5
1003078591
1003223524
1315754231
1003076262
B08PH8HXY3
1315682338
B0FLKFF49J
1315609134
100316241X
0429443196
1315298597
131517362X
B0GXCCWCHM
B08K3ZJ24C
B08R18PZF8
1315027151
1003102646
0429428685
1315225875
B0DXKJ75D8
9058092240
1315121840
100304462X
1003013864
B01KUODA5C
0415728533
B0DGH3HKVY
B0GVSL7V7W
1351064908
B0GX2MDYS7
B0BCHLB8M1
1315164035
1315123835
0367814455
B0GVKQNP7B
B0B5HVBX5F
0429428529
0878550453
131516647X
1315613867
1315276275
B0HCJ5X5PV
1003126553
B0GSJZCMVC
1315612232
0429506538
B0GT4ZRRZ9
B0DJG49Z31
B0GXPH6GZC
1315600692
1315168219
1315110229
1315693704
B0GT5CKGSZ
1315614790
0203711386
1315513056
0429133774
B0BPN42BY7
B0H1CTPDVT
1315279819
1315032147
1003338186
135104270X
0815392664
B0H2752XLW
B0GF89FQ9Y
B0GFN8FLHK
B08YP98535
B0GVNRH1DB
B0DMZYR4SX
B0DJMWSGKQ
B0GV8R5JYV
B0DH1YP63D
0824075927
B0DMJW9J17
0415552605
0415465591
1859961940
0367238438
1420082728
1482206900
0824793684
1138583162
1482252236
0415680034
0849373271
0367208245
1439837503
082470987X
0367224275
1032124431
1032470135
082475347X
0824701666
9814267511
082475056X
8793379951
B0DVCC7LN7
B0FFBPWDQB
B0DVC7Y4WS
1315143119
B0GMRXQ3YH
B0GMRT3WL6
042918137X
1466518464
B0GNZMCQLV
9814877301
9814800031
0429155905
B0082PTPCE
B0DX23YYC9
B0GXZRKP9T
B0GXLHGGSJ
0849371333
9814800945
B0H2J39QWG
B08YK5PJ2X
B0GNZB5CQH
0429330677
B0DMWQRX9P
0891168028
B0GZC2GY37
1138582557
B0GR48PGSD
B0FHF2X2VN
B0GZJ59KL4
9360611549
9388280717
1771887109
1032041684
0849370507
0415306736
0815345569
B0D4FCQ63M
0367644037
1032070366
1032099259
B0H2GPYBT5
B0DFPPHHKC
B0H2PYW6GX
113803309X
B00B3QSB9C
B00GO55334
B0GX35YM33
0367622084
9814613592
1771887737
B0GX34SLR7
1138732192
036707561X
8120322126
9382609857
8120353455
B08FQW2NC8
8120321545
9332569703
817409220X
9383137924
9381348502
B00TQPICP0
1933452536
8173719985
0131573551
B07F6DCXP9
1041325215
0815346034
B0F3YRSN2K
905823178X
1439827222
0815344678
1420084100
0815345372
1032430206
113824466X
1032992905
0367465906
1138035955
9814316288
B01LVYU734
B0DYPH8YDT
1439811857
0191802212
0367707888
B0GR1BFTBJ
B0GR3ZJSDP
B0GR5YVCJP
B0GR1JXF8L
B0GR1BPR4B
B0GR1JVQ8S
B0GW7GX6MZ
B0GQ9FSYXP
B0GRJPZXPJ
B0GQV5HLM1
B0GT15FN33
B01N6Y55OY
8120335937
013221735X
8120339886
8120349903
8120339762
8120337883
8120345738
8120345096
8120337220
8120341252
818992835X
8120338707
8120344510
9389633192
8120350847
8174090789
812031476X
8120344278
0131276069
9388084233
812033776X
8120344391
1608056341
1848822928
B0851MGZTR
B07QGFXPBR
B08CNKXX65
0992322219
B00BLS4NMQ
B0C592XJBS
9386668556
B096KXDN1L
9367134096
B00BG72VWQ
9351344851
9355541570
B09F5J5Y4P
0631190732
B07RW7QQZW
0074621831
6208493145
7811133628
186197809X
7115310211
7564208953
178125205X
7565400386
9381430209
B0DW99ZPQN
7542928007
7509550904
7563814647
1845160770
1784460621
1568293313
9389957818
7115514909
7542943537
B0C72T2V45
B003LZQOLK
7302363811
B0DK5RRPS1
7562487014
B0FFYYG2J2
B0FHBB5F43
9814632767
7301204078
7512101562
1984623893
B0GT4YFM32
B0BXXMR69Q
7121254530
B0DLH56QSJ
9390711746
B0011FBUDO
B011MDQVI8
7121254409
B073WBK7BY
7300222218
7030369475
B00HY4IWVE
B0CK282X4L
B010CL8GWA
B00JN90KZ4
1571675574
1860728154
B01MDJUWFM
938241004X
7301237979
0273637533
B0F7LY53X3
B0C4V1YL6K
703037441X
0198095171
B09P41CRQP
B01HI93O4E
B00UN5L22C
1959249045
9332576505
B00K7YH0GG
B0BZ8MSTS4
9354809863
0990383148
B0759WQHSR
B07FZ9SDVT
B0CWKMVWF2
B01DZCWH2S
9367500114
B0F3J6ZGL9
0974670863
9356404526
007106785X
9353434882
B09NL6WFCN
939021923X
B0BQ2KK2QJ
B074LRMR3X
B00JN90E0K
B0FQ46SMK1
B0BMSRJP5Z
9351634884
B085WCL8H3
B0HD9DH629
B0CBZN8G96
B0C95DLYFW
B0B526XWZ9
B0B7SL7FCG
B0FP17RFFY
B0H5CYN1L1
1734490500
9363380114
B0DCGBZXCF
1300571500
B09X2HM95C
9351342999
B0DX28RC51
B00ZIMEO6Q
B07J5DJLT7
B0F7XTQ2YL
B01FJ82R5I
B00V3U5QXW
B0GTMGCSXP
1636100287
B0GSK1MV4S
0471281174
B09RQWL3YK
B07WVDX4C2
1119897637
B07BZM6KTS
B0DB8XBV9J
B0DHWLBYS5
B00SSGAJ4A
0071826297
B0H79Y65K7
1923656430
B0B59Y19PC
0071849378
3031618718
0198444753
9353223075
1507222327
B0CTC5PS51
B0BMM11NF3
B00O2A7HMS
B0B5B1TWN1
0544319095
B08BQB9LZL
B081SV1VST
B0GSXRMTG1
B0078XGAPQ
B09S3VL7JT
B07MGJXR8Y
1523505745
B01LZMKPH9
9382733221
B0HCT4BKRN
B0DMFJ6ZS9
1138558990
7115275130
1292077832
B0BHZ9JK9F
1119883350
B005BP1Z2G
B0DB8GKPLR
9814641928
1032288264
1292349824
1912677016
1800204043
0131450654
1119543630
B0CQZ1CMQD
9389921066
9812770844
9392313985
B09JLT6WPK
0470971193
B016F6CSLQ
9812706089
0899309259
B07M8SGC7L
B0030T1WJG
B0DXCCDDRF
B00K7YGIHS
B01BQCR9VI
1786345870
B096SC1WJC
0471229997
7811229293
0471439819
8131216705
9387957578
B01LFEKDPG
B00L6FQUWA
0387279652
B085RCQTLX
9814663093
9389546699
817629196X
B0B1QHQJ1L
B0F31MLDCV
B06WVBP41K
9389921430
B0BLVYVJVX
0991423100
B0B6WFXH62
B09619Y5NJ
0324422873
B06WRRKSF5
0730369013
B0B21DGDTP
1634851854
1616682841
B0F6YGCBCJ
9339204107
8131789209
9357881859
9366651062
B0CSJZBQ9K
303095403X
9353162580
3110671107
8177225804
939291783X
1628084154
1636514987
B01FGJSVOQ
B0BT3XF1QY
819808729X
1119284953
140392287X
B01G2H6KGM
B0DNX4X8TD
812032367X
1682854345
143983752X
1536167541
1634849876
9813108797
1685074553
3642176755
1934043230
3642073468
B08VZVS2TV
1574441205
9811902429
8417262407
B0F241BB66
9388818652
1118930754
0792383443
B071WJYFBF
331930092X
1138455636
B07GFDYQW4
3642043127
0566078252
B0CX7BT6DF
B0DPX562CK
B08QF1BJ1R
B002D9ZL5U
B094DZ429H
B0F66SX3Z5
B072J34F7J
B07951LP8W
B07GJL36FL
B00F5SWZJQ
B0B5K8XW9V
B015WEN50U
B0892MJBD9
B08MKJTRBK
B0D2DG1GS8
B01H5UN9DM
B000V8WPOK
B0FCD29BT4
B0D3C3SYPJ
B09TYN7DB1
B00H85T3Q2
B0D9NQMMBH
B00A9YFYUI
1634840968
B07DH1QVHR
B07KRBDTK4
B00GLU4PM2
B00OD4O9ZQ
B0D3M6N69F
B0GX31YYWZ
B07ZPG6GNP
B06XCRN5ZP
B07R7CWRKC
B07XJGTCMR
B09ZRZJFB4
B09238F8YG
B0CW1KPFDS
B074XS74RS
B09DWNS6SL
1783530685
B07CTXKN61
9353165776
1138603287
1138569518
1041049579
1032648279
1420048015
1138583243
1420078682
877022210X
8770223750
0849309670
1032484691
1041092164
1032866578
1138977020
1420051091
9814800287
0240805941
0367192160
9814745960
0240806638
1032692308
0824741307
0367601729
1138529192
1420090402
1482227002
8792329276
B07V26JNBQ
1138285277
1420093088
082477650X
1138097853
1439808562
B08PKMF16T
B0GTZKXWCB
1138252778
1439846367
8770220948
B0H11GTMMP
1032739584
8770221405
B0DFMDBY28
0131465112
B0GTZXXV33
8793102801
B0H4L4GDTP
1315858983
879232908X
879360971X
B0FFB9TM11
B0H4KTT8ZP
B0DX7CQ4BX
B0GRGDSPHX
0205029418
1032524480
1466568747
B0H261S246
B0GRVYZXGS
058203650X
8792329527
0849301246
8770221545
024052277X
8792982085
8792982395
8770221707
1138263168
8793102755
8792329004
B0GSVYVF7Z
1420080326
B0DXQ7L1DJ
8793519400
1482230844
1138483486
8793379382
8792329446
1138497967
1041290616
8793379153
8792329349
8770225869
0415520029
8793609779
B0GRVL3LRF
8793379897
113822555X
0415602718
1138224898
8792982719
8792329721
1138998168
8793609132
8770221529
8792329381
1138699373
8793379404
8793379919
8793379870
8792329292
1138702773
8770220921
8770220980
8770220344
8793519184
113831577X
1138096849
1041181426
8792329128
9814669504
1138243256
8793102003
8792329187
8792329454
0849321646
0367198894
8792329284
0367133717
074943371X
0367714183
877022062X
1138173355
113824418X
9388022394
9401081417
904818858X
8176220728
B0C8B54LQT
B073YSRNMD
1138494143
1041322631
113809868X
1041324731
B076FBX7SX
013033832X
0073402745
0367238918
0070099340
0748408339
1859962416
0071102256
1859963552
1032516682
1420045873
1032731222
0073293970
B0FHF3B34J
036743086X
0306250039
B0B36MY72F
9814800872
0824797523
1259968901
0077640187
1032789956
1439840768
B0092IXW10
0070112231
007009831X
0367239361
B0GVSCXRZS
B0FN7BJ4B1
0072828374
B0GXBBW5HN
B0GWH8XM43
1859961584
1259718905
0072445238
B0DMVQ2TR8
B07BVBR76X
0070582874
B0GSSCC8XQ
B0FR9NG1V2
B0GXP8G877
0582297656
B0H3999MCW
B0H2GT1TC2
B0DHH12FZ1
0071151486
1259869202
B0H3922D5B
B0H3919PKJ
B0H2GGLH3L
1266541047
B0H3934YB7
B0H5BQYN1Q
B0GQTL7NHD
B08HM692KX
B0H391P963
B0H2CW4M26
0131478710
B0DW3YY2WV
0582447089
0534363407
1345508727
B0GX2WQZ64
B0GXH23PJT
9814774685
0824706765
9332558574
1292309121
9380856032
0367679124
B00QUYKZLY
0273766023
0130664928
B087ZN63D8
0071313036
8174872310
1111533563
8182053552
8188865575
B01BBR9RUO
8174462139
B01FDRH034
0136050506
9381952183
0618527869
0273748157
0131440977
0132555905
0131746170
0631198512
0314039082
0133848809
0340692537
0134235452
047000794X
813152941X
0761933603
8182180651
0324543034
1557867194
0618123296
0072469706
B0047T73O6
147396766X
1403936005
B00AJ3J5H2
B004T9Z84G
B07G3DMCRL
B07G3G6R7T
B07G3G6R7S
B07G3DLS4F
8179928578
0314036822
0176224564
0132222124
B0811YM6NF
9352596439
0367200740
0198717636
B0D8YKMG3W
1984645765
9355738137
0070667047
7301184093
B00ZY8U1H0
7313047045
7115281092
7562428972
B009O31CTM
7115248907
7302158975
7516714070
156829333X
756630433X
0130081175
7300092284
1133620949
7307103591
7111470273
7305051756
0873261445
7512102399
1452290636
0470530499
7512117094
7560545394
1459614801
129226442X
7309070410
0071108556
0077164121
0133086542
B01FGPSUHS
0133086593
1259097269
1260076849
1138595381
0340849401
0749415347
0340849703
0340849681
056607902X
1848725051
B00INU5Z4K
935480960X
B00F9FL6RW
184528271X
B01E9J0K8E
B01KY9DON6
B07658T4MJ
B0861BB7L1
B00D3RHEOC
0074709135
9351507300
1950496570
0367026783
0750685042
195049652X
0275936759
B09XTYDSGW
B0D4F3987J
B0BRVGBWFZ
B00GR3YICA
B0GX2WNL8D
B0C3QJT89C
B07MBVL4KY
B09KR711PG
1562860917
1904838243
B08R2F1W1N
B0CDBMHTT4
B00OY9LF6Q
0738208248
1119896002
B0FQBZBBLH
B0B59ZCZ62
B0861S6KY7
1949036286
1032226331
1472477456
B09SHVXLBW
0997447222
B0DQF1W85X
B07C5B1CMB
0394351126
B00KEW8GVE
3845436026
192834867X
0136589073
1259908402
144626730X
0131602586
0077437217
B00BNY4L6G
B0GJ9BH2V1
B085VY97YM
B0GQJKMZH8
B01DO6OQW4
0983332436
1259908364
135200402X
0134304233
0893972959
1408271206
0132225956
0273786636
0135637813
8189547313
B0GLGV74NX
0072934255
0071214941
130550075X
0415640288
0135639611
0631188738
B016H7S7FY
B078HDCKQB
8182814642
8178088177
8120333330
0683301306
B0CDWXW9XV
9389319293
8195567223
9367504489
B0GPXPKX8R
0340959401
7542932004
8121926637
9351421511
B002MH1BU2
3659872857
B0FF52SY4N
817194955X
750587232X
B0DKDH9VYD
7565414433
0787967459
B072P21JNC
1509749829
8181921739
0198093314
9390620341
7566404385
9391005527
7302274037
1133584470
8196097824
B0915YQXRG
162150199X
0976528029
7512115385
0071762507
B0FLWCS643
9325965038
0199494274
9389921058
9348415417
B0DQXBSDMS
8125905537
1119856027
0273718452
B005FQHF7U
9387472930
B07KBDM9WP
B087D3K4MQ
9385965662
B083Z6S22K
B01G1L61UO
1138817651
B0F4XGYH7W
B0FJG8LVVQ
B07D43VCZK
B008B1BLR6
B088D6GJLV
B0BX6RNHV2
7224063088
B07D9FMDJX
1119793637
B0F6W4K9J4
139417344X
3758305829
B0CRG1SM47
9381970181
0620676183
B01KI4Y7IS
1592575021
B01NAJJLDU
B01CRTM2LQ
B07FXZGV26
B0CXMFBGLV
1119912636
9811456631
1119989124
9391383114
B019CU8QH2
B01KY9DOA4
1119860989
085719688X
0865691452
1118724674
B085HX638S
B0036S4A86
B071W8P1M5
B07ZTSB8N3
B001PBSDWU
1636100503
1621590119
B0CW9C4CXX
B00TFD0972
B0GYQK2N9N
B0162M7D40
B0D64J9SC9
B0D128G51M
B01FBI2TMC
B00H3D8KGI
B08J8DV84D
B07FCBDPKC
1490799966
B004ASOQY4
B0F33N57QJ
1119885361
1647484286
0324067593
9350515407
1947843818
B091BD5YZP
1412918855
0273635328
0070620237
1787405176
1118274431
1292063467
1119896347
B08MBTKJ23
8126144815
1349347477
B09V31KNX3
1419516035
0991013522
0857196650
1950496376
B0DR96K195
8868963221
B07H51DPQP
9325969246
0470756292
1634928938
0471662496
0395433495
B01D50SY3G
8180545350
B0BBYM1M8C
B0B2PS5RP3
0826463037
0894136607
B00BUS2R5W
1118653629
B00161MUEQ
B01K174K8E
B01FEM9WR0
0993236359
B0B5FLG34S
0471650021
B0DLN1JZ63
1861526768
1408076004
0750685964
9814401846
0340947063
1041127294
1138250562
B07F3NVCK5
B0GP5SZD7P
0429503601
1315158094
1315735695
1315692295
B0C5SB2MHV
B0DH59XXLG
0415458471
1138149012
0849323134
0824789768
0748407014
1856288110
1138746037
1138582182
1466514205
0891162283
1439815763
8770220247
8793609051
0824792742
1003336906
B0FF58G383
B0BQ6JK2D6
1351170805
1003337708
B0DWGPFV9V
B0GR1FJKKV
B0H6HWYS6L
B06XDT4BXN
B08R18485Y
0850660696
1560329831
B0H38ZH8LM
1626180393
1621005100
1634844637
1536151165
1604567724
1536168815
1600213804
1536162795
153614732X
1634826361
1629488712
1536118273
1536162779
1607415674
1634843371
1621005011
1612098398
1620812959
1604560541
1608760189
1629489050
1622579984
1634830415
1536175811
1606921908
1629481491
1590332180
1613246161
1600211364
153617579X
1622571835
1536175838
1685078389
1622579607
1604565039
1633219224
1536173703
1626189803
161324102X
1617287822
1613248792
1626181454
1631170384
1607416263
1634843339
1607415976
1606924281
B0GMV6MJQV
1439887802
1138207926
0367245574
B0H2HDMC9P
1138323527
1032453982
1032724293
1138953830
113824323X
0415634709
1138422746
1859411436
113854194X
0367586231
0367439891
0367086573
041575366X
0367266830
1138815675
0367534207
1138815853
B0FGVBY1JH
B0933Q4CNP
0429022301
0415786274
B0GSFNVLDJ
B0GMF9MFB6
1003288103
1138241628
B0GY99N6MN
B0FKYZBFZS
B0GYXY365X
0367528126
B0GXGRR627
041578798X
1315659220
0824082575
1840147997
B0GRGMBN9C
B0GSK3GS68
B09MDT553T
B0GY3HY79B
1003092527
0415635020
0582292824
0367684195
1859417140
1859415687
B07GSC33QK
0750665343
B0DFPL6LS2
8123911866
9381914125
B00RP55WT2
0199581088
9350302853
B07QFVT499
0333986652
B0091HC2B8
1107027810
1848600305
0415622298
1529672848
6202531606
6139446554
B09DPBQ5BG
0198702825
B09F3HTYD2
0198775431
B0BGZDR3CD
9383750650
9392537719
1473915724
7811345692
1526487934
0631193685
1848735871
1503350320
1800370997
9681866576
B0184WHOD6
1478495669
B01N63EIL9
1490246339
B01JXTI3YS
6208415705
B0184W82PA
1843983591
B0C6MZL9VR
1843982587
1516555414
B0187SFT48
B00LXNBUJI
B078NPZQXG
B09V89X6T8
B0DDTJBD59
B0DSTKCPS3
B0GSP2BYFV
1634874633
935755355X
B0CGZPB8QR
B00EHV3O7O
B01AGERBZQ
B0GL97ZVDV
0749459891
B0DGDPRXSD
B0DW41QWD9
B092MDN4JC
0415632544
9358862025
0852926332
B0H8SDV4XJ
8126510609
B00GHM36YM
0738202487
1032007524
B092GHBSSN
B0H3H1V9B4
1398610046
1049411013
0070425302
B00V86MBEI
1633692787
B00DN270YG
B0DG6Y5ZKC
1035388081
B00XSDE354
B00OD4DR7C
0937120324
1035386526
B0C5DJDKZ7
1138146072
1998109305
022684143X
1857286375
1446272281
1035364220
B085Y4QXSY
0792381769
1633692159
B00OD41364
B084ZMYZ8Y
9352862317
B01BLX4FUA
1586445324
B0BSBC7TVK
3852281636
B07ZMVBQ4F
1032344792
0415723086
B08F2QDTM4
1529690668
1422119130
B0C22X9PLJ
B0FJ83NXLL
B0HBS6DKKL
1949395669
0749466022
1032900547
0071836993
036769946X
B0HCJF52XV
B0GY95XQS3
B0H8WNXT9M
9390620074
B0HCJPBN29
0415607957
0007346786
1032883111
B01E1G3RS0
B0HCDCHRJ9
B0HCJKCQF3
1633691640
0071799095
B0H3JBTB1V
0814438822
1472485777
1625278624
0071802665
0749468602
B0H6C7KFYJ
1260118096
0226041204
0071392319
1591398428
159059844X
1633696766
B0H74S28DJ
1570622051
1422141950
1032759712
0071377913
007174231X
1633696081
0071470433
1422162281
0814471196
0876592914
1633698122
0814408958
1625275420
1591397073
1633693252
1633697843
0471331457
1439891834
0060835915
3662459825
8174466991
0998730602
157675135X
0982107056
3319812947
0133925420
0471716146
1466551585
938604241X
B00RXAJO16
139862179X
0241367719
1292230347
1408270471
B0851ZGLY1
0393254097
1576753484
007183625X
1118466764
142219857X
1137360097
0749484446
1107683440
0415875552
9352808053
159667119X
0749483741
1845284135
1422114678
0761998365
1138252557
0750657693
B08QV5SZXB
B0GX2YT6D4
B088F4WSZ2
0750680172
0761935584
1138815322
041521176X
0415743400
1576755010
B07JJFD8GK
1631170422
1631177222
163463179X
1631172182
1607416964
163482895X
1536163767
1613245580
1560722339
1606924303
1629485934
1624172172
1631170406
1628080310
1621000966
1633214966
1620819287
1629489980
163483139X
1606921916
1607418274
1622576373
1606920448
1617280062
1594541779
1612092810
1634637321
1631173561
1611228646
1622578376
1620811480
1624179800
1606929607
1624171141
1611228034
1536185167
1626187037
1634854179
1536133175
1536181536
B0CT232TZW
1594546223
163483769X
1634637852
1626185220
1624179045
1560722312
1606926659
1606920421
160741564X
1628084421
163484551X
1607414422
1590336720
1606924451
1634631110
1629484202
1536128899
1604561378
1621005607
1633214249
1622572440
1590333489
1631172662
1536162272
1612099580
1617288837
1611224799
1634826736
1634856368
1613243308
1607410400
153610339X
1613249829
1626186154
1536160261
1631178458
1621005828
1560729244
1612092837
1536123315
1606927752
1396680535
1396311696
1560728280
1626181233
1626185581
1634856759
1629484156
1685070639
1604565500
1634840658
1604569417
1536161667
162948301X
163321219X
163482265X
1536136646
1626182175
1629487686
160692043X
1606922335
1629489271
1633212211
1608763552
1626180059
1634838564
1604560037
1619422220
1634857240
1634631293
1629483583
1634636880
1631174134
163484338X
1620818396
1629481955
B0G8L6D6M6
1626181845
1619424274
1634822749
1611225302
1536102741
1607417391
1620818531
1536161195
1492827843
1621009289
1498757960
168507992X
B0BYKF1QYX
1536162094
813170436X
B0C6MSY6QV
1536160547
B0FLQLJNLJ
1536189359
B0BQCSB4ML
B0CBPNSWC5
B0D6BTFKBH
0521350549
1617289795
1506521495
1617616893
1628089598
1622573048
1622576551
1631177850
161324679X
1634857895
1536122890
1622575431
1622576438
1634857801
1536140422
160741225X
1536107999
B0CT34ZD84
163482072X
1600215831
B0CRHJNH1X
153613029X
B0DJFCTD13
1634850289
1032176318
1600219454
B0DCGHTD4F
1629486124
1590331990
1536174998
1626188173
B0DJFD35NK
B0CW7WLCJX
1498770525
3662600862
3662601303
3662599368
B0G24KHNHC
B0FQPDWDHZ
1121913989
0080210155
3662606402
3662599287
1014710669
3662606410
3662602075
1138712507
B07Q4WNN54
0137146124
B07G8V5DH5
B0CPMBF9CL
3662600625
1013519469
B0D5MCVZ2C
1013637143
1014007046
1498771122
0131406345
1108421474
0878919821
0134663896
0750625589
192582375X
0471654272
B0CYBBB8JF
0080229700
B01E54D2HE
0071003037
9380501161
1848163681
0333452496
B01LYCXBZ0
B082ZSWKX3
B08DZ2GY33
0415695384
B0FPQL6JQZ
1463607016
0080410030
1466558830
B008B1BKZY
B000WQ10UG
1466660147
0471385867
0071511407
0070448256
0750684232
0071511423
0071511296
0071511415
0071511431
B000WQ10V0
0970876815
0071511377
B000WQ10U6
0071511326
B000WQ10OM
0970876823
9351443264
B0FD41K764
B0F89967V3
B0F84B4WZD
B0FCYVFG83
8125902805
8175154519
0191599999
8126537892
B0H8JG7HD4
0803994508
B0F85VL6J6
B08KRJFCFX
B0F8K2YDH9
B0DJ9J1HMM
B0F8KJ9VR1
B0F899DYYQ
3030584526
8120340787
8120343468
8120343530
B0H4M2XJYW
9815324071
B0G4WNJQ7Z
9815274724
B0F1XZRMXR
1616689293
1536144339
1592602347
1616686758
1590333373
1536126810
1634849264
1138701580
1536140899
1634844548
162257768X
B0BRBPQQ1V
B0DCGFCWCV
1536168351
1634833228
153614407X
1536119423
B00XXT9N4O
1536164976
1536104256
1536126306
161470824X
B0FRHHLR49
1041322429
1138198412
1926895940
1041085443
1138034622
1420043846
0367224224
B0DHNL79YT
100324260X
0429156936
B0FFHDFBVR
B0FF9YML6P
1420062379
B0H5C1ZLH9
B0H8D76SV3
B0C9WYKY46
084932369X
1462549896
1003227716
B0HCH9CMNG
B0H1V4YZB2
B0H46NDVWR
B0H488L8GN
9354645798
0071289135
0975994905
0071284761
1412918057
0071333436
2100788663
9339222164
097599493X
B0DWLPV5XR
1133586716
0273723685
B0CPZ2C1GC
0070145040
B0DVMQX98X
0071548858
3642070434
3319548425
8179923142
B00K7YGX2S
0071622837
B071K2PHJC
3540338756
B01JXRJOGQ
0132747324
1292022191
0195689135
157444350X
B0C7QH62L6
9812700722
B01A65N7N0
1119590043
0324381344
3540676821
0975994999
B08K9C1SQX
B017873XDI
0071375996
B096FLXKKQ
B00OD41XP0
1563273306
B09RZR7HLR
0078024110
1138256129
1981037527
104132393X
084934199X
877022174X
981430381X
1003337309
6205523973
9350141795
0815319800
B0FH4WJVNF
0849325889
B00OD4J5RI
1315313456
B0FFGYWHS5
0429347820
B0H25CKG7B
0429030886
1315752816
0203712145
1315187515
B0GWMWHSN6
B0GKZXSXH1
B0GWLDLGT6
1351072579
B0HCZXSYJL
B0HC7WWK6N
B0HC7NFJQJ
B0GVMS598P
1859465498
B0H2PXW39L
B0DWSZW4W2
B0GS16DJDX
B0GRZBWPR2
B0HC7J6S1Y
B0DWSDKCC4
B0GRDNP122
B0HCH59NZS
B0FGDTWLMZ
B0FPLRSZBH
B0DQ98V2HZ
B0HCHBMKRJ
1900564610
0415424445
B01NCNB4MJ
9350571099
1501747223
0230617417
1566392187
8170743354
938842395X
B08D6JDMFZ
8124606323
0531116263
9390696364
8122410057
1789430054
1890206296
1848851383
812241236X
8122420664
8122400124
8122407218
8122425763
1683363396
1032768991
8173280029
8173281076
1349498157
0739170147
B006P0INIU
1032457236
1780939906
B07KV2BDZ8
B0F7C65SDN
9356514852
B00BG7E840
1619421208
B00PVVDJM4
1617612979
B0CNTJ9QLR
1619421259
1608769984
1620812487
1607418487
9381450145
1606924400
1631178636
1622577175
1633210235
1617285064
1629483397
1617289132
160692902X
161209631X
1621008568
1624170595
1611223148
1606927884
1634848322
1634835875
1536167622
1629488763
1608760332
1604567155
1536122653
1536104779
1613240929
1536121592
1536135526
1612099165
1536133159
1621009343
1606929771
160876012X
1612095992
1536105910
B0DJFD8475
160741788X
B0F4K6ZZ2N
1536121223
1612095984
B0GLHRPB5M
1837690871
1536137618
1611223520
1536124737
1631179322
1606929402
1613243774
1634846516
B088SZRXQK
1621008665
1631177346
1634851099
1606921878
1617617318
1600218989
1617617652
1604563036
B0C6MWF7Q7
1634827759
160741130X
1617289523
1634636538
1634836464
1685075703
1624172091
1634822595
1634832698
1622578775
B09SQ4YHCB
1594544093
1629482331
1622578759
1614703248
B0DRS79QF4
6139659639
1626183929
B088P7ZJJ5
161209127X
1607411601
1600210406
161668948X
1536152684
153617937X
1634634853
1628083956
0415844231
849695059X
1556436424
B0FTLWCNQW
1613242778
1604566361
1634827651
B00K7YGXSC
B0GQLGRYW3
B01AT2IQZ4
1626186405
9385998730
981238913X
8190806408
0486467392
0521565626
1647840783
052102093X
B00D6L2W60
B0989KKCNJ
100921859X
B08QYG4KGR
B07MMWH7LZ
3642436935
B008SLQ0QQ
B00U2521YG
1475785712
B00MB8Y5KU
9810201435
1441932453
B08HR1SD93
9810244517
B0073UNLQK
0198507569
B0CZ1DD7Y7
B006A9PLX6
8173710961
1632384302
818868919X
366215594X
B00MN961MM
B0FK4MCRYP
B00FC49CVM
B00KGPV864
1608054004
B081PQWVDY
9812838899
B0H8S66JMB
1849840911
0323709540
9386322013
1632427958
1493940678
B0058MGVN0
1444186469
8184487495
163241399X
B005FQHDQS
B0DDQ86T2B
1441958711
B0G2RTPS4L
B0DWLVD96D
078173682X
1591032636
0070052077
8181289722
3031804651
0070374686
0781778824
1604067721
8185502285
B0G446H792
1626236275
0323776108
9351529401
7030482220
9386293471
B07CL46PT9
1451173628
0443119848
0195343379
9386322129
1909836354
1266092153
1870332911
B07SX57JY6
0071212493
1632425661
1872748686
B0CLLDPW23
1451175574
B092QZRLSS
1467944440
9351524639
B0F6VRTSDW
0781715792
303177373X
0750621656
9385891855
B0GFCMXL1L
0071849920
1604060514
1632417251
0323048552
1632424320
1416051627
0750613580
1632424304
0397518463
0815120672
6202808802
0443106177
0333491092
3132404772
B00901T786
B01IOYIW5S
0323401503
159756513X
0721637116
B0GYLDHTYN
9385891898
189001852X
0367392682
1405136561
0323392903
B0C6R6TS99
B01CYGUKA2
B00EX99KQO
B0054JX950
B008QOVIA8
036739135X
B01HGSLEXU
B008B7VC38
0323778380
0769300537
0323356710
0192888706
0071402373
1635507774
B00HEOXKRK
0071464409
0721628672
1944883398
1451143672
938207600X
9380316070
3318063703
935621137X
B00931JXBO
3805593163
3031343565
B07JG161CT
1444120980
B0FX2X3PB3
B0DX2JXBLB
8119613821
B0CB99C7F9
9354666140
B01HVHR0BQ
8123919115
0892038454
9352551273
9386478153
1805010026
7567913372
8174733523
0957686374
B08ZXBHN4X
3131445513
8131264319
1118561228
1907816992
8131249964
8184450834
B012BTKTVC
1405133295
7117295481
8188867586
938918827X
0397513070
0721603645
7571400716
032337462X
B08DH9HT49
1108722156
8195894607
0071832807
0323709842
0721659012
1626232008
0984372423
1626236224
068307928X
B01L27MS40
1455770647
1447167554
1477260951
B0CQQ7MCT5
B09NJN64N8
081515903X
B01LTAZ8P6
1259642860
0323880665
1107623731
B08TZNTWZ4
B01N9WFGQA
0443102732
B0DXPPHHGM
B009ZRNRPY
1632397277
1032134364
B00C74IX2Y
1447111788
1447154509
B0BX6J6Q18
B01G3Q2TW6
B0DDY76518
B09LGDSDWG
3805539371
0323025900
1416044442
B01N460IEY
3540126007
B0C9S84WQB
B0B2T7T3XT
1119658535
9385062883
0892037350
B0072GN5SE
B01JXRUQPE
0702033936
B00BWWHIQ4
B012BTKT9E
0071763775
0801607523
0367722356
B0D4VNM261
B0D4VRVGJZ
3540699635
B0B59YYHGK
B08HWCXT61
1731161832
0323523811
0443069786
9385062786
1626233462
1626230382
B0CKFXVTS3
0190055189
B0H5CV1CZ4
0197786278
0393330494
1626231044
938506262X
B07FQKKS2B
9388257758
B0H8SNRFX7
B0BW8YWGW9
0443069573
1626231982
1604066385
1684204984
B011DB6T5Y
B00CAFFWAG
9392819951
B0FF4D31KJ
1588905004
0323374808
1684201268
1626238227
0444503668
8187925973
8189926683
9386150433
B0DY7X2ZK4
1684206308
9386056127
3031236866
B08699XYKH
078172757X
B00O8PGJNU
0954881303
B00DPYWVEQ
1604065400
380551431X
B0FMQ7KQBX
1588904229
1604067357
1626233470
1784709360
B0CW21FBWT
1839686863
0190887729
B01529P1G6
1588904997
0190887672
B083V75MS5
B0CLKZFGD5
B0CL7WY79M
1684207673
0323356370
B0BF5T2ZG3
0632048387
0865779090
B06XPC6DDT
B0B7QS3Z2L
B0CHXWSCDR
0397518404
1840760117
B0CJWJMQSW
1588902714
1626239274
1684206146
0190617071
0323509614
B0F35QRFP5
1617373877
3805577842
0815121458
B0B1N6X6HX
B00J0ALTJW
3036569235
B0CFQ74K8N
3642541143
B08SJ39N3H
3030176517
0070011168
B09QC7C4X1
3211999027
0190887621
0128008709
0443050619
019088777X
1626231060
185233522X
0815103220
B0CL7TTZ9Z
303197154X
1626230366
B00FBUYJQK
B08KF5HZKZ
303159780X
3134535025
1604067594
3319721674
1405116412
3642637477
0323321062
0190617128
3030096998
B0GX78CK28
1588903990
0190936258
B0FF4FBS16
1681081237
B09ZRWYN7X
0781731968
370911912X
032375614X
B01N7WXB6I
1626233780
110883146X
8170264944
3131275413
1788825020
0198570678
3136448014
B0CBJJ1S19
1119224896
063205154X
0398023255
B003U9WQJ6
B0GF29Q2KM
B0GPY43R34
B0CQ56SQZT
B0GDXC5SDG
8195720420
8131257711
1498776000
B0FBXGNF7F
B07QM9NCJ6
B01BJ4U8FW
B0H4LJHQSY
0198703953
B00I2O5RHM
9390507952
0323624790
8194255066
0323546056
B0H7T5XTDL
032354391X
0323549322
0443058857
0989019853
B07FF3FLP6
0323533671
1581108176
8195056067
0323582885
8847014042
0071820256
9350254948
8192842045
8181912934
1610022246
1451192681
9351527697
B019WQR59Q
B01N7DRGRU
9351295966
B0CKTHG1D1
B0DJGPTXFL
1416026371
0750624469
B0CGJ4GDZK
B00K86UY3Y
3030288285
0397511019
0397506953
8184735901
B0DS6DRSZX
1455726389
9351521419
B085BGGCQK
B0H7WTR24K
B0CGJ272KZ
0443049920
0521735238
B0H8CWVPTV
9814313467
1610021401
0323533663
0071544313
B0CQCWJYTQ
9354657486
1632426617
9351343596
B0CWVGQ9LF
1496394259
032387875X
1416000399
072953832X
0323878776
0721679862
1437736114
141603160X
0781735998
B07WGHXD21
8418892110
0323029663
0781790425
B09QQP8B7C
1138456993
B0BQ5H1498
B085LW1PK3
1978422342
B0992NB16J
B07KJVD3SX
3132457981
8847039193
0323352146
B06Y3WZZWM
3662629011
0415191858
B0DDY6ZPDD
3319987690
0632050497
0826109756
0826139094
1975222458
068301059X
0826157319
1610020529
0415477557
1137398469
3642209483
3540673482
B09DGHN3S4
3662493969
0128205857
8123908091
8185240353
B0C5BHPCDB
0412399504
B0BHZ88NBK
1023721813
1023646552
B0FKKRLQ2Z
0050016679
1019291087
0197614604
0582088488
1016083564
1021513350
0471192872
0331669293
1536128929
0045490112
1603861025
1017237700
0939950812
B0CWYY591F
B01K0V6RT6
B08JHPRKV9
1015510884
1420077589
0071410449
3211810951
0471821829
3662648695
0939950731
1015570887
0939950251
0939950553
0939950200
0070342180
0471193100
0072345721
1068786116
0265412528
3709170699
B07ZT4VFWB
0939950650
0195149106
B09R92MJRX
0548868557
1461366348
0939950294
1169320562
047157452X
0332375102
B00LZSQ6YK
0442276818
B0BT8CBJLH
9348631659
0071837728
0198734956
B09R39GPTC
B09RX1C3T2
9388022181
8194865247
936616594X
0197679757
0199584079
8181912500
0071464301
9390616247
1420092235
0071761667
1118829069
B0CVQ7ZJCZ
B0GMH2NJ8M
140518227X
8184452861
1405183217
0071663339
1118728122
0323035957
1394217560
0199373337
0199464723
8194466768
9385880888
9400982186
1119211387
0824793986
1627039317
0071768483
3642006477
1632426544
1503205983
B09MKBGX56
9387886069
1934465291
1405181931
3030098931
0367393999
0470673141
B0D5VT2KPZ
1259250970
0323826881
B06XX6J4TK
1437705626
0632055286
B09NGXW29D
0199827613
B0FMP3FT8H
1938245032
0071490078
140518745X
0192630393
1938245210
0824794109
019968636X
0071416307
9386150700
0198569866
B00N45FWYM
1639271937
B0FP3NTCLK
B01GJB9U04
3030215393
B07JB6TQ69
1607616874
1492209953
3319342126
0702025925
1841846937
B06Y1R38FY
1451190190
B005OLDS5E
2850305170
9402404082
1437709257
B081HDZQ52
B081HFHXYQ
0199584176
229409641X
2356401741
3319400142
B0CFQ8ZH2G
3437241605
3642049346
9811619980
B01CHMOA8Q
B00IS2J9WC
2757310569
B011DC4U36
3639068351
3642247091
9811568553
0131811770
0133672522
8120347838
9325992353
9356931305
9386845989
9353677815
B077TVXDWD
9814635782
9352995511
9380179456
0521634547
1107057647
B010WF48WI
0128156791
8119365909
1108716970
B00AKE1TN8
B0CKT5SKDD
0123822254
0128184647
