9780979898303
9780865735125
9780918606174
9781407606699
9780197775813
9781009344913
9781009714013
9781530740628
9781009495677
9780865265158
9781009715607
9781009634267
9781009634243
9781039013544
9781009486262
9781009329255
9781009485159
9781009055079
9781399544795
9780980541984
9781423669500
9780971086944
9780982272664
9780901780102
9781009273824
9780956984005
9780857306241
9781009589352
9781009678186
9781009808798
9780871715500
9780871710758
9780867188295
9780443063916
9780367269500
9781009698788
9781009660839
9781009672054
9780953143337
9781009667739
9781009583145
9781009768160
9780892329090
9780956967022
9781009644044
9781421454351
9781420286366
9781009376358
9781009704243
9781419004087
9781434106001
9780735243057
9781009749114
9780895512062
9780961906733
9780982867099
9780932686305
9781435462670
9780941846455
9780880488204
9781009567237
9781009407106
9781009407137
9781801086776
9781407613611
9781009611084
9781407362892
9781009639354
9781407362199
9780947219147
9781009680530
9781009407458
9781484290910
9780967254340
9780994811202
9781405966719
9781511894302
9781009672320
9781009161190
9781009501033
9781009501040
9781009363242
9781009677707
9780979299391
9780857113696
9780957666573
9780996859097
9780838505564
9780367411718
9781009431002
9780893030001
9781009805742
9781444981094
9781009427173
9781434105899
9781009682749
9781009548236
9781447020899
9781443478700
9780901601902
9789076041438
9781419775673
9780887233494
9780367411602
9781009740708
9781009245579
9780857111456
9781009743365
9781439927618
9781444146059
9781009632829
9781009632782
9781009728416
9780645081725
9781009331791
9781009808866
9781408096390
9781451190441
9780961163297
9781009814539
9781009818315
9781009798549
9781009798044
9781009798051
9781009798105
9781009798068
9781009798075
9781009798143
9781009060943
9780901865267
9781420530551
9781009643092
9780865425637
9780872291447
9781009498449
9781421454184
9781009709798
9781009408288
9781009770484
9781407362939
9780956809643
9781009675109
9781447277187
9781009685443
9781009569354
9781009569392
9781009495974
9781421453545
9781009364010
9781009643191
9780911079050
9781435487802
9780979761935
9781529668773
9781009419208
9781009598477
9781611139150
9781445192154
9781107508545
9781107508552
9781107508682
9781107508712
9781009707671
9781009707664
9781416022237
9780915391394
9781009679091
9780892879311
9780891168430
9781009433754
9781009660631
9781009588102
9781009448734
9781009614115
9781451107210
9781009511360
9781435486157
9780991563555
9780992424909
9780882291581
9780860035350
9780949432094
9781009685047
9781009724296
9781009539586
9781009547185
9780984193318
9781009598576
9781009393614
9781009769617
9781009180139
9781009515719
9781009515689
9781009636896
9781009374125
9798282305388
9780866475938
9781009652988
9781009780605
9781009074711
9781009649810
9781433197758
9780923369316
9781009165822
9780873899840
9780894351167
9781009479455
9781009635257
9781009635271
9781009572873
9780946148813
9781009706650
9781009449380
9781009640367
9780983275756
9780941158893
9780997400199
9780989884877
9781009679015
9781009482561
9781408748589
9781009726917
9781009451741
9781009400053
9781009598705
9781009669542
9781009300902
9781009221245
9781407655871
9781009675376
9781009675369
9781009446945
9781009328807
9781009622066
9781009461054
9781009461047
9781009518765
9781407363707
9780980224795
9781449686666
9781009272353
9780879074487
9780979457289
9780852728239
9781009660488
9781009405584
9781009326346
9781009539302
9781009337656
9781400351855
9781420529630
9781138583122
9781419786082
9781009461283
9781009417334
9781009608572
9781009651943
9781009642972
9781009586160
9781009650694
9780872813076
9781009587754
9781009718103
9781565108714
9781009640428
9781009619523
9781009806022
9781009551175
9781009550277
9781009823166
9781009807036
9781009806053
9781407362458
9781003863403
9781009056076
9781420286373
9781420286380
9780992552855
9780996223850
9780853186212
9780857854162
9780871548252
9781009417945
9780903345064
9780998348452
9780995533561
9781447077732
9781447998358
9781009663571
9780865435315
9781009486699
9781009421027
9781009098137
9780992424534
9781445197623
9780853186144
9780956777317
9781421454030
9781447174622
9788129151940
9780871710550
9780907780168
9780970344939
9781009576352
9781009634069
9781009372411
9781009571845
9781453336168
9781421453606
9781009692977
9780852727553
9781009691116
9781419780936
9780995740198
9788182202979
9781009576970
9781009435079
9780906227404
9781009697521
9780944992395
9781435173415
9781421454436
9780871716095
9780852936917
9780852726501
9781447174295
9780884165781
9780979874734
9781009619394
9780737706772
9780943255033
9781449629359
9781009673709
9781009673716
9781009630108
9781399623865
9781009530293
9781009530323
9780891169758
9781009714761
9780991301157
9781421454054
9788170691228
9781009564885
9781009564922
9781009747431
9781009747400
9780989177658
9781421453750
9781420530469
9780976614692
9781009622936
9781138583184
9781009606271
9781009698443
9781421453088
9781009431484
9781009441308
9781009670685
9780982933510
9780992837754
9781009383035
9781009452458
9781009980159
9780471339045
9781009272186
9781009612319
9780992329785
9780936115009
9781009500128
9781009500135
9781009450928
9780992858162
9780990625964
9780857051264
9781423464952
9781009842464
9781009590549
9781405163644
9781009641678
9781009707992
9780691145815
9780691153254
9780691147277
9781407363110
9781009565288
9781009450058
9780521738323
9780857306265
9781009274333
9780981166032
9781009633536
9781009631570
9781435173408
9780993396564
9781039007970
9780977402427
9780972098007
9781445197593
9781036128753
9780857306227
9780861967575
9781421454016
9781399812306
9780957554993
9781009444828
9781009015233
9780956410078
9781009671361
9781009671354
9781009402583
9781009617604
9781009714358
9780986622571
9781009108348
9780071117463
9781484256862
9781429206426
9781009766289
9781009766258
9780854903115
9780883823156
9781009658287
9781009782104
9781009733816
9781009532778
9781009633871
9781009633895
9781009676243
9781009711364
9780871548528
9780850368017
9781009570879
9781009660525
9780050400395
9780930326180
9781009011198
9781009682619
9780859767439
9781009625760
9781433167270
9781009527200
9781009527217
9780997848274
9780979921988
9781418005788
9781449648015
9781416027300
9781447174783
9781009602631
9781009358811
9780955247392
9781423901891
9781003864288
9781009578622
9781009180764
9781009305020
9781009760225
9781009413992
9781009601023
9780857507341
9780960125982
9780991389490
9780870652844
9780000988140
9781421451763
9781009610742
9781420531848
9780872869448
9781009364119
9781420531749
9780853124245
9789251078631
9781009499446
9781009561105
9781009669450
9781009298322
9781009566872
9780906245514
9781009459990
9781009498272
9780888397959
9781009699808
9781009706834
9781009613712
9781009613736
9781009501347
9781009325615
9780913785904
9780889714984
9781009651356
9781009651363
9781009466578
9781009598644
9780975621622
9780975623046
9781009629362
9781009223201
9783030113872
9781426224591
9781009527804
9781009687713
9780994296245
9780881442755
9781009631167
9781009539265
9781009329040
9780908598557
9780993560774
9781009524469
9781009505109
9781009505123
9781009417419
9781009292894
9781421453569
9780916094522
9781419771125
9781421518954
9781009646550
9781420534719
9780859767422
9780852987940
9780999280317
9781399219341
9780198423867
9780954106898
9781009658867
9781009658812
9780932624475
9781420531879
9781009500791
9780874344172
9780993804304
9780861549825
9781009527309
9781009325899
9781009470315
9781009691383
9781009656139
9781009644631
9780974490687
9781009730525
9781009730518
9781009543712
9780953494453
9780998173696
9781009811842
9781009811859
9781009811828
9781009812016
9781009811835
9781009811897
9781009811910
9781009811972
9781009811996
9781009811774
9781009811798
9788131223802
9781484248324
9780952731177
9781397670328
9781009677578
9780241626511
9781421454702
9780916589271
9781433844317
9781009674249
9781009674201
9781009565745
9781439080757
9781009698702
9781009241342
9781449601973
9781439048757
9781433195143
9781421453422
9780877627111
9781447372110
9781009549059
9781445191584
9781009590914
9781009605823
9781009605847
9781009592468
9781009592413
9781009479318
9780998424620
9781009733151
9781009810081
9781009810210
9781009809917
9781009809986
9781009809948
9781009809795
9781009809818
9781009809832
9781484285466
9780925760159
9781009614320
9780133492675
9781009054454
9780367410834
9780982456460
9781408283394
9781009287159
9781407363660
9781009487771
9780995532380
9780903200264
9781009647281
9781009273046
9780970801074
9781009619592
9780881732313
9798562696007
9781009705134
9781446294345
9781009656078
9780875243092
9780857467713
9781009486156
9780871716446
9780871715715
9780907125488
9781009650939
9781009635356
9781009692885
9781003863106
9780853617792
9780853617754
9780864493224
9781009520430
9781009799690
9781009221498
9781447374978
9780874476262
9781009045421
9781009664172
9781009645492
9781009671446
9781009421874
9781009595216
9781009595179
9781009738378
9781009738392
9781009542180
9781009704601
9780917010286
9781009587686
9780903166539
9781009722537
9781009295840
9781433188930
9780857306197
9781447138570
9781419778735
9781009645508
9781399210799
9780978556877
9781009012294
9780871716316
9780871714855
9780871716064
9780871710437
9780871715838
9781449644932
9780871714015
9780871710444
9780871716224
9781009322331
9780906245521
9781009352741
9780872016644
9781009272070
9781009631310
9781009244428
9781009632768
9780913351468
9781009559010
9781009646321
9781009813198
9781009813143
9781009813235
9781009813273
9781009813334
9781009813341
9781009813297
9781009667920
9781009542999
9781009231473
9781009231480
9781009231411
9781009517492
9781009231466
9781009231459
9781009227353
9781009227360
9781009227278
9781009805452
9781009227339
9781009228404
9781009228381
9781009228398
9781009228374
9781009228282
9781009231442
9781009231398
9781009231404
9781009228299
9781009805568
9781009228305
9781009232401
9781009805490
9781009232418
9781009536561
9781009536578
9781009536530
9781009536547
9781009348690
9780950791524
9780986023132
9780993350498
9781009436946
9780977556922
9781009683159
9781407363684
9781447377443
9780691114118
9780963446688
9781399951685
9781009507547
9780700702008
9781009611862
9781009821377
9781009539357
9780989256124
9780972980388
9781009446587
9781009619714
9780367414672
9780878720750
9780996725538
9781009674508
9780993624261
9780851989327
9780981576442
9781009335317
9781009581004
9781009644440
9781009420242
9781009618328
9780853125792
9781421454580
9781003864240
9781405991605
9780964680487
9781009613453
9780901601841
9780865432871
9782874910227
9781009420303
9781009644358
9781009687867
9781399210737
9780956307088
9781399210768
9781399962155
9781399219365
9780871710123
9780983908753
9781009446983
9781009565707
9781421454412
9781009589505
9780887487293
9781009647854
9781009647878
9781009481779
9781009447027
9780874881509
9780874880410
9780948153273
9781009373715
9781421453668
9780985471095
9780999165034
9781009636926
9780859767415
9781009500456
9781399829960
9781399525992
9780992858193
9780900952647
9781009591201
9780879861292
9781420982817
9781009215824
9781009280600
9781009113229
9781009015967
9781009703451
9781009332088
9781009031202
9781009314039
9780867306774
9780887232459
9781009558945
9781009455411
9781009455398
9781009426800
9780854440832
9781009651875
9781009733069
9780966263534
9781421453965
9781009319898
9781421453149
9780986437779
9781420534672
9780977861644
9780861874620
9781421454160
9781009675482
9781036143343
9780980239577
9781009566681
9780930323707
9781009670241
9781009358781
9780901333551
9781009681636
9781420532180
9780857238528
9781009544412
9780904148640
9781009712781
9781009712774
9780866986144
9781009669023
9781009730372
9780901853653
9780913785829
9780993941139
9780937666777
9781405967761
9781009553278
9781420529791
9781009459914
9781399560238
9780988293946
9780931170928
9780940490345
9781009436335
9780956582492
9781009206204
9781009748179
9780997773552
9781009407724
9780920119853
9781009505994
9781009506007
9781009492973
9780878144365
9781009315760
9781009654555
9781009701488
9781009701525
9781009661249
9781009689328
9781009627313
9781009627290
9781009343909
9781009608114
9781009608121
9781421454337
9780934375825
9780853186403
9781009513876
9781009513869
9781009663311
9781421454658
9781009648448
9781009583718
9781009583701
9780854440863
9781009710718
9781009710725
9781399559317
9781009705233
9781009705257
9781009671453
9781009439435
9781399041904
9780995801134
9780989177634
9780933775442
9780948543494
9781009646789
9780875659565
9780853617778
9781408721490
9781407621852
9780851249582
9789251084021
9780990371724
9780980757903
9781408863534
9781420286328
9781399976053
9781406911022
9781009502870
9780921075028
9780853617785
9781441347206
9781560068488
9781399628976
9781009708272
9781447077718
9783446228481
9781009342957
9781399545228
9781009496155
9780878202492
9781009453738
9780995712775
9780859767460
9781009699754
9780899709994
9781039055940
9780367413125
9781009537407
9780367221744
9781009512978
9780949578716
9781009488754
9780992834197
9781009660600
9781009660570
9781009673167
9780992972486
9780907854289
9780970519603
9781009665971
9780924922282
9781421453729
9780999122365
9781009644228
9781009769747
9781421455075
9780888903808
9781009644273
9780404038038
9781009805094
9781009805667
9780996878579
9781009535335
9781009535311
9781009570145
9781009570121
9781419775260
9781009740043
9781009675932
9780995781634
9781009621632
9781009546744
9781009584012
9781009584036
9781003863892
9781009643269
9780995580824
9780872638518
9781039014305
9781009684101
9781009684057
9780984213597
9780897227483
9781009638081
9780982468388
9781009408073
9780850212860
9781009627696
9780907434290
9780985374846
9781009321488
9781009360036
9781443475822
9781420286342
9781420286359
9781009663250
9781009289481
9781398260672
9781009634328
9781009634281
9781009498593
9781009498609
9780966186567
9781009596725
9781534969223
9780989369565
9781039012356
9781009550222
9780957502369
9781399210881
9781399211062
9780880390774
9781005481780
9781005527266
9781005147471
9781005519940
9781005721640
9781005343378
9781005214753
9781005533137
9780985374839
9789380206394
9788122305890
9788189059835
9788131024645
9788178081335
9788189059361
9789386478030
9789350026038
9789395310857
9788121619868
9788176211291
9788131207604
9789353164935
9781730160547
9788185211732
9788131503836
9788185860251
9789389996142
9788121614832
9788121619943
9789353166953
9788121616928
9789385039126
9788121613460
9788131787526
9788121606707
9789385160912
9788187392248
9788171641048
9788121615266
9789381335192
9789381335406
9781423955658
9789381335710
9780521698597
9788123919959
9788123923109
9788123904146
9788121618397
9780070657168
9788123909912
9789381177013
9788126522231
9789381335499
9789388725910
9780070593725
9788131761915
9788185822297
9789381335598
9789381335611
9789353166922
9789381335765
9788176211376
9789381335963
9788121610490
9789381335949
9788170351733
9788186809501
9788121605397
9788131505557
9789370607385
9788121619776
9789389538298
9789350021798
9788185229300
9788121618236
9788121619653
9789353164713
9789381335574
9780195687422
9788123916712
9788187421191
9788189833862
9788131503119
9789389691214
9788177224627
9788172747831
9789383283101
9789381335888
9789381335734
9788177588163
9788173057427
9788121620567
9788131756409
9788121617680
9788121600583
9789350892534
9788193877296
9788121613323
9780198099871
9789353454487
9788126122868
9788121612937
9781730128066
9781730128141
9788121617390
9788131775745
9788131762974
9788189487973
9788185002910
9780199560882
9780070472426
9788123910161
9788199204782
9789355211149
9788176211253
9788193073711
9788121614580
9788121611244
9788121618625
9788194847755
9781935677567
9788185680156
9788131504345
9788131718902
9788123916286
9788121619141
9789383283217
9788185616940
9788123916248
9789381335680
9789937007979
9789363865068
9789363869127
9788121620338
9788191064285
9788121615723
9789381335727
9789815202649
9788185122694
9788123922270
9788131311004
9788121620147
9788121615068
9788121618618
9788171170722
9788194740001
9789385494123
9788131010440
9788121614788
9788190843379
9788123920405
9780199582112
9780198099901
9789350025024
9789812530714
9788131711316
9788187879343
9789389688467
9788119948048
9788131732168
9788126539451
9788131225554
9788123918808
9788131228708
9788123914282
9788178087306
9788186684689
9788178553771
9788182961470
9789385915604
9788121614757
9789381335635
9788131202906
9781259029851
9788193095690
9788121616386
9789353168087
9788131510315
9788189833749
9788193424704
9789381335352
9789386221957
9788131734360
9789381335956
9788121620529
9789937761000
9788131213032
9789390430437
9788121614771
9789371362917
9788119922161
9789365619645
9788183212670
9788121617734
9788121615952
9789384478698
9789384478926
9788121615938
9788121618267
9788123926810
9788171981236
9789381335628
9788131217092
9798123913765
9788170421788
9798181477087
9788123907703
9788121616508
9789371360166
9788193073704
9788121615631
9789383283118
9788181892751
9780190121396
9788121620345
9789390619320
9789349881259
9788190720588
9788190720595
9789350468739
9789367213759
9789367211656
9789384478148
9788175812925
9788121604376
9788171562114
9789352820498
9789367134863
9789810164300
9789350330593
9788177586473
9789381335673
9780199560301
9788121618687
9788174822444
9789815293456
9788177225495
9788177225723
9789332533257
9789395287692
9789385998577
9788126525584
9781447175643
9781447175827
9781447176022
9781447175605
9781447175766
9781447175650
9781447175964
9781447175971
9781447175711
9781420092684
9781447175889
9780891168140
9781447175759
9781447175940
9781447175674
9780883188736
9781447175636
9781447175896
9781447175957
9781447176039
9781447176046
9781447175872
9781447175933
9781447175858
9781447175902
9781447175995
9781447175780
9781447175773
9781447176015
9780521750899
9780857113184
9781009807098
9781009807081
9781009807074
9781009551182
9789354641558
9788131269145
9781009809870
9780867292824
9780004748924
9780683180206
9789354641633
9781041229995
9780770717780
9780808922711
9781259921612
9781550093742
9789352294787
9780195673982
9780195674095
9780521594837
9781000001518
9780879935641
9788131518250
9788847039643
9781071602850
9788183765558
9781444736595
9781041086215
9781009517508
9788178331362
9788172336899
9780521605687
9780367438586
9781444198157
9789389811988
9780892816774
9788175053021
9788183761680
9781447283188
9788189011864
9788132237259
9788125058779
9788189471729
9788170554837
9788183760591
9781444949186
9780857425959
9781416026051
9788171856671
9789352866489
9781447286981
9788183761413
9781444949063
9789391208325
9780702076398
9788170553472
9788183761550
9788183761390
9788183761994
9788125042839
9781493977314
9781493977291
9788183762878
9788183760638
9788183763059
9781409335122
9781408347638
9781444955309
9781444955255
9781444955293
9781444955194
9781444955224
9783662562154
9781444955248
9781444901214
9781444955231
9781509857784
9788183762144
9788125062394
9789390727995
9789350004241
9788183760836
9788190307857
9789350021415
9788126516612
9788183763219
9780808921509
9789350004289
9781444776966
9783319709482
9789383096794
9788189473051
9788120417151
9788131730782
9788125026556
9789352295838
9788173717260
9781071603703
9781509857654
9781509857531
9781509857708
9788125056294
9789386397430
9788173718229
9789350483381
9781509857692
9789354663741
9781493998258
9788183762137
9788181895370
9788123735443
9789332585348
9781260460759
9788123925592
9788181892683
9781509857760
9781509857500
9788184739138
9781509848850
9781509857661
9781509857715
9788126528554
9789353066260
9788184731521
9780143463276
9788125035473
9788187421337
9789385755682
9789815162202
9789815162653
9788126547982
9788126547203
9788126549351
9788185860671
9788181892812
9781493976270
9788120744288
9788123748146
9788181892454
9780593541869
9788897986096
9781138367623
9789386313669
9780670092642
9780670091904
9781259097225
9780367894900
9781509849024
9781509857494
9789353168384
9789326355322
9789326355315
9788125040316
9789326355339
9781138569430
9788131267790
9781138198258
9788189836153
9788183765435
9780143467823
9789354600807
9789386397478
9788190491433
9789386313690
9789353503079
9788181289223
9780143474364
9780143419389
9780143444527
9789350336564
9788192565521
9788184891027
9788181289001
9788181288509
9788123923062
9788123913094
9788125034339
9788126547227
9788131525159
9788181283559
9788181289193
9781138098688
9789339220112
9789385915208
9788126572298
9780143450719
9788123908533
9780143442592
9780143448150
9788126560257
9788184891515
9788126534562
9788123907543
9789353162863
9788126547968
9789332902824
9788126546824
9788131522981
9788123923284
9788123900308
9789351037125
9789350002810
9789332901926
9789349042186
9788126551958
9788126546978
9789332901476
9789332902985
9789371366410
9789380257099
9788123911304
9788190750554
9789350005248
9788178241692
9780818502422
9781637510896
9780781722285
9788123916088
9781009545860
9789386348234
9781849152969
9789384052904
9788178122229
9789353430030
9780197775776
9788172340810
9789386215079
9781626924475
9788188039616
9781250152251
9789387863774
9788123905846
9781509854455
9780536598899
9789350090572
9780330514026
9780008813581
9780323228923
9780952874652
9780997065473
9789351032618
9781009589338
9789386826633
9781445234632
9780871716422
9781562516178
9788184777314
9789391165932
9789350727256
9781009672061
9781668972892
9788126561216
9780030455827
9781433196348
9781446111031
9780997918649
9781449643386
9789388630252
9780955194320
9781407363943
9781009704205
9788178120188
9780911311228
9789357316149
9788179292518
9781506703565
9781789092578
9780753446096
9780205264445
9780881679793
9781407183527
9788123920122
9789389391749
9780851153186
9780312518677
9781545552377
9789361312038
9788190002714
9780071134156
9781529030754
9781626921252
9789369522996
9781009353083
9789997620323
9788181439031
9780408013413
9798174733787
9780993322471
9781849152990
9788170551171
9781412200318
9788172340377
9788126546312
9788170559856
9781399810630
9788176554374
9788131208182
9789385854873
9788131207246
9781919951775
9788123901763
9789350729885
9789389915273
9789350727201
9780006201403
9781447951056
9788126521494
9780971096110
9789387863323
9788123904573
9789389351644
9789385936760
9789354352195
9781439740811
9780230741430
9798181891135
9781009740722
9789386215024
9781509898213
9788184890440
9781519470836
9788129115294
9781412915137
9780439473248
9781408076019
9780071128995
9781133189572
9788170556718
9788123922775
9788123913568
9788123903583
9788178122502
9788178123233
9789352754557
9789814151573
9780330455947
9781452280110
9780995138674
9789352750085
9781108688123
9780963975904
9781447208877
9781447804802
9781259253683
9789380206615
9788131200919
9788178121765
9789997638151
9788174730589
9781512001907
9780330437912
9781138581807
9788123920221
9789356408203
9781423424895
9781439085028
9788180222276
9780876328521
9781400355723
9789361314094
9788184739039
9781630059446
9781009660679
9781439752050
9789339223168
9781407364155
9788131206485
9789386310347
9789388725866
9781009685023
9789387863880
9780966824520
9781445747088
9789388002226
9789364440561
9789364442749
9781433197734
9781009611275
9781446197271
9781445268811
9780995138605
9788178122441
9781626921177
9788181439987
9780902940246
9781935934042
9788181433992
9789812406187
9781684055968
9789361312571
9781009569071
9781009725712
9788186494806
9788186877135
9788178122267
9781405880565
9781519703712
9780857526472
9788179292532
9781412905947
9789353450212
9788184775068
9781009742955
9781407315942
9781407315959
9780920564028
9781682500804
9780871715739
9788170556589
9781400351831
9780486284804
9789354358791
9781412972420
9780984580453
9788131217405
9788131520789
9789388934657
9788178122670
9780878499830
9789057025105
9788123914503
9789354358845
9781447811060
9781447838081
9788178121673
9780969919605
9781446274811
9780702046759
9788123927190
9789385274596
9789380316420
9781511413848
9781009158831
9781849205047
9781405892445
9781405895415
9781003863410
9789389391442
9780999175316
9780871015426
9781452155975
9781434106032
9780702007880
9783318070187
9780702013195
9780877622284
9780965234436
9780753436769
9780262545327
9780230756144
9798123913574
9788131503485
9788131999516
9781401273910
9789353525248
9789386041999
9780871716156
9780871716415
9780871714077
9780871717023
9780871710321
9780997451665
9788181476173
9781405404358
9788186877517
9780901689894
9781433191428
9781444170832
9780900682940
9780194463171
9781032290102
9780853129721
9781009492058
9788180616440
9788186877852
9788181437785
9780230770034
9780884164920
9780080425047
9780956460707
9780992763510
9789388134446
9788178121154
9780857892041
9780521603928
9780852935309
9780852935293
9788178120638
9789389563306
9789352295609
9789350723753
9781406960211
9781015151338
9780994324450
9780156060844
9780753418772
9781108573146
9780545647922
9781445784687
9781446699461
9781446191002
9781446151426
9781447723936
9781446673850
9781446191118
9781446670897
9781447612933
9781446643273
9781446119235
9781447613343
9781446190937
9781445784755
9781446643945
9781446190876
9781447765592
9781447608288
9781445783932
9781446739303
9781446145036
9781446699683
9781446119402
9781446699775
9781446119198
9781445745312
9781446643419
9781446673829
9781445761404
9781446699584
9781446159040
9781446119471
9781446652527
9781446144954
9781446671139
9781447736998
9781446159019
9781447613183
9781447613626
9789351030591
9789356403574
9781447729488
9780997065497
9788190832229
9780412487408
9780713143690
9788177542073
9781407363844
9781569571040
9781407363721
9788178121536
9781009842433
9780715363348
9788179292495
9781846648113
9780155003811
9788126528011
9780563473008
9789971909543
9781259255199
9789361314940
9789369525799
9780918228017
9780865773110
9781405167697
9788131211953
9780713162257
9789381269909
9789389351729
9780545391603
9781407363349
9780996530200
9789354358821
9781036019402
9788178123172
9788181435705
9780957000469
9788179292501
9781592217137
9781409167648
9788179292181
9781408862612
9781009725170
9789355180971
9789353525088
9781409141969
9789352756032
9788131729359
9789393715999
9781509885626
9780986622540
9780753416938
9781507206775
9788181432261
9780333989517
9788126547838
9781005216986
9780871710314
9780994185297
9781447825357
9781400351862
9780706994469
9789350000182
9780407003187
9789814629775
9781398462588
9781398203020
9781138582071
9789387863750
9780781741644
9781927143124
9788184738711
9781447271314
9781407364575
9781407364582
9789382521013
9788178120430
9788178121048
9788184733211
9780871716583
9788181895615
9781580760560
9789351034254
9781407183534
9788170554035
9788181436108
9780995116344
9781418363437
9789385936807
9780132425612
9781409348061
9788181913661
9788174732071
9780683065350
9788178122748
9788184737141
9788174732750
9788180619243
9789382291572
9789350005422
9780230701076
9788176294546
9789386643520
9788186877333
9789386313638
9781446659106
9788181436344
9788123908847
9780854047697
9789876200868
9781582550152
9781406923131
9780859917216
9780878496099
9780538744331
9780132383615
9781111528324
9789354351860
9781447739548
9781399708470
9781446143155
9780986023057
9780852935071
9788126530052
9780873350433
9781015012240
9789388002516
9780815185079
9781526313126
9789352291502
9780143445562
9788181431431
9788178122304
9789350728390
9781447268635
9781398260702
9781407618968
9780980942170
9789350000465
9781388181093
9781481460811
9789390441150
9788170552499
9789352293650
9788131229026
9781032290058
9781509800926
9788181431165
9789370891364
9788189960261
9781804540176
9781849157230
9781451118209
9781582552545
9781406991260
9788186877005
9781398464735
9788181437105
9780892526420
9789711041045
9789356405356
9780781749053
9788131229996
9789814237932
9781484252505
9789350723272
9781601324443
9788181434074
9780984693221
9789350000977
9789354351679
9780721636658
9780838580479
9788131228432
9780415704335
9781423413875
9781849158947
9788181471017
9788131228272
9780766804647
9789350007839
9789361310072
9789361312144
9781407189956
9780444010711
9788131223581
9789388912464
9781446171851
9781009590860
9780991572854
9780969190509
9780998424637
9780998424651
9789812530752
9780850141658
9781408061572
9780988916548
9780982954362
9780993064487
9780996654869
9781009663229
9781407364032
9780988235021
9788123909882
9781009545556
9781009635097
9781412939461
9781849495721
9781009705127
9789390678877
9780801665844
9781529042481
9790048004832
9789351034896
9780871716309
9780871717153
9780871715586
9780871716484
9788184481297
9781445753133
9780993321542
9789388434508
9788131209028
9780980796322
9789389165951
9781965874240
9780867188318
9788170559733
9788123904108
9781293846407
9780954726829
9780197777770
9781009704571
9789388178594
9780999182710
9788129117243
9781407362557
9781451188950
9788179292488
9780593181232
9789352291632
9788189497071
9780871710529
9781405405805
9780871717313
9780871715883
9780871714688
9780871717337
9780871710086
9780960125531
9788178122885
9789350009468
9789354352171
9789350725818
9789352290727
9788181438669
9789350729458
9788172345037
9788181437228
9781472987341
9789814629706
9789359542799
9780901549426
9780907521600
9780907521686
9780907521648
9781009647144
9781873942208
9788181438454
9781009632737
9780495898788
9781731807342
9788171677825
9781009232425
9780999016862
9789389391336
9781394415755
9780857422415
9788123900742
9789388002639
9780536608147
9781009539593
9781009732260
9789354358807
9780691144160
9789393715982
9781009611855
9781447976844
9781447976950
9780871713285
9780853746928
9780852449608
9789332539143
9788126544509
9780993624278
9780890046371
9781003864264
9788126914517
9780854044474
9781445257990
9781009613477
9781036973209
9789385915697
9788181474667
9780752866635
9788131508909
9788181320407
9789352752362
9781526656124
9781407363424
9780471357421
9781446798089
9781250266675
9780824797843
9789387889170
9780852740330
9788181470720
9780201638196
9781434105929
9781420982695
9781519540270
9780998988160
9781411607958
9780593673751
9781737267799
9781407363622
9789361316159
9781406905465
9781009594875
9789389628814
9781009546027
9780987951854
9789361317613
9780993686054
9781444800425
9781445757896
9780850252040
9789389391657
9781420531688
9780808924357
9781406905281
9780991952632
9781412917506
9781413765922
9781434105943
9781446312315
9781509841882
9780993164248
9781015077812
9780956410450
9780761938026
9781010332664
9781419789359
9780990624783
9781420532906
9780702023071
9780934540971
9781529160628
9781009706247
9781684051915
9781444949162
9781032522104
9781529034226
9789387863484
9780130950642
9780907521778
9780853185833
9780330447492
9788183631532
9781407183510
9780904477214
9788181476005
9789389391824
9789361316869
9781416022350
9780980062977
9780073331676
9780143428633
9780887622236
9780536006110
9780914234098
9781009591379
9789394701687
9781108717786
9780536619174
9780342934324
9781447517207
9781446648377
9781786072993
9788120341159
9780330472579
9781032748757
9781032577319
9788131522264
9789505552139
9788187138037
9780857369086
9780153242656
9780857204639
9788178123288
9788178121895
9788178121413
9789332547926
9788178123271
9780855202514
9780894624544
9780136706472
9780538497718
9781250800657
9781009651554
9780996541183
9781009805421
9781684058754
9780071317900
9788170554851
9789353528027
9780871716613
9788184956863
9781446716427
9780702006647
9780973590272
9781009620154
9788126578924
9781447947325
9781447947349
9781446737415
9789394701939
9781420534054
9781890460358
9788181470218
9780824797850
9789391028688
9780903733649
9780205277766
9780545773393
9780995712751
9788129117472
9780991039876
9780971721975
9780761902065
9781447218715
9780753475492
9781445150161
9780531214596
9781447210870
9780870941658
9781445784892
9781445776965
9781446783696
9780954822019
9788412018448
9789352704422
9789350903889
9780198728702
9789389971606
9781517419042
9781512369489
9781512369618
9781537781860
9781517138578
9781514377499
9780333498187
9781512351552
9781512360240
9781512362275
9781512359466
9788496128859
9789350257944
9789353887469
9780304319558
9780070144965
9788125019923
9789386721655
9780692180877
9781512234435
9788173155895
9781668973103
9789390737123
9781539920564
9789378167393
9789378169960
9789378166464
9789378165962
9788131210314
9788131205488
9789351070665
9780761998129
9788496526341
9788496893313
9788188139934
9788193465530
9781857825619
9780434624201
9781511786867
9781519735379
9781519735539
9781519735706
9781519735850
9781519735904
9781840282818
9789388108928
9781032295824
9788123920429
9781680540611
9788123920047
9781220052178
9781512365986
9781512366204
9781512366334
9781360870861
9781540780218
9780702016905
9781502398680
9780670081530
9788184737240
9789352745760
9789388386302
9789388386333
9788496128583
9788496526334
9789391741150
9788177225709
9781512352115
9781512366587
9781512337457
9780761993667
9781138281103
9788178122762
9788194218746
9781537425900
9788173154904
9789313193432
9781724130235
9781535348157
9788125053729
9781512043860
9781517122249
9780907972617
9780199407804
9788120338807
9780794853303
9788178740959
9781605621524
9788467926552
9781542891981
9780198098386
9788131724316
9788408153085
9780632009930
9789358771497
9780330456128
9781542583022
9781512028232
9788123917443
9781447201991
9788489803473
9781419782435
9781597124300
9789356810853
9788188267965
9789351941903
9781534620087
9788489803725
9788190102070
9780761994909
9781539422297
9789845060349
9781444796919
9781539413943
9789380572635
9788126549863
9788184733891
9788126501649
9780070611832
9788178672052
9788496128590
9781512362206
9781726070195
9788131907962
9788177228960
9781505452150
9780753405062
9780753405239
9781511734707
9788496128910
9788123917788
9780803995987
9781401917272
9781566901932
9789361354557
9789380016726
9788120309289
9781875726127
9780435918002
9789381335789
9789354498749
9781095959398
9781633919266
9781541347335
9781546526537
9788178126548
9781541348318
9788496128569
9780199451579
9788180590009
9781724273673
9781539681496
9788417693459
9781536878011
9781539775645
9781723449055
9781537424361
9788412420708
9781539919469
9781542534888
9781540616128
9781540616623
9781537423326
9781723187032
9781453626887
9781511760430
9781514763407
9781039873322
9780706931563
9788494060038
9781641389563
9781736766125
9788496128705
9781542754736
9788496128552
9788496128309
9789811932090
9788120325708
9781541099142
9781667899756
9780733308833
9781904298489
9788496526358
9781548259655
9788496893337
9788181922212
9788183895439
9781038346872
9788120331044
9780752205403
9781668974612
9781540327611
9788496128163
9781639200542
9781519228802
9781668974605
9788184958317
9788448644345
9781512363517
9781512363609
9788175993334
9789352871711
9788182966642
9780201060232
9780330339063
9789375940005
9780670084593
9788412695120
9788172343187
9781009418539
9788194829782
9781512350623
9781511788441
9780199477784
9788411842679
9780070474178
9788434019799
9781511415132
9781512350685
9789373015613
9780369381156
9789370034983
9780071279116
9781511412292
9780199469598
9780199469642
9788175241794
9781512209174
9781512364316
9788131702468
9788126572472
9788123927039
9789386950239
9788194145707
9788176372091
9788198822420
9788126513321
9788173178030
9781733391542
9780199468706
9780862329679
9789369580996
9783836552509
9788171109968
9781512028546
9781734974423
9780995678606
9788123925080
9789355018892
9781523209354
9781539427742
9789352703630
9781731605979
9788179631171
9788433851284
9781546859611
9788191035902
9788194743323
9788123020181
9780333782118
9788496893733
9781514296820
9788131212998
9789350959954
9781511729734
9781668972946
9788492630059
9788125902102
9781636330228
9780803995482
9781428835245
9789370036772
9783898383233
9789352250714
9781539793717
9781946582508
9781544851853
9780820464916
9781519143990
9781639888344
9781545041062
9781545068199
9781521407448
9781511790208
9781545018064
9781511951272
9781512195347
9781511427906
9780521382977
9781512010442
9780330448154
9781291972085
9781508738770
9781511790765
9780571259113
9789357312837
9788172344252
9780571322008
9781515042471
9781648433962
9781539466628
9780333761298
9781511429498
9781519429766
9781512140804
9781511429788
9788177589955
9780670088003
9781546480488
9780070616028
9781512300963
9781539569466
9781300882633
9781512215014
9781519228819
9788190782654
9781547016389
9781511430067
9781662967313
9781519396242
9789349562400
9785050011626
9780712669856
9781545598061
9781530635320
9781537115368
9781535014045
9789373594552
9781535014823
9780753405208
9788185827773
9781582792187
9789360332341
9789350042144
9788177228335
9780645366907
9789350492949
9788177222456
9788126521548
9788126572540
9788496128576
9788496128316
9781732206601
9781035040209
9781534967663
9781539467540
9780997629040
9781447526919
9781423433514
9781447983279
9780995340985
9780981123349
9781399983716
9781445706801
9780997477634
9780723415046
9781407617237
9781395736965
9781395748562
9781395747176
9781395749453
9781395748791
9781395768201
9781395768430
9781395766047
9781395776138
9781395773892
9781395772796
9781395746438
9781395746179
9781395745219
9781395743192
9781395754990
9781395754921
9781395753825
9781395776381
9781395768881
9781395770617
9781395752361
9781395752255
9781395742959
9781395741792
9781395737597
9781395737269
9781395755652
9781395756307
9781395756895
9781395758615
9781395758820
9781395759384
9781395760014
9781395753573
9781395752958
9781395752934
9781395741297
9781395740030
9781395763343
9781395764401
9781395762926
9780996617659
9780986227684
9780954167523
9780971425910
9780967425269
9780990323372
9781449671181
9781423252146
9781423252634
9781423253259
9781423252757
9781423253266
9781423252207
9781446317549
9780985248048
9780974236827
9781445409795
9781408355374
9781408355367
9788477903635
9788415401124
9788460008347
9788484121565
9789898701015
9788478871100
9788460058854
9789374735541
9788476288047
9789370788473
9781418074272
9788414006795
9788489655898
9788416177950
9788473569491
9788472105997
9788410845336
9788416489817
9788494604362
9788412623529
9788468176161
9788418764950
9788494780134
9788494272615
9788477622468
9788427303997
9780965468756
9788131999509
9788418200922
9788496435315
9788477623236
9789373944616
9788417586881
9788417586379
9788417586423
9788428544849
9788491961901
9788413562704
9788418458965
9788418458958
9788419624628
9788413562728
9788494961809
9788427306486
9788427305168
9788418458941
9788418458910
9788460028932
9788477626794
9789373949819
9788417280130
9789378164569
9783662601990
9788192309415
9789370782495
9783662601686
9788467905205
9788467902068
9788131967997
9789370781023
9788195233304
9788180140266
9788119218318
9789389742336
9780199461134
9783662601969
9788131999660
9788131967812
9788173176609
9789354354564
9789369149483
9788176136631
9788131999844
9788199146310
9788195229307
9788173179808
9789373947020
9789370785724
9789373946306
9788169001083
9788131939604
9788175249011
9789370788411
9789368020073
9789395499880
9789394106925
9788181802170
9788131999813
9788131999394
9788120336254
9789391030391
9789388668644
9789378160974
9788172164768
9780857366962
9781474861342
9788172164690
9788131943151
9789381464458
9789392552335
9789373949499
9788131966242
9788199512917
9789373942957
9788131999363
9788131973417
9788131999325
9789378165634
9788131999448
9788131999424
9789369147144
9788193711927
9788194735076
9789390720071
9789384726003
9789366440828
9789369145003
9789373942582
9789350126905
9789354864636
9789373946375
9789380618968
9788194047124
9789380473031
9789357992602
9788169001687
9788184959079
9789377134075
9789387351417
9788185502151
9788194935971
9788125019947
9789351030386
9788195339860
9789386303608
9789339221393
9788185749365
9780199490714
9789357999717
9788418458897
9788196123987