9781412979818
9783382011833
9783382817640
9783368824013
9783368179212
9781572782648
9783368823160
9783031133329
9781984638588
9783382805661
9783368041557
9783368272906
9783701105380
9781847203007
9783700323167
9783472099062
9798275902907
9798304571432
9780763754563
9798344129068
9798241043016
9798275852059
9798302934772
9798271804137
9788418641244
9798268100075
9788485209590
9789394317529
9789394317505
9788498528671
9788447225293
9788412466898
9798294486938
9798272371850
9788417150464
9798278388289
9798250370707
9798255326846
9780536689511
9798284877968
9798290299471
9783910776081
9798254575504
9798277731369
9798259052727
9781534969704
9781923570801
9780536680594
9798245922515
9781838355807
9798279310456
9798279294008
9798257382888
9781684059553
9781983788444
9798258611673
9798253995778
9798268937398
9798262459186
9798248096787
9798259228306
9798255828395
9798277772935
9798243104487
9798254926351
9798261770640
9798272392022
9781616559113
9781914002649
9798259251687
9798297254947
9798263772192
9798250922128
9783907369241
9781536876789
9798268266740
9789365575507
9798244358438
9798257598623
9798257467714
9798332873072
9798273466517
9798254562221
9789365574265
9798259368736
9798247352747
9798253990735
9798257788413
9798258077349
9781105271496
9781913769437
9789967102170
9798268551938
9798282199239
9798315891390
9798255938483
9798253992791
9798248531295
9798263860202
9798255680146
9798248802470
9789388658782
9798268685701
9788195237203
9781032148823
9788184047486
9783537659019
9781807384906
9781973809838
9798258243041
9798246633472
9798294485900
9781718505247
9781928586234
9781981122592
9798180418593
9798180686053
9780979875229
9789393418111
9781951897635
9798289780522
9798261752462
9789385149313
9798863594798
9798271222849
9798246704387
9798399826301
9798293792672
9789654989954
9781032658209
9789355423771
9781032748764
9789385621475
9789385621499
9781398864719
9789353887490
9783965510425
9781737572404
9781973752813
9781973982050
9789352134977
9789388658775
9798864181362
9789370600935
9781032934167
9781800998407
9788194043645
9788194043720
9798247498902
9798254052692
9798277187845
9798277364796
9789393511003
9789355742483
9781032607313
9781032608020
9781032607481
9781032466309
9781032535623
9781032607092
9781032425696
9781032466460
9781032535920
9781032468372
9781032607238
9789363860292
9788471418234
9781976191459
9781976333620
9781484278840
9788184045796
9788122136678
9788119114542
9788125061250
9788125061274
9789370601369
9798289642943
9798245640327
9798294734992
9798279028337
9798251959369
9798279379842
9798275934137
9798559333090
9798290065045
9781906613730
9781910367070
9781902382555
9781902382098
9781906613990
9788125061236
9789352871537
9789352871544
9789390427123
9789399889748
9789352871506
9789366277646
9781906613372
9781910367339
9781910367094
9781906613020
9789363129962
9789352871469
9789352871483
9789350233795
9788125061212
9789385616051
9788184355420
9780781760348
9781906613037
9781906613075
9781904634812
9788125061182
9788173715082
9788194051039
9788172162658
9781631028298
9789369587988
9789971973971
9788181780959
9780065549706
9788125060345
9781902382470
9788125045823
9788173701207
9789367258606
9788125045816
9789386221759
9789390427208
9789385621734
9788125056300
9783443951085
9788125045786
9789348734600
9789348569134
9788182964204
9788122435351
9789381535820
9789361038143
9789810185473
9789352271399
9788122612905
9780000146441
9788125045793
9789367259764
9789367256572
9789396954401
9780199574735
9789396115611
9788185990910
9788125045762
9788186762158
9789334073034
9789386232076
9789396465402
9788121932585
9798217090167
9798217090174
9798217090150
9789385932564
9789381510308
9788198885722
9780071072496
9789354425486
9789392880346
9788192682815
9788197400766
9789388597432
9789382134824
9788184028768
9780198895312
9789388991117
9788193611951
9780915066506
9789395469166
9788172866921
9788125056454
9783443950682
9788125020967
9789386036636
9789385616402
9788188479177
9788187721161
9789391855314
9788193895184
9788176493956
9789391855321
9789352837861
9788172130800
9789391855482
9789361030451
9789385621284
9789391855093
9789385621338
9789384385033
9789358705003
9789349562615
9789386386823
9789351732556
9780071241762
9788125053835
9780190137977
9788174732033
9788181475473
9781039007956
9780735241381
9780385687843
9789367255407
9788126578887
9788126565689
9788126578900
9789389109191
9789394613119
9798217191642
9789386215468
9780571551828
9781858680255
9782122611579
9788178121406
9788125045915
9788178121758
9788178120287
9788194719502
9789363475243
9789396611359
9788125045908
9789354424298
9788199261341
9788196342364
9789391045265
9788125045892
9788120843417
9788181930637
9788176212458
9788195478651
9788174532411
9789385621222
9788198149206
9788173704024
9789395576642
9789357171663
9789376500789
9788125045885
9780241997116
9789370038691
9788126136582
9788125045861
9788175250376
9789355014665
9788125045854
9789352873944
9788178121741
9789387672314
9788125045878
9788182091634
9788121936590
9788184040050
9788125060079
9789390760978
9788195393718
9783443950569
9788199154155
9788122903652
9789350586037
9789367253342
9788126578849
9788126578955
9788126578979
9780752266558
9780753448397
9780753448403
9781509823239
9780670091515
9788126578986
9788183323543
9789396902204
9788129142269
9789347027871
9799788195121
9781782442592
9789382618881
9789380283968
9789384028237
9780863111082
9788178791302
9788170544234
9788188128037
9789361030536
9789361034442
9789361032011
9789361030024
9788120797765
9788186877357
9788170553014
9788181370075
9788192803043
9788192803074
9788192803005
9789361855153
9789386215055
9781509846771
9780753449387
9789354710841
9789354710445
9789354710605
9788170641001
9789358119954
9789356278271
9789364875202
9780190137205
9780190137236
9780190137229
9780190137243
9780190137656
9780190137267
9789380485140
9788126546220
9789361034855
9788125033394
9788125033400
9788125033417
9788125033424
9788125033431
9788125033448
9789359739014
9789391080044
9789361036057
9788131761106
9788184070330
9788173702907
9788178120713
9788125033356
9788121923941
9789351100089
9788173702891
9789384465056
9789380658407
9789352134748
9781543345483
9788174532480
9788131901175
9789394613041
9789385827945
9789384544973
9789391067908
9789366118734
9789394613508
9788126563487
9781569571811
9789391067861
9781743629093
9788172341572
9788172343163
9789382578727
9789385160110
9788125034476
9789363924246
9789386883988
9788120046863
9789367257623
9789367257869
9789367251232
9788125009382
9788125034452
9788125034469
9788178120355
9788178121338
9789392950773
9789370030336
9789370038622
9789361564741
9789361560378
9789361562150
9789361560118
9789370034723
9788174732026
9788174730626
9789361565014
9788125034414
9788125034438
9789350726778
9788170557746
9788195267477
9788170559559
9788125034407
9789394613782
9789384544027
9788170461593
9788193234556
9781492604723
9789395761055
9788125034377
9788178122007
9788177000092
9788125030324
9788125030317
9788125000068
9788178121376
9789398961155
9789362830159
9789393683298
9789392536021
9788195676866
9788120417489
9788172343460
9788125030300
9788125034537
9789361034220
9780330470544
9788125015444
9780143031260
9789384028077
9788192554150
9781781861400
9788192813431
9789395019095
9789382536840
9789386025630
9788190584128
9788170230489
9789387984585
9789387984523
9788131924037
9788174531728
9789385621239
9788194920977
9788131965573
9788131965658
9788125030287
9788125030294
9788197852251
9789385616167
9788177394658
9788194562634
9788130001234
9789381431627
9789385827648
9780857070883
9789381431658
9789386832009
9789354714849
9789351030140
9788184772746
9788184772296
9788125030263
9788125021544
9788178120935
9789348960641
9788194363293
9788182883376
9788169742016
9788173029233
9788124603512
9789361038570
9789356181144
9788181820501
9788125030256
9788125008019
9788182960268
9789325983380
9788176212328
9788122611175
9789384416201
9788195353224
9780871717405
9789373740669
9789373745893
9788119369997
9789373742793
9788184777048
9788120798663
9788192851822
9788192851877
9788183910132
9788188121274
9781647331993
9788120798496
9788120798489
9788131225196
9789353527228
9789353524753
9789353521134
9789353520656
9789361560514
9789353525880
9789353529468
9781637543061
9788125035411
9788125035428
9789384028350
9788192851846
9789384028251
9789373745107
9788126316168
9789351030874
9789370025516
9788199210394
9788123781891
9789373741864
9788172299804
9788125035435
9788125035442
9788178122144
9788184271133
9789373744957
9789334237078
9788125022077
9788125030409
9788125033530
9788184775402
9788120751835
9788173666643
9789384028299
9788177394085
9789361034763
9788130900605
9788184100532
9789351038771
9789352754984
9780330418614
9789381398746
9789381398739
9788172340803
9789351037620
9789352870868
9788125030393
9788178122045
9788125025641
9788125033509
9788178551562
9780853186076
9789393304964
9789357437271
9788188236282
9789353526924
9788125030379
9788190511230
9789393304902
9788170552109
9788170556015
9788170553038
9789361033773
9789351032755
9788121620666
9788125030355
9788125030362
9788177394689
9789373745763
9789373745879
9788178122380
9788178122397
9788125030348
9789367250488
9789367256633
9789367259795
9789367256602
9789367251270
9788125030331
9788175300378
9788131805596
9788181379160
9788122202045
9788122314458
9788184771336
9789393304704
9788125012306
9789788179917
9788120797420
9788120796904
9788125004660
9789380761589
9788125009689
9789351030515
9788178121147
9788178122724
9788173702518
9788173702525
9788173702532
9788173702549
9788184771220
9788184779622
9789393304612
9788178123165
9788178122786
9788177392524
9788175054561
9788100001080
9789347298097
9789393304506
9789393304537
9788817869461
9789367254325
9789357439718
9789385874819
9788170552987
9788125025610
9789393304377
9788125051626
9788125014379
9788125022664
9788125022671
9788125025597
9788186877487
9788178552149
9788177392623
9788175971790
9789393304322
9788175970052
9789367190029
9788131931233
9788131934852
9789349166264
9788184770964
9788125022640
9788178121444
9788178121451
9789393304278
9788178121352
9789353528515
9788178121185
9788182960411
9788182965379
9788176936071
9788122203974
9788175971912
9788182960329
9789393304230
9788194085676
9781408062029
9789393304216
9788120783805
9788170557487
9788131909911
9788131911044
9788187812395
9788178120454
9788186877555
9788125013815
9789351212331
9788184974591
9789351212317
9789351212218
9781009811866
9781009811767
9788120789203
9788123735429
9788125007555
9780984094981
9788181370938
9788175259621
9788121620970
9788121620871
9788121620901
9788121620987
9788121620925
9789361569579
9788120780996
9788131902776
9788125003861
9788123703671
9788189091057
9788123723235
9781423494492
9788123903415
9780863112843
9788179506691
9781446728918
9780993164255
9780856676598
9788175542136
9788170557210
9788172296308
9781398306707
9781398306714
9788123711027
9788120770881
9780853185727
9780854023301
9780992046071
9780903908283
9788125012344
9788179506431
9788125010852
9780982738573
9781423459033
9788172297091
9781423469568
9788184850161
9780853182955
9780994467744
9781444753875
9789380536217
9780872172944
9781423477396
9781423429609
9780853185819
9781432769109
9780866905473
9781399730846
9781423407812
9781409354390
9780915008193
9781409349303
9788186219386
9781423457466
9781423457473
9780857508416
9780853184270
9781408355398
9780963653598
9780906630471
9781408355435
9781423400141
9781409369752
9781409369769
9781409369776
9781409342342
9781409325956
9781404119857
9781409369783
9781407116327
9781408368459
9781408368466
