9781412979818
9781781637456
9783382013493
9783382001544
9783382333454
9783382031169
9783382153328
9781412936972
9783382314668
9783382011833
9783382024147
9783382030902
9783382024864
9783368247638
9783375114060
9783608426281
9781412959797
9783382157814
9783382817640
9783382149918
9783382147556
9783382004088
9783368184087
9783368267506
9783368824013
9783368043001
9783382138738
9783382135522
9783382148706
9783368179212
9783368178505
9783368828387
9783368811716
9781572782648
9783382134617
9783382165291
9783382027520
9783382145521
9783382198046
9783368823160
9783368823801
9783368227364
9783368272807
9783031133329
9783382017651
9783382016678
9783382134556
9783382159092
9781984638588
9783382047825
9783382808303
9783382021221
9783382021702
9783382803704
9783382805661
9783382155544
9783382146948
9783382147044
9783382039806
9783382041526
9783368178642
9783368361648
9783368905507
9783382021160
9783382013202
9783368817442
9783382165529
9783382151423
9783382139087
9783382134600
9783382161880
9783382113384
9783368041557
9783368039158
9783368285685
9783368308506
9781119714538
9783382018306
9783382022129
9783382176563
9783382176549
9783382176501
9783382504069
9783382133467
9783382189549
9783382151669
9783368059873
9783368810085
9783368813888
9783368272906
9783701105380
9781847203007
9783700323167
9781403995568
9781904315377
9781616686895
9798891214026
9783472099062
9798275902907
9798277834442
9798339592273
9798340753885
9798340765512
9789996088391
9798304571432
9780763754563
9783382136987
9783382035242
9783368055738
9798344129068
9798241043016
9780443119484
9798231110605
9786144295380
9798275852059
9781071960196
9783200305205
9798233450730
9798232423193
9789587715552
9798302934772
9781582558011
9783382035143
9781936651290
9780536659750
9798342803847
9798242655812
9788411239790
9798271804137
9781499457315
9781733635448
9788418641244
9798268100075
9788485209590
9789394317529
9789394317505
9781970852394
9798279410651
9788498528671
9788411941082
9798319045683
9798289949677
9798233899188
9798233848865
9798231145706
9788447225293
9788412466898
9798231732852
9798241205384
9798294486938
9789918629961
9798233455230
9798224415861
9798233121845
9798233241185
9798233885006
9798232186555
9784824109682
9783866325777
9798272371850
9798273864528
9798224880546
9781041006374
9781923484566
9783756292462
9783851612967
9798248371037
9798287069575
9798248422890
9798266926516
9798233475696
9798233339783
9798233257377
9798233828805
9798233139192
9798233165528
9798233466649
9798233494123
9798233713491
9798232004811
9798232453749
9798233355127
9788417150464
9798248613380
9798278388289
9798250370707
9798257193644
9798255326846
9798246689677
9781418037789
9798901940266
9781915145086
9780536689511
9781484252741
9798255122981
9798257713682
9798248040018
9798246711019
9798233746871
9798232466619
9798233186073
9798233645624
9798232207113
9798233465451
9798233113802
9798224612482
9798231463176
9798233782497
9798233357800
9798233504624
9798232486068
9798232620738
9798233913419
9798232025366
9798233388392
9798224293643
9798233593888
9798233181009
9798233153303
9798232178857
9798233855603
9798284877968
9798290299471
9783910776081
9798254575504
9798249548674
9798233527166
9798215473719
9798233136498
9798232014032
9798233529634
9798233291012
9798233014093
9798233199943
9798232900311
9798233402333
9798233117770
9798231407828
9798233307737
9798232002268
9798277731369
9798233664243
9798259052727
9781534969704
9781923625044
9781923570764
9781923570740
9781923545946
9781923593091
9781923593237
9781923570801
9798901946244
9781970852172
9781923570979
9781923593701
9781923570689
9781923593817
9781923570931
9798901940099
9780536680594
9781970852981
9798247178446
9781923570955
9798271130793
9798278426363
9798263421557
9781923570535
9781923570634
9798254113126
9781923593121
9798233515767
9798232941529
9798232375904
9798232901684
9798232174392
9798233493515
9781944066291
9798257964732
9788412387599
9789873729058
9798278893288
9798245922515
9781838355807
9798235216648
9798279310456
9798279294008
9783642026560
9798257382888
9798244045284
9781684059553
9781923525207
9781972884003
9781966625728
9781957840451
9781983788444
9798247730293
9798233858215
9798232588434
9798231199266
9798232491413
9798233985652
9798232767570
9798224072866
9798232864040
9798233270772
9798232286866
9798215787656
9798232732172
9798233264832
9798233773686
9798232825355
9798231767298
9798233254239
9798232155407
9798232827199
9798231227846
9798232844035
9798232892487
9798232885373
9798215112380
9798233010323
9798232505783
9798232925758
9798232270124
9789403705774
9798232137472
9798258611673
9798253995778
9798268937398
9798262459186
9798248096787
9798259228306
9798291943137
9798255828395
9798277772935
9798243104487
9798233946592
9798254926351
9798261770640
9798272392022
9781616559113
9781923432055
9781962896795
9798233084690
9781914002649
9788478017294
9798292424666
9798257450655
9798232719968
9798231988006
9788126137305
9784824109668
9798304465205
9789988953812
9789789820566
9798259251687
9798297254947
9798263772192
9789365578355
9789390647880
9798296758781
9798241520159
9798247370253
9798245814667
9798250922128
9798264037948
9798268753554
9784824109651
9798232365738
9798232189792
9783907369241
9798232192846
9783842011250
9781536876789
9798268266740
9789365575507
9798244358438
9798257598623
9798257467714
9798332873072
9798273466517
9798254562221
9789365574265
9798259368736
9798247352747
9798253990735
9798257788413
9798258077349
9798181006737
9798892674638
9782322583256
9783758411052
9783061212926
9783991970187
9781105271496
9780815108269
9781790867271
9798180816313
9798892674591
9798892674003
9781977253910
9781923224810
9798235470835
9781940220543
9781926780627
9798899330063
9798181051867
9781913769437
9798892673570
9798243468602
9798275964578
9798243467032
9798241992536
9798275396256
9798275895520
9798277691861
9798246834701
9789941494635
9789967102170
9789694949765
9788188458905
9798304501149
9798268551938
9798282199239
9798342672511
9798315891390
9798276429595
9798255938483
9798275225600
9798276801209
9798291826959
9798276808758
9798242241688
9798242080744
9798291761915
9798257010767
9798272498328
9798274944496
9798278623816
9798232330460
9789403667881
9798232420062
9789966062345
9798253992791
9798248531295
9798263860202
9798255680146
9798248802470
9789388658782
9798268685701
9781529611878
9788195237203
9781032148823
9788184047486
9788181478085
9783739988092
9783739987910
9783739987903
9783739987934
9783739987880
9783739987996
9783739987378
9783739977133
9783537659019
9781919321608
9781807384906
9781989963364
9781973809838
9781998851799
9798273988378
9798297713130
9798257459849
9798233024870
9786500259773
9798232041977
9789930966075
9798294924102
9798233023620
9781764550031
9798230951391
9798255237432
9798246332528
9798258243041
9788184895063
9781923224537
9798892210812
9798998517037
9781881528289
9781105242700
9789390647279
9780521270977
9788178671444
9798274278287
9798262481767
9798250347594
9798255193639
9798297277663
9798257698477
9798258151858
9798296004642
9798232037727
9798231786855
9798233101069
9788416138647
9788184734362
9798224668144
9798233970078
9788592352127
9798223330288
9788475561646
9798232492809
9783958924604
9798263539436
9798246633472
9798277006726
9798294485900
9798269104577
9781718505247
9798892673761
9781928586234
9781909266247
9798235671904
9781981122592
9798180418593
9798180686053
9781979148498
9780979875229
9789352133529
9789352601820
9781316612187
9789360327125
9789393418111
9781838173418
9788491597506
9798994889909
9781951897635
9781981560400
9798279171385
9798242890503
9798276176192
9798241312563
9798289780522
9798278893974
9798249352547
9798261752462
9798248006977
9798246212905
9798249765309
9798249028671
9798292629719
9788131219225
9788415317722
9798279139163
9788412371529
9789385149313
9798223522904
9788184737677
9798265676900
9798863594798
9798271222849
9798246704387
9798242207042
9798254705680
9798258160652
9798399826301
9798293792672
9789654989954
9780367459345
9781032535203
9781138679528
9781032768557
9781032655390
9781032658209
9788131522462
9789355423771
9781032748764
9788172163327
9789385621475
9789385621499
9781398864757
9781398864719
9788178242460
9788131219706
9789353887490
9781948235228
9781919220062
9781836322214
9781912119035
9783965510425
9798994940853
9781737572404
9781973752813
9781973982050
9788184896282
9798821341730
9798293630622
9789352836093
9789351100843
9789352134977
9781035802074
9789353503857
9789948697183
9798223538509
9788475058054
9798215179673
9783954722143
9788474966053
9798233298769
9781543177183
9789388658775
9798864181362
9788189836474
9789370600935
9781032934167
9789354248412
9788184730838
9798257244117
9798180547521
9788122437959
9781988898032
9781988898292
9782755807295
9781947662735
9781800998407
9798180434012
9788194043645
9781902382623
9788126567805
9789389662474
9788194043720
9788181283832
9780019898423
9788126555987
9798258534057
9798258427786
9798276824215
9798259045514
9798269516530
9798249003463
9798231200320
9798231098590
9798232489076
9791281358720
9798230266693
9798232330859
9798215525845
9780198799627
9788479667184
9780193501584
9798247498902
9798254052692
9789384866419
9798277187845
9798231115303
9798231440450
9788475057903
9798277364796
9798263700126
9789393511003
9789355742483
9781107414419
9781032607313
9781032608020
9781032607344
9781032250052
9781032607481
9781032466316
9781032466309
9781032468341
9781032425641
9781032535623
9781032607092
9781032781006
9781032425696
9781032466460
9781032535920
9781032468372
9781032607238
9789363860292
9788189795047
9789352136483
9798874188092
9798892674584
9798892674621
9783649648338
9781989469132
9781971622361
9781784617585
9798869782724
9788471418234
9781906613938
9781976191459
9781470612146
9781976333620
9781984388322
9781974335398
9780857427335
9781484278840
9788126561957
9788126555390
9788184045796
9788122136678
9780199545001
9789387486935
9788119114542
9788125061250
9788125061274
9789383635634
9789351761358
9789351761365
9789385616303
9789370601369
9798243947381
9798264618246
9798269915388
9798264738661
9798293741793
9798285497936
9798267855761
9798272304599
9798272736925
9798245937823
9798268264166
9798264886799
9798266194816
9798242142657
9798289642943
9798270432706
9798288680847
9798241753731
9798272953575
9798264455476
9788496613812
9798244379051
9798297792746
9798231241125
9798233798931
9781733292979
9798246884669
9788490053676
9798245640327
9798294734992
9798279028337
9798251959369
9798248250462
9798275678109
9798279379842
9798333583505
9798335266048
9798245963563
9798344108599
9798275934137
9798559333090
9798264766701
9798290065045
9798275560824
9798892673990
9798892673563
9781906613341
9781941955451
9781906613181
9781906613808
9781906613259
9781902382579
9781906613365
9781906613730
9781906613204
9781910367070
9781902382555
9781910367056
9781910367063
9781906613655
9781906613082
9781902382098
9781906613723
9781906613990
9789352137732
9789350236086
9788178242996
9789352532162
9788125061229
9788125061236
9788131218181
9789352135714
9789352871537
9789352871544
9788190340359
9788126563234
9789351191537
9789390427123
9780070680753
9789352136674
9789399889748
9788198072160
9789352871506
9780070677425
9789357027380
9788125054078
9789366277646
9788126547104
9789352136810
9798235169203
9798985977264
9781906613372
9781910367339
9781910367087
9781906613105
9781910367094
9781906613020
9789363129962
9789352871469
9789352871483
9798233612060
9789350233795
9788125061212
9788198276223
9788125054047
9788125054054
9788184040364
9788188569762
9788187358688
9788173198427
9789385616051
9788184355420
9788184895438
9780781760348
9788131202951
9788180545740
9789352130993
9788184355055
9781902382548
9781906613013
9781906613037
9781906613075
9781904634812
9781906613068
9781906613006
9781906613112
9788125061182
9788126550227
9789351104063
9788177395099
9788184896183
9788173715082
9789385621895
9788194051039
9788172162658
9788126524471
9788184894585
9788178244785
9789351100294
9781631028298
9788181471239
9789369587988
9798218846480
9789971973971
9780804202596
9788181780959
9788199254886
9789810182441
9798902072270
9788126512867
9789357788342
9780065549706
9788175812598
9789352874019
9788125036357
9780070472778
9788183325714
9788187680307
9788172299224
9788174732019
9788125060345
9780739081518
9798296350770
9781902382562
9781902382470
9789352137954
9788177584141
9788125045830
9788125056317
9789381269527
9788125045823
9788173701207
9788173668401
9789367258606
9788125045816
9788126553044
9788184974331
9789386224842
9788184894615
9789350719947
9788130910864
9789386221759
9789390427208
9788187680239
9789385621734
9788180522062
9788198120991
9788181471758
9788125056300
9783443951085
9788125045786
9788189059224
9789348734600
9788125045809
9789348569134
9788123905938
9788123904771
9788182964204
9788181374882
9789352137008
9789350239544
9788131788028
9788131790977
9788122435351
9788126106691
9788170366782
9789381535820
9788170195009
9789361038143
9789810185473
9789352271399
9798901765265
9788122612905
9780000146441
9788125045793
9788125045779
9789311122717
9789367259764
9789367256572
9789812557148
9789396954401
9780199574735
9788177395112
9788131224632
9788125053866
9789396115611
9788178695433
9788120334601
9788193895115
9788187495253
9788172112820
9788184049824
9788185990910
9788193303658
9789694690391
9788125045762
9788187746393
9788184046458
9788186762158
9788180280085
9789334073034
9789386232076
9789396465402
9788125055303
9788121932585
9789312143162
9788123900520
9789382616368
9789380931876
9798217090167
9798217090174
9788126577743
9780888993045
9781728260167
9798217090150
9788170463221
9789385932564
9788125053859
9788178556062
9789352530540
9789381510308
9789311121536
9788198885722
9788126516643
9789356190436
9788126519385
9788173660450
9789385288494
9788120344549
9781405127264
9780195669459
9788121509077
9798902317395
9780071072496
9789354425486
9788173711596
9789391406721
9789392880346
9788192682815
9788187784609
9788186693605
9788197400766
9788186921807
9788194118596
9788192976006
9789388597432
9789352818150
9781732025639
9789382134824
9788184044522
9788184028768
9780198895312
9788126505708
9788125050858
9789381335901
9789388991117
9788193611951
9788183990981
9781401945831
9781590791950
9780915066506
9780930794668
9780201060386
9788125060314
9788194719588
9789395469166
9788190829274
9789357320467
9788172866921
9789381209271
9789387791381
9788125056454
9783443950682
9788186782774
9788123900087
9789388725774
9788125020967
9788126559152
9788126546268
9788126554904
9788125053842
9788125056430
9789351038986
9781743625804
9789388689755
9789386036636
9789385724039
9789385152429
9789385152719
9789386224453
9788189975869
9789387578500
9788126544769
9788184975574
9788184975611
9789387672666
9789350235096
9789351105374
9789386224804
9788170948315
9788170949510
9788170949138
9789386189059
9788126560844
9788130930824
9788120347915
9789351442134
9788121501330
9789351101888
9789385616402
9788188479764
9788188479177
9789381626092
9788131515082
9788187746126
9788188260003
9789350238196
9788188683154
9788187721161
9780552779111
9789380283715
9789384030070
9788121508735
9788179308301
9789384061371
9789350671306
9788180600906
9788121500302
9789391855314
9788193895184
9788176493956
9788184782462
9789391855321
9789352134137
9789352837861
9789351760146
9788173667473
9788172130800
9789391855482
9789361030451
9789385621284
9788172112936
9788174530400
9788184045673
9789391855093
9788184042207
9789350943892
9789385621338
9789384385033
9788178120812
9789358705003
9789349562615
9788121938464
9789386386823
9789351732556
9780071241762
9788125053835
9780190137977
9789355204752
9788123919454
9788174732033
9788181475473
9788125020950
9788125044581
9788125044598
9788125044604
9788125043249
9788178555522
9781039007956
9788173703119
9789311124414
9789389368079
9780241634523
9780241626474
9780735241381
9780385698207
9780385687843
9781039056480
9788187540571
9781543342963
9789367255407
9788125056423
9788122611861
9788178440378
9789311124223
9789311122441
9789381431283
9788126568031
9788126578887
9788126577460
9788126565689
9788126578863
9788126567232
9788126578900
9789389109191
9788126563371
9781447228387
9781501191732
9781471125263
9781804090909
9781349959556
9780143427476
9781509881093
9789394613119
9798217191642
9789386215468
9788171568079
9781788640008
9780571550098
9780571551828
9783943638028
9781423437871
9780571551248
9781858680255
9782122611579
9788178121406
9789960966687
9788179292150
9789352874392
9788125056393
9788125016687
9789370608900
9789352532018
9788178120218
9789311127736
9788125045915
9788178121758
9788178120287
9788194719502
9789363475243
9789396611359
9788125045908
9789354424298
9788131228234
9788181890092
9788178122427
9788178120478
9789311128818
9788199261341
9788185263441
9788125014560
9788181433831
9788181430496
9788170552543
9788170553021
9788181431226
9788196342364
9788196342319
9789391406738
9789386516268
9789391045265
9789381018996
9788125045892
9788120843417
9788126569991
9789351033592
9789351033578
9789351033608
9789351033615
9789380032894
9788126563869
9788184975550
9788184047110
9788173669385
9789385152832
9789386850393
9789350046821
9788175545427
9788120344617
9789386850201
9798903421442
9789383260812
9789385152726
9788181930637
9788176212458
9789386309303
9788195478651
9788178440484
9788184046939
9789380658025
9788171853632
9788175256972
9788173669040
9788174532411
9789385621222
9788198149206
9788184041811
9788174530202
9788131508534
9788174532183
9788185094779
9788184045062
9788173704024
9788173704055
9780143422372
9789364681414
9788178122755
9788170462828
9788178242927
9789395576642
9789357171663
9788122129533
9788126546770
9789376500789
9781137464675
9788199947351
9788125045885
9780241997116
9781405959919
9789370038691
9788126136582
9788178126586
9780521682596
9788125045861
9788175250376
9789355014665
9789311127781
9788188473199
9788125045854
9789352873944
9788178121741
9789380644318
9789351194750
9789387672314
9789350042755
9780199482153
9788125045847
9788125045878
9788182091634
9788180542848
9789351038528
9781449403102
9789381269480
9789384030322
9788189975654
9788178555829
9788182964181
9788178555515
9788131809006
9788121936590
9788121927383
9788173669347
9789386224613
9788173666377
9788184040050
9788173668838
9788120345911
9788183553339
9788183554909
9788125060079
9788170641094
9788182200203
9789364022149
9789390760978
9789386243522
9788173199523
9788174530196
9788195393718
9783443950569
9789352874552
9789369582877
9789369585830
9789386500908
9788183324755
9789380550305
9789380628660
9788199154155
9788122903652
9788193425671
9789350586037
9789386763716
9788178120300
9788178121130
9789350947265
9789367253342
9789385827976
9788126578849
9788126577712
9788126578955
9788126578856
9780670088102
9788175993396
9788126564538
9788126578979
9788126575091
9788126565139
9780752266558
9780753448397
9781878424495
9788172345563
9781501134845
9780753448403
9781509823239
9789381431870
9780670082476
9781913738242
9788175993358
9781509816057
9781740511384
9780670091515
9781740511438
9780860370987
9781740511421
9780857425904
9788126578986
9789385932557
9788178120416
9789814333658
9788131808979
9788131809143
9788121927727
9788193434888
9788194809852
9788183323543
9789396902204
9788129142269
9789350555934
9789347027871
9798129107823
9789381335451
9788131214954
9788131208229
9780875161969
9799788195121
9781782442592
9781846841804
9789351033714
9789387578265
9789381626450
9789382618881
9789380658155
9789380283968
9789383260096
9789381626771
9789387578449
9789387894297
9789386850249
9789384030964
9789383260188
9789385152610
9788126560714
9788126560707
9788126562695
9788170641056
9789380644196
9788131809709
9788121935272
9788184975666
9788121910163
9789351194699
9789384028237
9780863111082
9789385152849
9789386036834
9789385724282
9789382618379
9789386224910
9788170949947
9789350948941
9789380283982
9781608270156
9781608270163
9789350716694
9789386189134
9788130902968
9788176496070
9788122421101
9789350235812
9789385879111
9789386850232
9788189059491
9788195838592
9788189059521
9798903924936
9788122310443
9788178791302
9788184620276
9781626569492
9789351037477
9789387894631
9788188260027
9789382363026
9789380444505
9788186302040
9788126536443
9788172764876
9781405121583
9789387894303
9789388754316
9789351190868
9788184041460
9788122427271
9789384030506
9789350651520
9788170977988
9789352512942
9789381626436
9788170544234
9789350943779
9788188128037
9789311125527
9789361030536
9789361034442
9789361032011
9789361030024
9788121615730
9780749449131
9789386309013
9788120797765
9788178122595
9788178120904
9788186877357
9788199018051
9789355180896
9788178121628
9788170553014
9788181370075
9789371970587
9788170540847
9788192803043
9788192803074
9788192803005
9788192803067
9789311127033
9788192976075
9789833517763
9789361855153
9788177227611
9789332516649
9789381398876
9789394613614
9788126572458
9781569571569
9789386215055
9781509846771
9780753449387
9781509897520
9780143505723
9789354710681
9789354710841
9789354710445
9789354710520
9789354710964
9789354710605
9780143306511
9780330473415
9788182964372
9788170641001
9788125953005
9788121932615
9788173663192
9788184046007
9789351108108
9789352032884
9789350941072
9789350237038
9789358119954
9788131702284
9789350238936
9789351194767
9789382730200
9789356278271
9781638502500
9789364875202
9780190137205
9780190137236
9780190137212
9780190137229
9780190137243
9780190137656
9780190137267
9789351761457
9780947655617
9789388426305
9788186762899
9789380485140
9788126546220
9789361034855
9788192054001
9789350716687
9781406337686
9788131207031
9788131203507
9788125033394
9788125033400
9788125033417
9788125033424
9788125033431
9788125033448
9788178122373
9788178122694
9788178122182
9788170552864
9788126544905
9789359739014
9789387441262
9789391080044
9788181438133
9789361036057
9788131217122
9788131761106
9789351038269
9788125019022
9788125033363
9788125033370
9788125033387
9781403929648
9789388632294
9789350044193
9789351550143
9788184070330
9781850157212
9788125035800
9788125035824
9788125035787
9788125035794
9788125035817
9788173702907
9789364028929
9788193929025
9789352129270
9788173620492
9788178120713
9788125057529
9788125033332
9788125033349
9788125033356
9789351031697
9789351039013
9788184776782
9788121618540
9781542016551
9789382618393
9788189975470
9788189975647
9781542044219
9781542044196
9788170640882
9788121941570
9788121923941
9788121933452
9788181371881
9789386500854
9789351100089
9788184044768
9788173702891
9789387578807
9788170947349
9789350941065
9789383074792
9788122432626
9788189161309
9788131900550
9789386850263
9789384465056
9788185501000
9789350238189
9788188479429
9781685231903
9789380658407
9789387578609
9788176559478
9788131941904
9780976302995
9789327280074
9788187812234
9788197282744
9788120417359
9788187812654
9789386385925
9781543342970
9789380408026
9789352134748
9789810615598
9788171853755
9781543345483
9788174532480
9788187671763
9788174531391
9788131901175
9788184040302
9789351036814
9789351036753
9789394613041
9789381431696
9789385827945
9789385827853
9789388302814
9789381431689
9789385827815
9789388302159
9789384544973
9789384544386
9789391067908
9789366118734
9789385827594
9789381431146
9789394613508
9789380480947
9788126560028
9788126564545
9780143427711
9788175993341
9788172345556
9788126563487
9788126560035
9788126565177
9789381431573
9789381398944
9780330525893
9781523089062
9788172345532
9789381431733
9788126561292
9781447210863
9781569571811
9788126561414
9789380480572
9789391067861
9788175993716
9781447210894
9789352750450
9788172343804
9788131203231
9781743629093
9788172341572
9788172343163
9788125033752
9788125033707
9788125033318
9788125033325
9789382578727
9788182963948
9788121938518
9789388537650
9788173702501
9788125942634
9789385054983
9780952999485
9789385160110
9788185566511
9789350717431
9789371368971
9788125034476
9788125034483
9788129118486
9789363924246
9789386883988
9789334138078
9788120046863
9788123928661
9788123925936
9788125033684
9788125033691
9788131801864
9788181376862
9788125026099
9789364481106
9789367257623
9789367257869
9789367251232
9789386585431
9789380200132
9788173704208
9788125009382
9788125034445
9788125034452
9788125034469
9788178120355
9788178121338
9788195904853
9789392950773
9788129116789
9788129105721
9789370036185
9788129119858
9789370030336
9789370038622
9788131229590
9788129119032
9788129119643
9798129108073
9789361564741
9789361560378
9789361562150
9789361560118
9789370034723
9788174732026
9788174730626
9789361565014
9788173704185
9788125034414
9788125034438
9789351030942
9789383260669
9788177229127
9789352532117
9788170559757
9788170553236
9789350726204
9789350726778
9789350230312
9780863112065
9788175300217
9789386036872
9788193432013
9788170948926
9788170949749
9780521704120
9789351106456
9789325984592
9788125017226
9788190850100
9788199018099
9788193432501
9781789290905
9789387444041
9788192594880
9788173660078
9789382898771
9788180140761
9788181469359
9780007341283
9788170557746
9788195267477
9788170559559
9789350947678
9788190636292
9788129709288
9780190137144
9788188260034
9788126317400
9788131809723
9788125034407
9789351036104
9789352751020
9788184779523
9789394613782
9789388302326
9788119554898
9789381431511
9788189988760
9789384544027
9789385827273
9789385827136
9780143104063
9788172344627
9788126572489
9789380480886
9789386832733
9788119554133
9788170461593
9789351037682
9789381431535
9789385827808
9788193234556
9781492604723
9788172344634
9789395761055
9780143482024
9788125034377
9789350126868
9788178122007
9788178556581
9789388563000
9788181371478
9788178120195
9788178122014
9788177394634
9788177000092
9788183329453
9788178122649
9788125030324
9789386827104
9788125030317
9788125000068
9788178121376
9780333937341
9789311125879
9789351415732
9788183322782
9788178793856
9789390540334
9789348960115
9789398961155
9789362830159
9789393683298
9789392536021
9788195676866
9788120417489
9788186089194
9789384328375
9788193770412
9789350943885
9789380834528
9788121615709
9788172345006
9788172344047
9788172343460
9788172343149
9781509819072
9781509818990
9781509819058
9781509819010
9788172345013
9781509818983
9780330473019
9788125030300
9788125034537
9789387330900
9788170556022
9789361034220
9788170554912
9789352751761
9789362971111
9780330470544
9788173704161
9788125015444
9789351039303
9789351038160
9789351038634
9788121619431
9788121614887
9788187671855
9789388754682
9788170640622
9789380644264
9789380644172
9789380644226
9780143031260
9788189013707
9788181372758
9788184046229
9789384028077
9788177392401
9788170701484
9789387486645
9788188569588
9788175543942
9788175545175
9788122417289
9788122314625
9789351037507
9789350237045
9789350237052
9788183556811
9788192554198
9788192554150
9781407533797
9781781861400
9788190367844
9789380032757
9788187111962
9788131905296
9789350040171
9788184774658
9789380283296
9788192813431
9780007518982
9789388850568
9789395019095
9788171020751
9788130932200
9789382536840
9789351472124
9789386025630
9788125022206
9788187863229
9788192153421
9788121612098
9789352130528
9789386224408
9788180141492
9788180140617
9788190584128
9780992846121
9789311123738
9788170230489
9789387984585
9789387984523
9788131924037
9788187553021
9789311126838
9788182658455
9788190000208
9788174531728
9789385621239
9789381626382
9789386585912
9788194920977
9788131965573
9788131965658
9788125011620
9788125030287
9788125030294
9780143065081
9789380005300
9788197852251
9788123924052
9789385616167
9789353529048
9788125030270
9788186877432
9788170943150
9788177394658
9788183321778
9788171946228
9789351870340
9780333904459
9789698263478
9788194562634
9788197467455
9788123773131
9788130001234
9788184871388
9788178553245
9788188230846
9789386313898
9789386832610
9789381431290
9788189988555
9789385827716
9789381431627
9789385827952
9789385827648
9789385827884
9789384544423
9789381431764
9789385827754
9789388302029
9788189988531
9789381431481
9789380480893
9789381431610
9788126563463
9789380480916
9789380480749
9789380480565
9780857070883
9789381431658
9781447217749
9789386832009
9789354714849
9780143454762
9789351030140
9789352751433
9788189988838
9788172344030
9788172344672
9788184772746
9789352756742
9789386313362
9788184772296
9788172343507
9788172343828
9788172345051
9788186877630
9788125030263
9788125021544
9788178120935
9788178557595
9788182962941
9788121932677
9788122205305
9789348960641
9788194363293
9788186470275
9788193994801
9788190120081
9788182883376
9788169742016
9788170552758
9788173029233
9788124603512
9789361038570
9789356182899
9789356181144
9788181820501
9788170554417
9788170557647
9788170552444
9788125030256
9788186877210
9788174766960
9789386106476
9789380480190
9780143065043
9788125042099
9788125008019
9788125010814
9788125002635
9789351034490
9788178120829
9788121611343
9788121619752
9788121604598
9788121618694
9788121605342
9788121616539
9788121600453
9788182960268
9789380644554
9788131808016
9788131809020
9789352532087
9789325983380
9788121936613
9789388537377
9789388537384
9789351101246
9789350235218
9789352137671
9789352135783
9788170944478
9789385929175
9788183320733
9788131916056
9788122205916
9788176212328
9788173713217
9788122611175
9789384416201
9788190000215
9788171205172
9788195353224
9789386179609
9789384028336
9780871717405
9789373740669
9789373745893
9789350637609
9788125002734
9789350123201
9781423472971
9788121918602
9788121936712
9788188717118
9788194777250
9789384028695
9788122205909
9788175972445
9781009231428
9788125040293
9788170166153
9788131931226
9788188629114
9788187332190
9789381511893
9788123917382
9789388178686
9788123928081
9789351038726
9789386313621
9789351039020
9789386313133
9788184776843
9789352750504
9789351036425
9789386106537
9789385827228
9788189988470
9780670912360
9780330509572
9780330525855
9780330438766
9788184774818
9788119369997
9780241014844
9788195134229
9789352755660
9789373742793
9788178122779
9788184777048
9780143301219
9780330412100
9788125015437
9789810799489
9789351038610
9788184777598
9788186877302
9788121617642
9788121618670
9788121615112
9788121619738
9788121618229
9788121615808
9788121619578
9788126561988
9788131808962
9788131808207
9788121911979
9788120798663
9788120728028
9788120775237
9789351101062
9789384028305
9788192851822
9789384028459
9788192851877
9788170948742
9789350945995
9788120798687
9788121613903
9788170521792
9788172763046
9788188569366
9788188569397
9788122304343
9789351038641
9789325974203
9789386224866
9788122313871
9788176935982
9788183910132
9788184779936
9788183552165
9789385194443
9788121615143
9788125048084
9788188121274
9788121613996
9788186017012
9788122308815
9781647331993
9788120798496
9788120798489
9789381626573
9788184041989
9788131225196
9788177228595
9781569570609
9788129108258
9788129101983
9788129118752
9788129104588
9788129115980
9788181475459
9789353527228
9789353524753
9789353521134
9789353529123
9789353520656
9788129113702
9789361560514
9789353525880
9789353529468
9788178121901
9788183221504
9781637543061
9788125037040
9788125035411
9788125035428
9788178120690
9781423476009
9788121921862
9789384028350
9789384028411
9789384028374
9788192851884
9788192851846
9789384028251
9780861319497
9788170947998
9788170948292
9789311126630
9788125016915
9788122308877
9789373745107
9788126316168
9788123900698
9789380480541
9789351030874
9788125033578
9788178121222
9789370025516
9788199210394
9788126005864
9789387269224
9788195979684
9789386310422
9788121614641
9788178122298
9788121615891
9788121614870
9788176499309
9788123781891
9789373741864
9788172299804
9788170556978
9788123918365
9789387390874
9788125035435
9788125035442
9788125035459
9788178122144
9788184271133
9789373744957
9789390232222
9789334237078
9788125022077
9788125037446
9788125030409
9788125022503
9788125033523
9788125033530
9788125053606
9788184779721
9788184775396
9788184775402
9789386298164
9788178120751
9788121607322
9789382618317
9789382618294
9789382618300
9788131809198
9788184973341
9788121931526
9788170551263
9788120751835
9789351100331
9789350238011
9788173666643
9781423471295
9789384028299
9789386850638
9788123727646
9788170946502
9781423429593
9788170521846
9788178694368
9788184353099
9788190367820
9780007831654
9780753505007
9781846841491
9788175300361
9788192723242
9788177394085
9788185119489
9789361034763
9788130900605
9789311126890
9780861315055
9788121941044
9788173666032
9788189338466
9788184100532
9789351038771
9789352754984
9789352754267
9789380480022
9780143066248
9788184774689
9780330418614
9780330442565
9789351038696
9789381431771
9789381431641
9780143450863
9789352752140
9780752227252
9780143332398
9780143004387
9788172344382
9780143474678
9789381398746
9789381398739
9788126555697
9789351032267
9789386041296
9789386313249
9789351038177
9789351039853
9788184778649
9788184779912
9788121608398
9780143103264
9788172340803
9788184773293
9788189884383
9789381017272
9789351037620
9781582791128
9789352755134
9789352870868
9788125030393
9788178122045
9788125030386
9788125025641
9788125033509
9788178128238
9788182965416
9788178551562
9788131808986
9788181374875
9780853186076
9780001063709
9789351870326
9788187077220
9788131910139
9788182881372
9788170593737
9789393304964
9788122312782
9780859678025
9789357437271
9789380444543
9788188236282
9788129104830
9788129118851
9789353526924
9788184721669
9788125030379
9788170556541
9788190511230
9788170553175
9789393304902
9788170552109
9788170556015
9788170553038
9789361033773
9789351033189
9789351035275
9789351032755
9788176559683
9788176555739
9788184778267
9781594773068
9788121620666
9788125030355
9788125030362
9788125006893
9788178122069
9788121618052
9788121935029
9789311126661
9788177394689
9788170704812
9788121615945
9788121616591
9789350361238
9788183329552
9788170218432
9788172294670
9780070679955
9788195352975
9780195669633
9789373745763
9789373745879
9788126318216
9788178122380
9788178122397
9788129119179
9788125030348
9789367250488
9789367256633
9789367259795
9789367256602
9789367251270
9788178123301
9788125030331
9788175300378
9788125008323
9788121616034
9788121617123
9788121618021
9788121610469
9788121618410
9788121613965
9788182965966
9789380644240
9789380644097
9788131809167
9788131808948
9789380644202
9788131805596
9788121933919
9788121934411
9788121932820
9788120758933
9788181379160
9788122202045
9780863114519
9788177392548
9788184773934
9788170701897
9788170701996
9781107663848
9788121616270
9788184042573
9788122308655
9788122314458
9788184350548
9788131905685
9788122202632
9788125011200
9788122311679
9788178792699
9788180561191
9789380302959
9788176761505
9788171103140
9788120744691
9789380864006
9788173862588
9788125007364
9788180561566
9789383142231
9788184771336
9788100000274
9789393304704
9788120790575
9788125012306
9789788179917
9788186004081
9788120769762
9788120797420
9788120796904
9789357432849
9780895402363
9788184030853
9788125004660
9788122313307
9789380761589
9788122310238
9788125009689
9788125021711
9788125021698
9788125025573
9788125025580
9789351030515
9789351039693
9781785980213
9788184773910
9789351030478
9788176555890
9788184773927
9789352755028
9789352755035
9789352755042
9788184770414
9788178121147
9788186877722
9788178122724
9788178122489
9788121620284
9788121615150
9780143103882
9788178122465
9788178121543
9788178122731
9788173702518
9788173702525
9788173702532
9788173702549
9788184771220
9788184776287
9788184779622
9788125041740
9789393304612
9788178120232
9788178123165
9788178122571
9788125008286
9788178122663
9788178120270
9788178120607
9788178122786
9788121616744
9788121937412
9788170556497
9788170551560
9788120730526
9788120787063
9788181376855
9788177392524
9788178693347
9788170211174
9788175054561
9798170218028
9788178692524
9788100001080
9780001160163
9789347298097
9789393304506
9789393304537
9788817869461
9789367254325
9789357439718
9789385874819
9788170552987
9788187111887
9788125025610
9788178123219
9788178122656
9789393304377
9788178120409
9788170555926
9788121615471
9788125051626
9788125014379
9788125022664
9788125022671
9788125025597
9788125025603
9788186877487
9789390744466
9788182962170
9788178552149
9788182965386
9788182965218
9788178554457
9788120723467
9788121619592
9788122204940
9788122201567
9781423436249
9788177392623
9788175971790
9788172762612
9781009810203
9789393304322
9789386561169
9789386561206
9788175970052
9789386379610
9788182881617
9789367190029
9780201062069
9788122309454
9789386561190
9781423414476
9788131931233
9788131934852
9789349166264
9788176559720
9789386041050
9788176557702
9789351030058
9789351031994
9788121617666
9788121607728
9788121610940
9788121618403
9780143101635
9788184774269
9788121616324
9788189884574
9789381017265
9788184770964
9789381431160
9789381431153
9788125022640
9788178122250
9788178120553
9788178121857
9788178121444
9788186877463
9788178121451
9788178122083
9788178122076
9788178121604
9788170553199
9788123917795
9788171870110
9789393304278
9788178120386
9788178121352
9788129118721
9788171679850
9788171673889
9789353528515
9788172345204
9780861319503
9780863113741
9788125013549
9788178121710
9788178121185
9788182962682
9788182960411
9788182961135
9788182961159
9788182961166
9788182965379
9788178553467
9781423483908
9788131808658
9789380644219
9788176936064
9788176936071
9788120777354
9788120758926
9788121616461
9788121619639
9788121617314
9788121616355
9788121618281
9788121619646
9788121619172
9788121619905
9788121619615
9788121609999
9788121612562
9788121616546
9788121619608
9788121617321
9788121619622
9788178120508
9788122203974
9788122203424
9788175971912
9788121610643
9788170522386
9788170521051
9788170521877
9788188569908
9788182960329
9789393304230
9781423475033
9788171104024
9789380152011
9788194085676
9789380152035
9781408062029
9781845570378
9789352670062
9789393304216
9789393304209
9780970208163
9788120783805
9781423494584
9788122306958
9788120777330
9780965656986
9781423493624
9781009813129
9788184777925
9788170557487
9788131909911
9788131911044
9788187812395
9780143102243
9788178120454
9788170555810
9788178121109
9788186877555
9788170420231
9788125013815
9788125054764
9788170557036
9788125008156
9780863112584
9788125008194
9788125002420
9788125009368
9788178120171
9788178122137
9788178120522
9788178120706
9788121613781
9788182962194
9788131804827
9789351212225
9788184976274
9789351212430
9789351211730
9789351212331
9788184974591
9788184979497
9789351212317
9789351212157
9789351212409
9789351212218
9781423417781
9788120748675
9789388632041
9788181377418
9788121616393
9788121616256
9788121618601
9780965656962
9788122201291
9788122203226
9781423414452
9788182961531
9788176559164
9781009811866
9788170521723
9788172761011
9788122304510
9789350361016
9789350360934
9789350360927
9781009811767
9788176936453
9780976663089
9780976663041
9789572954195
9788120789203
9788120727502
9788120752733
9781781750230
9788184979428
9781423474999
9788178121079
9788122309218
9780863115080
9788123735429
9781423414490
9788125007555
9781009813259
9780863114618
9788174142931
9780984094981
9788181370938
9788184775914
9781509820849
9788172344016
9789351034131
9788175259621
9788123907680
9788123901176
9788123926742
9788121620963
9788121620970
9788121620871
9788121620932
9788121620888
9788121620901
9788121620918
9788121620987
9788121620956
9788121620925
9788126309856
9788170553649
9788170554455
9788123904351
9789361569579
9781907360275
9781909621107
9780863113826
9788125014386
9780863112812
9780863114564
9780861319985
9781423431275
9781423442158
9781423471288
9789380644271
9798176933635
9788176762410
9788120780996
9788120781009
9788120783386
9788120781047
9788120783409
9788122203462
9788122202168
9788122203479
9788122202656
9788122202601
9788175970045
9788172764241
9788172764937
9788172761448
9788131902776
9781586131029
9788170215325
9788170213758
9780907633662
9780863112669
9788180561603
9788131901168
9789357431682
9788125003861
9781423429449
9788123703671
9781423471509
9788170594437
9788189091057
9788123723235
9781423494492
9780687344222
9789382000389
9780143421344
9788178121574
9788178122809
9788178120782
9788186877814
9788178122328
9788123903507
9788123903231
9788123903415
9780863112843
9788182963351
9781423425854
9781423435471
9781423415336
9788175971059
9788178694450
9788178694542
9788175542235
9788180561528
9781009809887
9788172293383
9781423400134
9780899009322
9780863111341
9788179506691
9781423407188
9788186569207
9781446728918
9780996109703
9780984112197
9780993164255
9780856676598
9780956156648
9788175542136
9788175542211
9781423466260
9788170557210
9788172296308
9781398306707
9781398306714
9780001080324
9788123711027
9788120770881
9788125014225
9781423473626
9781423473565
9781423498391
9788184979145
9788171819652
9788120746565
9788178625072
9781398423848
9780853185727
9780853185710
9781009232845
9781009169370
9788175974968
9788184353006
9780854023301
9781448313600
9780876392386
9780983058908
9780956343802
9780857111128
9780981526461
9780992046071
9780983322528
9781423476511
9788122202892
9780903908283
9780902940215
9780902940239
9781009806725
9781009806039
9788125012344
9788179506431
9788120764583
9788125010852
9781423476450
9780982738573
9781423459033
9788172297091
9781423425786
9781423467335
9781423441335
9781423476610
9781423421474
9781423469568
9788184850161
9781423414636
9781423464389
9781398444874
9781423414612
9781423439233
9780853185840
9780853182955
9781009108850
9788170522379
9788178693941
9788178693972
9780978686604
9780978686697
9781405991339
9781408736760
9781408732892
9788178233338
9781434436511
9780984948703
9780998553993
9780994467744
9780998753744
9781403188540
9780999500613
9780974505640
9780994014450
9780997904659
9780864922557
9780937276068
9780907594949
9781432767082
9780880531146
9781399933070
9781399091022
9788185891842
9789387918559
9780993164224
9780988926820
9781408749227
9780954790400
9780997995503
9781444753875
9788189558109
9780992274290
9781398713154
9780984023684
9798170217571
9781423492832
9780998900469
9780996996303
9788131913734
9789380536217
9780978686666
9788176762106
9780872172944
9788178125084
9781423477396
9788178122946
9781423413486
9781423412601
9781423456834
9781423405306
9780857506023
9781423446316
9781423471271
9781423440567
9781423476474
9781423440536
9781398447776
9781398478671
9781398406438
9781398493971
9781398498044
9781423429609
9780853181729
9780853185819
9780853184874
9781408294352
9788170211525
9781403113122
9781403171733
9781403168146
9781403167972
9780856461446
9781432773618
9781432769109
9780854957927
9780854957255
9780854957903
9788185843100
9788180564383
9781424569854
9781424569861
9781439243046
9780991475421
9780991475438
9780854022250
9781448311750
9788171209354
9780987601483
9780987533685
9781434459947
9788185301310
9780987627292
9780866905473
9780852391242
9780948877896
9788180562716
9780986431715
9780851629636
9781419676376
9780915008087
9780960064199
9781399730846
9780986119866
9780988375000
9781409354383
9780991209033
9780999480830
9781423462927
9780953745616
9780977057344
9780998127743
9780876128244
9780967170909
9780992704407
9780981584669
9780996405225
9780999291603
9780993855207
9780992839017
9780955741104
9781423489870
9781423407812
9781409354390
9781404120518
9788178122922
9780915008193
9780913785980
9781409349303
9781423493631
9781423425625
9780999066379
9781423414483
9788186219386
9781423494638
9781423457442
9781423457466
9781423457473
9781423457480
9781423457497
9781423486442
9781423434900
9780857508416
9781423486428
9781423486411
9781423486374
9781423486381
9781423486404
9781398473270
9781398479333
9781398413719
9781398495326
9781423429494
9781423417323
9781423442073
9781423438496
9781423413899
9780853184270
9780857364982
9780857366979
9780857367006
9780857367242
9780856462634
9780856460692
9781445409801
9781423493617
9780849798979
9780849799068
9781408355398
9781423446293
9780001063129
9780993940132
9780993940163
9781005624507
9780856461798
9780892134861
9780978177430
9780963653598
9780956656438
9780906630471
9781446316931
9780956211200
9780957213487
9780849754104
9780952357773
9781408355435
9781431425228
9780994488695
9780978258542
9780874860443
9780954063986
9780907521617
9780978942502
9780977297405
9781423400141
9781423463221
9781409369752
9781409369769
9780953025107
9781409369776
9781409342342
9781409325956
9780954124229
9781404119857
9781423494591
9781431424399
9780857831286
9781423414506
9781409369783
9781407116327
9781423475941
9781423429456
9781418886172
9780948833526
9781408368459
9781408368466
9780907738374