9781394307616
9780471956471
9781032520391
9781111525552
9780947711757
9789350255681
9780592054438
9780470286142
9781496396600
9781850706908
9783662608890
9788173715907
9781444181333
9788126551507
9789354641558
9788184484120
9789351073925
9788184733228
9780074620434
9788194864554
9780852725863
9789380853147
9789351105411
9788184484823
9788131524091
9783642206221
9789339221072
9780070591165
9788131259573
9788131257319
9788126530014
9781259029660
9788183762915
9780074601402
9780721695266
9780070147607
9788131706619
9788122408584
9781484267387
9789351523086
9789353160272
9789389859355
9789332575172
9788198109484
9780195604429
9788131261194
9789390177530
9789387506817
9789350237076
9788189473358
9788126569717
9788178805863
9789386286796
9780198098584
9789355015273
9789350256343
9783131443311
9789353433697
9788126524914
9788126534401
9789339204044
9788185046631
9789389347777
9788126529360
9789332550353
9789386150721
9788131533215
9788131531778
9780070141100
9789386650900
9788131229736
9788126551538
9780070700208
9789352832095
9788194685142
9780723606628
9780070671195
9788126565030
9789351073604
9789351198246
9781441998620
9788120328631
9788126514502
9788126527304
9788126562909
9788123911441
9788121924252
9789350900826
9788121929486
9788131529188
9789387994041
9789380386270
9788126555239
9788181930644
9789386237071
9788173714092
9788126550821
9788131517376
9789389307054
9788131518458
9789393159731
9788131533208
9789393715265
9789383419517
9789386070876
9789386150288
9788131803660
9788120346031
9788131531907
9788122404951
9789386649171
9788122430479
9788122430189
9788122420647
9788122434323
9789386418852
9789386286765
9780749443320
9789355017925
9789355010360
9780851865621
9789389307085
9789389718669
9788122412840
9788122412437
9788122440355
9788125909262
9788172330453
9789386668165
9789387788398
9781405163323
9789382291503
9788131803486
9788131806111
9788173815133
9788126560004
9788122407426
9788122437966
9788122438543
9789386418463
9789389538908
9788131805374
9788131805664
9788131806005
9788122404982
9788122425987
9789350251652
9788122416602
9788131802229
9788122436334
9789353504083
9788131806999
9788127205898
9788126563340
9788131807019
9780199487127
9788172337544
9788180616082
9788173819865
9789386649140
9780871704818
9788131804575
9788172330392
9789392590375
9789389447484
9789353500245
9788121902724
9789353502690
9788126577262
9789352862313
9788131515952
9788172335212
9788120348783
9789380386843
9788121914413
9789353500238
9789352863532
9788126568048
9788126576326
9781259029547
9788131806777
9788122415766
9788131801154
9789380386454
9788131803301
9788170089520
9788131807811
9788122440980
9788172330989
9789325960060
9781441965233
9788122416787
9788173812804
9788122421408
9788122422467
9788122420395
9789380856810
9788121932127
9788122433753
9788122436211
9788122413052
9788131787663
9788122424577
9788122439595
9788122409581
9788131805015
9780857096579
9788122436365
9788121923156
9788122411744
9788122409246
9780871710536
9789386070791
9789389583243
9780852006726
9788131807149
9788131806272
9788122418101
9781439804957
9788170081210
9789380386836
9788122414066
9788122438680
9788122420616
9788126561261
9788122438512
9789380856544
9788122418903
9788131806913
9788122417524
9789389412314
9780898389715
9781441995063
9780857291295
9788173815034
9789352835270
9789384319090
9788121942485
9788172335038
9788172335946
9788173714467
9780198092186
9789350253724
9788121923101
9788131804780
9788184876789
9780890060162
9789386858955
9780857091307
9788122415384
9780865776982
9788131804346
9789383746460
9788122420487
9788122419535
9788122419436
9788122418873
9788122426151
9788121940009
9788122426854
9788122426946
9788131804414
9788122417296
9780890060339
9780884153580
9781412810630
9788173815881
9789380386980
9788121924443
9789390749683
9789389310191
9789389310955
9789381159248
9788122416374
9780871708489
9780890065419
9780890060346
9788122423976
9788122438161
9788122438772
9788122432053
9788122408409
9788121942881
9788122410976
9788122425659
9788131803097
9788122415759
9788122415476
9789386418319
9788131805497
9788131807323
9789380856490
9788122418156
9789387146518
9788122410655
9789380856018
9788121939645
9788172332297
9788122423815
9781439808740
9788122420234
9780890068274
9788172330507
9788123929514
9789380386041
9788131804353
9780849374944
9788122414103
9788173815089
9781447154358
9789380386706
9788122425680
9788122415124
9781441955777
9780851994413
9789351521150
9789380856186
9788131800966
9788122412925
9788131807972
9788122416152
9788122424621
9788122421279
9780889376366
9788122417319
9788122436426
9788122425697
9781437705072
9788122421606
9780854047727
9781416060505
9780889376397
9788122418569
9781437724752
9781437724257
9781437712889
9781437705553
9781437719154
9781437718676
9781437718256
9789352512027
9788131807736
9781437718652
9781447174295
9788185046174
9780851991092
9781437718270
9781420053845
9781437704884
9788125008606
9781447174622
9788122418163
9780853697893
9789380856117
9788122421811
9788122418545
9781437705539
9788122421644
9781447111528
9781447113713
9781447147503
9781441998651
9788122417654
9788122422795
9780954695620
9781430260196
9780896033955
9789380386959
9788122420579
9781437724820
9788122420562
9788122421798
9781444334494
9780873539357
9781009680677
9780877454649
9781420060829
9780870714009
9780863802256
9788170081395
9788180565083
9788122422375
9780849393723
9780990619840
9780849358906
9781009207324
9780852723371
9780855204228
