9788176062701
9789369104093
9789387162594
9789357177528
9788193770474
9788176015134
9788187271482
9798900071008
9780988612853
9788120739819
9780987459909
9780983751762
9780985526450
9780984617203
9780985721121
9780983052838
9780984414031
9780987857729
9780989196000
9780985721169
9780986218927
9780986065156
9780986358302
9780972307277
9780974269108
9780976779544
9780976766827
9780977866991
9780972307239
9780978559175
9780970551832
9780970188175
9780963220165
9780967298498
9780983537182
9781445514383
9781432795450
9781432774011
9781432792015
9781432761219
9781432780135
9781432779146
9781432761646
9781432762308
9781434814388
9781432796969
9781432797850
9781432632748
9781432707958
9781432744151
9781432741181
9781432696405
9781403327130
9781441511249
9781410770660
9781410770363
9781410747945
9781410722539
9781410722140
9781410721488
9781410721372
9781410721044
9781410765413
9781410765239
9781410720863
9781410756237
9781410754882
9781410754783
9781410753441
9781410751843
9781410724137
9781410723321
9781410721020
9781410720924
9781410747440
9781410746405
9781410746153
9781410745828
9781410745729
9781410745552
9781410751331
9781410751294
9781410705051
9781410704061
9781410703712
9781410768872
9781410701879
9781410701824
9781410747631
9781410747587
9781410203557
9781410741226
9781410740649
9781410739100
9781410738448
9781410738011
9781410705846
9781410705556
9781410770226
9781410769831
9781410701954
9781403384188
9781403384096
9781409204879
9781409204619
9781403381606
9781408698266
9781408694299
9781408693872
9781408684313
9781408677421
9781403387677
9781403386748
9781409257974
9781410708397
9781409253679
9781409253495
9781409251514
9781409251415
9781409197393
9781408748886
9781409246831
9781409246480
9781409245605
9781409245285
9781409236337
9781409233558
9781409264286
9781409261964
9781409254393
9781407619880
9781403368478
9781406723151
9781406717990
9781403397928
9781403397867
9781403397805
9781449915070
9781403370495
9781409205869
9781409205654
9781409205548
9781409205463
9781403384270
9781409205418
9781406762501
9781406761238
9781409204602
9781409204572
9781409204251
9781409204091
9781409203179
9781409202950
9781409209188
9781409207528
9781403385789
9781403385383
9781403385277
9781409205456
9781409781042
9781409201540
9781409201373
9781409201342
9781409200895
9781409200727
9781409200239
9781409717539
9781409715887
9781408717547
9781409282419
9781409274810
9781409271376
9781406797589
9781409265061
9781409202899
9781409201977
9781410716569
9781410716071
9781410714497
9781410714374
9781410713421
9781410713346
9781409286981
9781409285458
9781410712011
9781410709127
9781410708885
9781409270898
9781406797053
9781406796582
9781406774498
9781406770391
9781406769425
9781409249177
9781409248125
9781406759525
9781409214908
9781409214847
9781409213420
