9788176062701
9789369104093
9789387162594
9789357177528
9788193770474
9788176015134
9788187271482
9798900071008
9780988612853
9788120739819
9780987459909
9781410795601
9781410788146
9781410786982
9781409250739
9781410205056
9781410107817
9781410105035
9781406979848
9781409285625
9781413407082
9781413406436
9781410715654
9781410750709
9781410748744
9781410748195
9781413421866
9781413421675
9781413421309
9781413420203
9781410739032
9781410742568
9781410777454
9781410773807
9781406998733
9781406997941
9781406997316
9781406996562
9781410753557
9781411625105
9781411615458
9781411615267
9781410742735
9781410780546
9781425492588
9781425491932
9781425488949
9781420884173
9781420892437
9781420891966
9781420890815
9781420834420
9781420833539
9781420832433
9781420832204
9781417995653
9781420899450
9781420898552
9781420895025
9781420885996
9781420885613
9781420884616
9781420884210
9781420892468
9781420857559
9781420856859
9781420855616
9781420888355
9781420854886
9781420854596
9781420854534
9781424571673
9781425522384
9781425521615
9781425497880
9781423648697
9781423473428
9781423442936
9781423431329
9781425496081
9781420883565
9781420882506
9781420882452
9781425482657
9781425481667
9781425481346
9781425418168
9781420879346
9781420887457
9781420886719
9781420886313
9781425488833
9781420859614
9781420859416
9781420858938
9781420872323
9781420837940
9781420837605
9781420836790
9781420869132
9781420867695
9781420867183
9781420865783
9781420890495
9781420842876
9781420840971
9781420840803
9781420874266
9781420873627
9781420873160
9781420872606
9781420839579
9781420848786
9781420848281
9781420847598
9781420831559
9781420889420
9781420888843
9781420888607
9781420853919
9781420864588
9781420863093
9781420860542
9781420894837
9781420894059
9781420892840
9781420892819
9781420859676
9781420871500
9781420870657
9781420870268
9781420815573
9781420815559
9781420815085
9781420814385
9781420864830
9781420878004
9781420877793
9781420877236
9781420858792
9781426905889
9781426905803
9781426904585
9781425538958
9781425546786
9781425546274
9781425546014
9781423407928
9781421886978
9781421835419
9781421820774
9781420854985
9781425550912
9781425549985
9781425548988
9781425543037
9781425541781
9781425540937
9781425539191
9781425547028
9781425526252
9781425526245
9781425526092
9781425544959
9781425524043
9781425523961
9781425523299
9781425573485
9781426911620
9781426911217
9781426909832
9781425558253
9781425558017
9781425557720
9781425557713
9781426909634
9781425538620
9781425538415
9781425537531
9781425948856
9781425917746
9781425796471
9781425791216
9781425535605
9781425544928
9780983751762
9780985526450
9780984617203
9780985721121
9780983052838
9780984414031
9780987857729
9780989196000
9780985721169
9780986218927
9780986065156
9780986358302
9780972307277
9780974269108
9780976779544
9780976766827
9780977866991
9780972307239
9780978559175
9780970551832
9780970188175
9780963220165
9780967298498
9780983537182
9781445514383
9781432795450
9781432774011
9781432792015
9781432761219
9781432780135
9781432779146
9781432761646
9781432762308
9781434814388
9781432796969
9781432797850
9781432632748
9781432707958
9781432744151
9781432741181
9781432696405
9781403326638
9781441511249
9781410770660
9781410770363
9781410747945
9781410722539
9781410722140
9781410721488
9781410721372
9781410721044
9781410765413
9781410765239
9781410720863
9781410756237
9781410754882
9781410754783
9781410753441
9781410751843
9781410724137
9781410723321
9781410721020
9781410720924
9781410747440
9781410746405
9781410746153
9781410745828
9781410745729
9781410745552
9781410751331
9781410751294
9781410705051
9781410704061
9781410703712
9781410768872
9781410701879
9781410701824
9781410747631
9781410747587
9781410203557
9781410741226
9781410740649
9781410739100
9781410738448
9781410738011
9781410705846
9781410705556
9781410770226
9781410769831
9781410701954
9781403384188
9781403384096
9781409204879
9781409204619
9781403381606
9781408698266
9781408694299
9781408693872
9781408684313
9781408677421
9781403387677
9781403386748
9781409257974
9781410708397
9781409253679
9781409253495
9781409251514
9781409251415
9781409197393
9781408748886
9781409246831
9781409246480
9781409245605
9781409245285
9781409236337
9781409233558
9781409264286
9781409261964
9781409254393
9781407619880
9781403368478
9781406723151
9781406717990
9781403397928
9781403397867
9781403397805
9781449915070
9781403370495
9781409205869
9781409205654
9781409205548
9781409205463
9781403384270
9781409205418
9781406762501
9781406761238
9781409204602
9781409204572
9781409204251
9781409204091
9781409203179
9781409202950
9781409209188
9781409207528
9781403385789
9781403385383
9781403385277
9781409205456
9781409781042
9781409201540
9781409201373
9781409201342
9781409200895
9781409200727
9781409200239
9781409717539
9781409715887
9781408717547
9781409282419
9781409274810
9781409271376
9781406797589
9781409265061
9781409202899
9781409201977
9781410716569
9781410716071
9781410714497
9781410714374
9781410713421
9781410713346
9781409286981
9781409285458
9781410712011
9781410709127
9781410708885
9781409270898
9781406797053
9781406796582
9781406774498
9781406770391
9781406769425
9781409249177
9781409248125
9781406759525
9781409214908
9781409214847
9781409213420
