9780397473069
9788131266182
9780781726047
9780735402331
9788131272053
9789348631282
9789997618894
9780781733403
9783527336791
9788168518247
9781111290283
9788195601288
9788126141746
9788126132560
9780007266036
9781464113901
9780131549883
9780321568748
9781922169006
9780205004171
9789385891755
9781457625657
9780132802000
9780137136803
9780198529941
9781118670873
9780470420263
9780787945008
9780321518132
9780470551431
9781259764370
9780077492779
9780470587249
9789390616411
9780132911719
9780521598651
9780321591746
9780817298173
9780135096581
9780816069613
9780547055565
9781285056654
9783433017142
9780321766274
9780750672900
9780683072129
9783540906445
9780789739674
9780470007228
9781464110023
9780975587607
9780138147686
9780713452044
9780870624179
9783836549042
9781412991889
9780763741419
9781439824764
9781429238021
9781612280790
9781118583852
9781907697289
9781583215340
9780030671838
9781504671422
9781601469434
9781416001850
9780136002550
9783161529986
9780761441816
9781788825542
9781457625619
9781429294096
9783111301471
9780335216635
9781412991223
9781429668347
9780618858484
9780905214818
9780131597501
9780323098946
9781592602797
9780132862554
9781432910389
9788131708125
9780131149120
9781429217422
9781853127458
9781118118085
9781452259093
9780962607653
9780321693303
9781256756552
9780136111528
9781432959906
9780415816410
9780815329763
9781931442381
9780727914217
9781410955241
9781432951474
9780618926091
9789380239217
9780198065647
9780666367594
9781587134111
9780761817130
9780470054611
9781429288828
9780756548124
9781476562230
9780130266163
9780836893083
9780321196507
9780321169006
9780836840353
9781432980795
9781452243023
9781483364810
9789041136053
9781596472631
9781842656914
9781429225090
9780791084625
9781429258678
9780618715909
9781451118308
9780131027503
9781429636575
9780132381413
9780201793444
9780131678736
9780131331310
9781464130649
9781429285315
9780414018167
9780321939159
9780136090120
9781429244435
9781429239813
9781609135102
9780763792206
9780716775737
9783161499340
9781781542101
9781781542118
9781781541937
9781781541944
9781781541739
9780395258019
9780135106839
9780321600592
9781429228206
9781429222747
9780754666646
9780321758415
9781615308095
9780321595362
9781627125918
9780131361386
9780395299104
9781429271066
9780536001610
9780321898166
9780321636638
9780131748668
9780131748729
9781319082659
9780321354303
9780567381224
9780470546086
9780824044312
9780321613844
9780321573162
9780321598042
9780781700115
9780824794576
9783718651405
9781439826133
9780127100135
9780470627044
9781429296809
9780077212551
9780789757258
9780749476069
9781118837016
9781457642395
9780791080504
9781601460943
9780521755160
9781464114106
9780471664499
9783642129254
9783642123702
9780521649933
9780131074996
9781429211024
9780470408681
9780816083046
9781464115585
9781448848690
9781429291897
9781410941817
9781412989657
9789810223106
9781412983068
9780970304575
9781627125925
9781627125871
9780131241138
9780791072509
9781506307237
9781457644979
9780325002590
9780072510096
9781457618970
9781410944023
9788481741209
9781615902637
9780761430407
9780761434344
9780761434870
9780761448907
9780761427957
9780761428039
9780761440840
9780761440758
9780761428190
9780761434634
9780131692916
9780321561343
9780131419490
9781464120237
9781464110573
9781457625404
9781476578392
9781464113987
9780030787539
9780072826418
9781842657447
9789390185337
9781118072066
9780879502027
9781118104187
9783131420718
9780321169051
9780321157195
9781452258355
9781457648083
9781845860615
9781493808328
9781506706399
9781118492925
9780521126199
9780879936822
9780321691200
9780521549264
9781608312986
9781248990056
9781429228800
9781429226400
9780558689001
9780748797042
9780132913768
9780137026111
9780324656107
9780131748743
9783111101378
9780756544881
9780205686735
9780205697717
9780136079224
9781259382420
9781464119484
9789124252878
9781432990220
9781432935719
9780395258026
9780739852620
9780321738813
9780205652938
9781416002611
9781457623264
9781608700820
9780618463268
9781457638404
9783111188584
9781429212595
9780131843820
9781464138270
9780470825853
9780395649626
9783825340827
9781432980856
9780201730586
9780787939908
9780596801595
9781898924951
9780851255101
9781433202421
9781432920586
9780130717931
9781432907976
9781428380516
9781420073249
9780077341626
9780132346450
9781108020091
9781452270654
9781483365367
9780312476595
9780321656629
9780470509739
9780132662666
9789380642802
9788176291507
9788481747430
9781601466280
9780387005423
9780321518590
9781441993373
9780521750127
9781432903398
9781412996747
9780321675972
9781432911867
9781410960139
9781432959579
9781457601361
9781482404401
9781464133800
9781464124112
9781464120220
9789774247767
9780205682157
9789815124019
9780321195999
9780415676656
9780618813889
9780335221806
9780495604242
9780753139578
9780323068840
9789355784544
9781432943943
9781435836044
9780307700810
9780132666909
9780566027680
9781403458544
9780172140094
9780138148324
9780321508614
9781108009812
9780195516203
9780321205407
9781457624834
9780134640105
9781905538461
9781605344812
9783111280813
9783111265292
9789027915719
9783111293257
9783111867878
9783111185286
9783111202761
9783111184500
9783111311951
9780791084465
9783110327762
9783111152912
9783111292984
9783111000657
9783111147833
9783111257105
9780132368476
9780516297651
9783111114408
9783111114422
9781464115905
9780134796758
9781410933805
9789356983779
9780393613810
9780321559074
9781887368667
9781603274463
9781412989640
9781119964018
9781111540838
9781107020269
9780314267177
9780516293141
9780470889480
9780072487497
9780714657202
9781432996406
9781464119446
9781904842453
9780190304485
9780300026184
9781473602274
9781469856780
9781406240146
9780825163661
9781457622366
9781457631528
9780824770884
9788183246958
9788171009435
9788126100552
9788126101764
9788126104178
9788126526031
9780072448092
9780312580438
9781464130632
9780205462636
9781118107041
9783827411501
9781457632068
9782817802091
9781441780751
9780312476427
9781433292705
9781441707031
9788195313020
9780321124456
9780470148945
9780735575660
9781457646362
9781457647192
9780312649852
9780205753734
9789350715376
9781111427368
9781464128349
9781464152856
9780130764331
9780415377959
9781862876835
9780340950210
9781444121391
9780073323817
9780131636910
9780953254668
9789061863724
9781588902443
9780618738205
9780312213671
9781429201490
9781464112331
9780132497916
9781259659140
9781464117497
9781464114243
9781403479136
9780470973905
9781412982108
9780786181780
9780521750110
9780415198691
9780786180776
9780786181797
9780135049211
9780786103966
9783515080682
9781441778253
9780521753531
9780786180769
9781441160928
9780786101085
9780335235667
9781429232920
9780791080696
9789042926714
9781452270487
9780808044628
9780789756510
9781506307244
9781783530724
9780134099064
9781118636503
9781118636589
9781842656990
9783790821925
9780471752318
9780312675523
9781432945848
9780131639492
9780387576640
9780824062552
9781118097960
9780470879948
9780470914243
9780824028541
9780323085816
9781429253482
9780471727224
9780443066757
9780138023386
9783825325060
9781410945280
9781441783097
9780321654373
9781457617874
9781504653640
9780124172968
9788481740639
9780547070254
9781429201407
9780823970810
9781457609190
9780791087756
9781464131516
9780131271043
9780536016614
9781464113888
9780132460712
9780735588882
9789056991845
9788172233518
9789077833155
9781457648533
9780134531915
9780547144436
9780618739776
9780131783355
9780470008225
9781457641282
9781429225847
9780132176439
9781457640971
9780321854629
9781406239645
9780837162331
9780748634200
9780853697299
9781457659591
9780470388136
9781594911132
9789041132901
9789041133328
9781926633183
9789386552129
9788130933733
9781844677801
9781457634352
9780312475949
9781457621857
9780205700509
9781452272160
9781567664225
9780761415473
9780761448662
9780761448600
9781457624049
9780321668936
9780312648824
9781454831419
9781457632822
9780321620118
9781457638077
9781457638084
9780547083728
9780131238510
9781452278643
9781559384575
9781559381062
9780762306091
9781412980852
9780136154303
9783110347821
9780312650292
9780321944764
9780321571076
9780136089780
9781259766558
9788183156042
9788193779743
9788184730678
9780471525318
9780205001736
9781464134463
9781406227697
9781412991902
9780131527041
9781457641084
9780134244730
9782503523316
9782503520933
9780131782297
9780321475572
9780205753604
9780471677437
9781457637803
9781429253437
9781429225465
9781449687373
9788471793102
9780132772389
9780335209682
9781567200324
9780205630684
9780133406764
9781457620133
9781429271332
9780444517630
9780415734172
9781118129951
9781457648106
9780134244808
9780321245687
9781429256476
9780750669863
9781256668756
9780134264547
9780782150247
9780470907221
9780879502010
9781861349644
9781403478870
9781844079582
9780131081291
9780230550612
9780863779428
9780781727402
9781433202810
9781457668012
9781457668067
9780137067589
9781611491807
9780748770052
9780470154625
9781429265836
9780205049141
9780131477193
9781429677172
9781429665292
9780072874228
9780554002422
9780618702176
9781433291289
9781457606755
9781402044021
9781479585250
9780131329478
9780321464842
9781441772671
9789385485299
9781118025062
9780133969887
9781457625275
9780395599693
9781118893401
9780683301427
9781856047586
9781452270708
9781412991131
9781305251281
9780198478157
9789402418330
9780470427552
9780470304884
9781337251952
9780205861989
9781429238717
9781410959478
9781457629259
9780470128435
9781406237924
9781412982139
9789360323936
9780618375851
9781567662351
9781429269438
9780321322173
9780131135000
9781476503714
9780078039430
9781476574295
9780201787276
9780201326222
9781412973250
9780131238480
9781429200653
9780131238503
9780789568472
9782503536538
9780134399751
9780205775415
9781627122375
9781627122207
9780748763757
9781412987332
9781555766603
9780131436336
9781555766634
9781842900864
9781616571351
9781842901618
9781555766641
9781555766610
9781555766627
9780321185563
9780312655532
9781906124823
9780748798407
9781843341659
9781904602521
9781611482393
9780808038672
9780470834435
9781319084486
9780782141603
9781405118941
9781416037712
9780312678777
9781457600562
9781118645222
9780312589592
9781429271592
9788184482034
9780750687263
9780133075939
9780836872460
9780415435888
9781457641367
9781432910310
9781452290065
9781259640865
9780820600017
9781429238908
9788176291682
9788126106509
9789381906149
9780387509778
9780716775843
9780323097253
9780230518094
9781457666179
9781108057486
9781457645068
9781457645075
9781612289762
9781457637926
9788126515141
9789380937519
9788171003747
9780230546837
9780321468475
9781452270463
9781412999052
9780863888168
9781452270975
9781457616358
9780470176092
9789381496886
9789392958182
9789349413528
9780312623838
9780431193748
9780857853462
9781935488064
9780321632432
9788180616693
9780174248132
9780761416388
9780761404088
9780132148115
9780618901043
9780782129502
9780853086987
9781859661666
9781859661673
9781455133741
9781433291562
9781118271780
9781455117543
9780567044624
9780735673861
9780132683449
9780071818568
9780393970524
9780137018239
9781841847108
9781441795137
9781452258638
9781457648090
9780415414326
9780415467971
9781118738153
9781118738337
9783261044068
9780865773851
9780753127162
9780470682647
9781597010344
9781587624407
9781455701957
9780323057165
9781412991124
9781405156660
9781433206627
9780786101580
9780132255998
9789390748198
9781469209531
9780134015705
9781444792393
9781260011302
9780137138043
9780205657285
9781588295668
9781587655388
9781587655432
9780131079205
9780335220922
9789349218482
9780954769512
9780071784177
9780896034631
9780792350415
9781601462367
9780787944476
9783540516781
9783540057352
9783540185550
9783540196235
9780786162222
9780521752046
9780521752022
9781843830993
9780786161089
9780521752015
9780787962616
9781468404326
9780814717899
9780387539614
9781111308841
9780313257797
9789089790101
9780981511894
9781461287766
9781905721498
9781601468192
9781118821145
9781680831801
9780205805303
9780205805297
9780205751488
9781429669085
9780896402829
9781607180654
9780312649173
9780131238541
9780205476473
9788186190692
9780312546229
9783038214342
9781452272153
9783038212034
9780763781484
9780415571531
9789347779114
9780194306720
9780194306713
9780194306737
9780789728913
9780321513366
9781425802592
9781594911408
9781457640858
9781483359816
9781452270715
9781429235211
9780133388978
9781464126123
9780312588595
9781457634208
9780205603855
9781902957296
9781457639289
9781457625268
9780816038183
9781292160450
9781457623257
9780324160512
9780321916839
9781429238175
9781483344942
9781939986122
9780205672080
9781464128080
9780323318730
9781457646775
9780205762361
9780836862218
9780205654697
9781841695532
9781410932358
9780321773395
9780786183906
9780470176368
9781434241160
9780750613354
9781464126420
9781410932365
9781611482478
9780205858477
9783540530510
9781457639005
9789041125385
9781859661628
9780893560188
9781118752067
9781433288661
9780893560171
9781429213417
9781859661642
9783527303342
9780748627844
9780816083503
9780801672460
9780781797856
9781429224567
9780415942133
9780230220942
9780397515226
9781859661635
9780753103661
9781587656347
9783865210197
9781902375083
9780174016793
9781575722818
9781457666445
9781429287869
9781622752867
9781622751204
9780340948064
9781429235082
9781429247139
9781118908129
9781842656860
9780312484453
9780312621742
9781429282246
9781457611094
9781429284585
9780205168439
9781464165337
9780205821655
9780736825689
9781457614903
9780194306744
9780321941787
9780131193956
9781457622311
9780130344977
9781580531856
9788183240871
9788126138067
9788123922263
9789347778896
9781841962184
9780415728874
9780071842181
9780205510108
9780131043800
9781429211017
9780323053907
9780205661763
9780312649838
9781429232456
9780340946008
9781850082972
9780415676878
9780781743495
9780836893113
9780131038998
9780618451715
9780761404095
9789810224448
9788126555840
9781454830269
9780415629959
9780817247546
9780205780280
9781457626845
9781457611629
9780132693813
9781452286570
9780761409045
9781457622182
9781506340319
9781452640525
9780077440541
9780312691639
9780199263011
9780312589660
9780312589233
9780273710400
9780312692681
9781457621048
9780132182126
9780312589608
9780716770817
9781457620980
9788167010124
9781292147048
9788131265819
9789394881273
9781842901755
9781470820947
9780791094594
9780735659476
9780325071244
9780071753050
9781482914764
9780842029131
9781433260889
9780879500375
9781842901731
9780827368163
9780321454331
9783034602372
9781557664600
9780849303807
9781842835814
9780815133995
9781111540050
9780768017151
9780131122055
9780340965672
9781558999879
9781587144172
9781611491029
9781119071549
9783825330231
9781454830290
9781907697272
9780471436638
9780333973820
9781457638893
9781907975561
9781444323689
9781439047859
9780193870604
9780273738985
9781457631696
9781890018474
9780763756802
9781412991186
9780387569796
9781457666438
9780205598557
9781457625183
9780312471507
9781457606892
9781457613609
9780205432400
9780321886828
9780521732376
9781452286563
9788176497985
9788178796826
9781843982197
9788180384967
9780566076725
9781457633775
9781457618284
9780312610944
9780312595753
9781457643378
9781422219188
9780131061873
9781118860687
9781457666469
9780836835656
9781457623806
9781859661505
9780205611607
9781429235426
9780321504845
9780321720993
9780205549757
9781457639937
9781457616495
9780130606259
9780547134789
9780786144273
9780763754310
9781433211843
9781412992169
9780312680718
9781611481853
9780134225548
9781403462794
9781607542889
9780321390998
9780323063678
9780205003440
9780321618832
9781457659089
9781554079780
9781592290567
9781592290611
9780199236459
9780230114586
9780230115828
9781843342557
9781742148199
9781848852754
9781742142012
9781427228185
9781412987912
9781448853618
9781552211724
9780708322574
9781934267042
9781403914972
9781887368988
9780230603936
9781137023063
9780883188125
9781553392019
9783034607322
9780813826004
9781464143229
9781153528009
9780323058803
9780803978386
9780312589202
9780077328252
9780312589165
9781680830248
9780198758228
9780198759423
9780877456575
9781608453207
9780521657259
9780198793953
9780198793960
9781611685510
9781559386555
9781457634376
9781457636998
9780836865622
9781404219847
9781602703285
9783111797755
9780131725607
9783111781150
9781742145723
9781412980722
9780313269479
9781118553022
9780471495710
9780789739698
9780312580940
9780312544928
9781406221213
9781400144990
9780130721013
9789353151874
9780936826004
9781911096542
9780819178930
9781457624353
9782213631707
9780819447487
9781457633393
9781457618130
9788198560506
9781457648069
9781457614125
9781457614118
9780312561338
9780312489885
9781457614194
9781457614132
9781506323121
9780205797479
9788131315705
9789382215080
9788124201701
9788131218402
9788495275257
9789360326661
9789358874266
9780444504159
9780133393453
9780201730746
9780321468871
9780470929681
9780471110767
9780030321061
9781483316468
9781483316642
9781457609183
9781457640315
9780470333426
9781454831259
9780131060517
9781457609954
9788412903492
9780854044047
9780132045803
9788190100090
9783527411474
9783527407453
9780312652630
9780131605220
9780618492831
9781118519837
9781464115783
9781464115790
9788363678166
9781457633416
9780205602834
9780826489784
9781441191984
9781118908075
9781439898369
9780323098137
9788173570872
9781408287293
9788170192503
9780415682718
9780415170741
9781433215438
9780470694367
9780749423384
9780850334784
9781400131938
9781441760067
9781742146348
9780132479592
9780786144938
9783540929451
9780471442288
9780618874248
9780230220393
9780759363595
9780071547253
9781597564168
9781857546453
9780761996910
9780781749855
9781597564175
9781285060538
9780865422957
9781420092066
9781463798185
9781597564151
9781485101277
9781429214681
9781400132621
9781907343209
9780321903723
9780321939692
9783849562793
9781400140640
9781400140473
9781400137497
9781469024349
9781606998731
9785458296809
9781603585095
9783845703084
9789387481244
9780791080689
9781841741536
9780312385972
9780521173599
9781457622069
9781457621871
9780072422450
9780750688291
9789385999833
9788480866125
9780470388129
9781429287777
9781403441041
9780153682216
9781502751522
9780131893238
9780781762540
9789812480132
9781590332092
9781451116311
9780554025216
9780865772373
9788131266571
9781601468796
9781452290607
9781410962669
9781457609039
9781410947000
9780203997345
9781506378145
9781107629134
9781457627736
9781464135309
9780030370380
9781845926649
9780470038543
9780130396488
9781457643392
9789971509200
9780547183442
9781412991353
9781860642999
9781506307299
9781454830276
9780135032695
9788126558100
9788776020514
9788126141340
9789381308752
9788185016412
9788189582777
9788126136711
9788172246396
9789386682628
9780810123021
9780312678135
9788885570290
9781853338427
9780117022669
9781457640612
9780237514945
9781457638671
9780237515232
9780538798983
9780240522814
9781429226844
9781406250077
9780077241025
9780071629256
9780323043205
9781483351155
9780761409595
9781429259538
9780205703975
9781873732144
9781933810171
9780521639323
9780205215409
9781858112947
9780547133355
9781133312567
9780321858733
9780132907415
9781504642101
9781457633973
9780321459503
9781032918099
9788190815406
9781904905202
9780787982867
9781849660747
9781845190385
9781615741687
9781457653568
9780812116946
9780554002262
9781457653438
9781455116799
9780130781895
9781575865836
9780672329524
9781457640148
9780340632123
9780312227548
9780253353368
9780879500962
9780131240964
9781615741618
9781593857011
9780879501969
9780970067562
9781587051180
9781556236990
9781457653711
9781467650823
9780879501853
9781457653704
9781412979184
9781936603251
9781482932218
9780230019577
9780230614857
9780521649575
9781910889022
9780809310043
9780983150077
9781601982025
9780692218181
9780809310036
9781452270883
9781483300207
9781611131901
9781107607712
9781859643716
9781482988581
9780321483140
9781464117275
9781316641293
9781316641323
9780312681739
9780134110417
9788126106530
9781573403566
9780078203411
9781578080861
9781444177084
9780136793175
9783515082167
9780312631024
9780312662240
9781560322849
9780534623746
9781850082453
9781457648205
9781483351124
9780393156263
9780134085623
9789386261144
9781904761266
9781457633126
9780132462310
9780131094239
9789580492573
9789390616428
9780132721424
9780321974518
9780072870114
9780072530247
9780780806429
9780312594213
9781464147555
9781433214318
9780321444097
9781108578509
9781108565844
9780773449190
9780554006970
9780030400148
9780323043083
9780205620142
9780275948696
9781457667923
9781429215480
9780134089911
9780134089904
9781259249495
9788126106264
9789351070818
9781457612206
9780536580894
9780321916723
9780321916730
9781457609978
9780470159194
9780970863355
9780077236373
9780312539818
9780761940739
9781848290228
9780135110676
9781608318452
9780763714383
9780470178034
9780849309922
9780130829276
9781432978457
9781464142192
9781464142215
9781410942869
9781566252768
9781483317687
9780470178041
9782503516448
9781457661235
9781452632360
9780205001637
9781452636399
9780840054241
9780836872811
9781845646462
9781441189622
9781107642812
9781432996321
9781457666254
9788950924577
9780803979765
9780201599657
9780205772384
9780761439677
9781856287111
9781457643347
9781457608681
9780955807428
9781457643354
9780133398502
9780077197353
9780077197391
9780078051791
9781457624193
9781457633003
9780131423794
9780395737644
9780444502230
9788126545292
9781615306350
9780791801970
9789381308806
9780521549257
9781437879292
9781478980162
9781478980001
9780071767217
9780789740250
9780632055340
9780137040360
9780321553737
9781606407110
9781842171813
9783038216155
9781442601116
9781464146695
9780071760638
9781841134628
9781616578749
9781611204544
9781433277054
9783540038184
9788185017532
9780861404650
9780857091963
9781433253782
9781433270109
9781842173756
9781441803863
9781455802203
9788415123187
9780619058906
9781611061970
9781743190456
9783860254684
9780750622295
9781433215834
9783540026457
9783540463719
9781133524991
9781852339067
9783540042068
9780786103799
9780879422646
9780387580753
9780763786731
9783322872166
9783211800928
9780831133771
9781904842514
9780340971130
9781588744296
9780130875587
9781400143245
9781400144051
9781400137183
9781400134779
9781400141647
9781400136575
9780735659483
9780735659469
9780174247579
9781469024202
9781400136162
9781400145539
9781400144204
9781491542187
9789332701502
9781580818445
9780734611543
9781464126154
9780421691407
9780077289195
9780240821269
9780312616557
9781429232913
9781457615061
9783540170891
9780547194431
9781243452726
9781937246570
9781937246549
9781937246532
9781880854266
9781937246556
9781601468130
9781457648014
9781441765840
9780554006963
9781457657597
9781464138072
9781243462848
9781243603753
9781243596352
9781243600080
9781243785824
9781249041641
9781243484147
9781248951392
9781244788589
9781244758131
9781243482464
9781243494788
9781243464989
9781243687319
9781243583895
9781243430526
9781243402257
9781244605107
9781244601765
9781244600256
9781457661266
9781249843290
9781243877512
9781243987266
9781244754812
9781244684218
9781244087521
9781244096707
9781244104303
9781244104907
9781243544407
9781244018112
9781243713391
9781243707666
9781243698858
9781244015920
9781243557148
9781243547453
9781244594739
9781243853363
9781243816733
9781244597464
9781244580558
9781244584044
9781244078390
9781244076594
9781243525109
9781249081913
9781244613232
9781243677983
9781243804839
9781243800473
9781243781611
9781243618931
9781243634856
9781243660831
9781243815712
9781243748904
9781243767523
9781243776846
9781244694118
9781244743717
9781171346289
9780312604448
9780823971787
9789388983396
9781594911057
9781406227376
9781611492569
9783825315887
9780321876027
9789386464392
9780333924297
9780470425053
9780470955482
9780141198279
9780412539909
9781562437732
9781416065944
9788415123569
9780756544775
9781844802982
9781449638320
9781416025795
9788180619588
9780340986684
9781483351179
9780134662114
9780408003568
9781457625602
9781844072569
9780981464602
9780521126939
9780773438866
9780773450110
9780199128105
9780174023180
9780421908703
9781457651960
9788126100293
9789381308875
9788193727942
9788189582791
9788178885391
9788174885142
9788171322251
9789382215677
9780131022157
9788126539222
9781844673926
9781111319885
9781435481480
9780819150325
9780470571637
9781452258867
9781457633966
9781071649299
9781841100739
9781898723912
9780131641372
9780131044524
9781585771394
9781562438098
9780131920682
9780875272955
9781849730488
9789031355037
9780745328805
9780618990801
9780857852793
9781907176869
9780312583910
9781594911422
9781457661242
9780702041334
9780130209443
9780113410835
9780470948484
9781562530587
9789384245771
9789359513348
9781483350899
9780198307389
9781258087142
9781845644963
9780554000916
9781457659683
9780787959654
9780871718099
9781457636561
9780312539757
9780860936480
9783718654031
9780470596456
9780205842162
9781418915995
9780321621993
9780007351169
9789390128402
9780321840707
9781607758235
9780716529330
9780521648899
9780521648950
9781455123483
9781433276415
9780804730693
9780903067348
9780521649063
9781457616310
9781605148519
9781455870745
9783515085267
9781619697713
9781742148182
9780521649087
9780521648974
9780521667609
9781907461194
9781616379858
9780323065429
9780631224334
9780323054898
9780205988518
9780761949602
9781905221523
9781118207161
9780801898679
9781613470572
9781680831887
9789382993278
9783447059169
9780062434739
9781444132465
9780992876937
9780734611321
9780321636423
9781845927295
9781845924997
9780321741714
9788488825353
9781789760118
9781483339382
9780134090054
9788168536517
9780134038773
9780781753661
9781906863739
9789366164687
9780397517886
9780395550748
9780750665377
9780078052064
9781457636301
9780072422467
9780072837834
9780521727815
9780131890435
9780521666558
9780618952274
9780273723028
9780756726256
9780201877366
9789387598676
9789388266819
9788172112011
9789350718643
9789388983433
9780763790837
9780137820467
9780786158133
9788496921153
9780786161775
9780786159864
9780875813851
9781550092950
9781401890582
9781464128103
9781464128240
9780470906217
9780757881350
9781171279730
9781107630833
9781258342517
9780076000449
9780075844921
9780716770848
9781429274357
9780312485764
9780071825405
9781429212205
9781418859404
9780130878007
9780554000756
9781107631908
9788126106554
9789383999040
9789380833996
9788193315743
9788185066424
9788131300077
9788172247874
9789383181056
9788183243001
9788126138180
9781041025399
9780495560784
9780763753122
9788130913001
9788168518292
9780130122476
9780470589472
9780748778492
9783368041342
9783382043377
9783382132552
9783382148362
9783382149802
9783382036669
9783368133931
9783382164645
9783368813833
9783382156855
9783382138509
9783368905217
9783382321383
9781594912320
9781427284907
9781427281807
9781483351131
9780495805908
9781437868852
9780757546006
9780618751259
9789383794096
9781172028900
9788131224700
9780130289070
9780761404415
9789389714760
9780321858061
9780748782734
9780131609778
9780201410198
9780521681810
9780534392406
9781111314040
9780312647308
9788131262818
9781418914349
9781418916954
9788131245903
9781590597439
9781433268212
9781590595954
9781433276576
9781455112241
9781470827434
9781566370660
9780596801939
9789058562982
9781906403485
9781841131535
9781841101996
9780735659452
9780764545832
9781441729576
9781441723765
9781433291449
9781615459070
9781615458677
9789380040004
9780819426147
9781118658789
9781589796454
9781583215531
9781441781000
9781430244134
9781573923057
9781441778611
9781441729736
9780071767903
9780735667167
9780132914710
9780071798624
9781400137596
9780312473198
9781430234166
9781605149301
9780749465865
9781615876938
9781617072260
9781583215128
9781576106921
9781441752628
9781441737908
9781615455843
9786155225314
9781455815579
9781843310112
9781842654835
9780470410233
9780538743662
9780195629613
9780240521145
9780195126068
9780195331844
9780747309031
9781906403614
9781909384590
9780786168095
9781420023268
9780781757881
9780763785604
9780820476643
9780786168200
9781584503743
9780750650175
9781482942262
9781428366619
9781931777872
9781432970994
9781432970956
9781575910802
9788175241145
9781408262887
9781504648769
9781483005690
9781459618794
9781400145089
9781400148615
9781118692752
9780692421864
9780132626514
9780470438381
9780912912110
9780974655680
9780714122670
9780749476359
9781470023348
9780984824823
9781400136599
9781781392584
9783667104106
9781400135936
9781504611343
9780692506134
9781480584969
9781522690085
9781491593493
9780792782483
9780884327288
9780814471241
9781619540705
9781627341707
9780313208652
9780470647240
9785518631052
9785519210775
9785518883017
9785518896390
9785518917798
9785518821286
9785518956155
9781921523328
9785518450257
9785518547735
9785518985896
9785518985360
9785518837843
9780199403530
9785518543744
9785519168847
9785518499430
9781848891593
9785519003407
9780470144503
9780471441694
9781464165535
9781457667558
9781176774339
9780781794053
9780312679675
9780521727839
9781259683466
9780748712946
9781464128219
9780905705972
9780521786317
9783515070508
9780071449076
9788189619855
9781904868743
9780195366495
9781361003824
9781374775640
9781374692046
9781361238721
9781374689657
9781361330623
9781361235812
9781361427491
9781240403981
9781425816872
9780387569970
9780309078719
9781284037739
9781457625169
9780131094222
9780874201314
9780787978761
9788787564809
9781457657443
9780324320053
9780761329824
9789360539771
9789357125994
9781588901231
9789283311249
9780521669160
9780312649722
9781933762197
9781403416209
9781846220104
9780312571856
9781844893256
9781032319315
9780739832660
9780321656537
9789382159872
9789372191462
9788170192237
9780321682581
9780757855788
9781457655760
9781405157957
9780521597494
9781457622083
9780521701563
9780538744362
9780536575845
9780131875425
9782503991276
9781410940025
9780613919517
9781107526969
9780521690416
9781118139752
9788170418375
9788189582746
9788180303043
9789380833811
9789380833972
9781133115335
9781457618475
9781416067061
9798235913356
9780195612042
9781177505567
9781412902342
9780312672997
9780955812408
9788186830420
9780103850788
9788131272008
9788175152175
9780860936558
9788196715595
9789366602745
9788956055909
9781107674714
9780786185412
9780072458589
9781858112930
9781319123529
9780538441575
9781440216824
9781432956646
9781432948450
9781861250636
9781604270365
9780470189313
9781400141340
9789287039316
9780133462562
9781440216763
9789391088019
9781550593372
9789391297336
9781432938178
9780787997748
9780077261986
9780414017351
9780133849462
9780205584994
9781408259870
9788468118468
9798235340688
9788184481747
9781428318960
9780716727897
9781578082872
9781850704201
9780321466020
9780739883136
9780470771020
9780787971069
9780195472264
9780521639392
9780470903681
9781606405154
9781405160605
9780787954567
9781850745990
9781616376345
9780536587596
9781619698581
9780521639408
9780787942533
9780786175796
9781455157419
9780471593683
9780472071562
9780521639385
9780787976439
9783642368912
9780814746271
9780787995676
9788496969605
9788180616365
9783832907457
9780884151036
9780470863503
9781908849106
9781457634178
9781608127306
9780787953386
9781441761064
9781441715128
9780787948788
9780387551708
9783368053994
9780786145904
9780071392365
9781856955102
9780702166518
9780631230298
9783368043667
9781933804279
9781433228537
9781433214264
9783643110718
9781483085197
9781119131625
9781932559545
9781118948101
9781119403562
9780788505751
9780792782452
9789144055404
9781504658201
9781472529510
9781603320030
9781258620431
9781138867536
9781933804514
9781842652879
9781905538263
9780321558961
9789359712369
9789357129367
9788131312568
9780536018960
9780132862042
9780205929009
9789348631565
9780443281099
9781483347332
9780780802292
9781601466341
9781457610394
9781433276941
9788193326558
9781602704688
9780073528700
9789814401180
9780521690157
9781111527846
9780077481384
9780536018878
9781410943309
9780750633666
9780851868042
9780007345151
9781405194570
9781432938697
9788171416073
9789351529552
9781433921759
9781607181811
9780756545901
9781583473740
9780734611642
9780124200265
9781107652354
9781171939139
9780312582388
9780312582364
9780130892706
9789067642255
9780205009947
9780205011537
9780131609785
9781419006258
9780536282149
9780321893291
9780134508757
9780134506692
9780134508641
9781404211636
9780313269769
9780323044912
9781842651988
9780852882962
9781920694265
9780787947309
9781841101736
9780495599845
9780134672458
9781270256335
9781491583883
9781425816858
9781418926007
9780389208846
9780511056468
9789350357484
9789373108803
9780757853562
9780312612269
9781457621345
9780836889352
9780230517899
9780230225084
9781410225771
9781843396567
9783382025984
9780521681742
9780135070826
9781406211801
9780898748451
9781404876453
9780521702751
9780521702775
9780534465773
9780820402611
9780619044602
9780521702782
9780522867596
9781564841582
9781258518714
9781258816568
9780312677442
9780739882238
9788170418870
9788183240123
9788126112814
9789381138656
9788174884381
9788126137978
9788189582784
9780240509716
9789393875013
9788190757720
9789350355992
9789382332169
9789390078202
9782809902037
9789388548687
9789383154234
9781592292462
9798268541564
9788126560769
9781457651984
9780470529584
9781410945846
9781444104615
9780073308951
9780209626195
9780091857011
9780195203851
9780421706705
9780099268321
9781408263310
9780618662890
9780195633542
9788178886725
9789357130868
9780136115632
9780321993106
9798899760556
9789812384225
9781424000791
9780763798314
9780813691763
9780521649285
9780554020976
9781107631076
9781107695603
9781258876418
9781457604881
9780470388211
9789394076228
9780133675740
9788131263464
9788192761701
9780412792304
9788189617295
9780727731036
9781594911040
9780071623377
9788126560776
9781464146671
9781464146619
9783161464249
9781441184009
9789785991086
9780978778125
9781842655412
9781578398690
9789394991057
9780132756518
9780321898364
9780391042476
9780262050685
9781449359959
9781455887378
9781562437510
9780672336171
9781430223931
9780132435895
9780735625983
9781118338407
9781619698697
9780071663441
9780415285919
9780070417779
9780721675022
9789185657032
9780672333101
9780521681797
9781118561843
9780596009311
9780521577151
9781590595367
9781578065004
9781430226383
9781418907075
9781607756293
9781598959338
9780672334382
9781576106914
9781449327446
9780789750846
9781455885046
9781743196076
9781469204680
9781455883790
9781743195949
9781572246461
9781931796255
9780470715529
9780070271890
9781433267772
9781470837402
9781581101195
9781560276449
9783827419828
9780415469272
9780415441209
9780886293338
9781876991388
9780908975624
9781936420421
9780786112487
9780805893564
9780745635835
9780750636681
9780763780074
9780786102181
9783764364670
9781904424222
9788416315260
9780071140676
9789355429131
9780860030812
9780566025235
9781934555965
9780735286771
9781787110267
9781934555958
9780957410565
9781481533782
9781400019878
9780985943332
9781259587818
9781478930280
9781452603940
9781400136506
9780071625197
9789652081766
9789056625207
9780321660480
9781481514392
9781520081670
9781504615082
9781501161766
9781942231073
9785518700659
9785519152990
9785518685161
9785518678880
9785518626744
9781429003940
9781138940901
9780898201734
9785518705272
9785518717237
9780964960237
9780995482067
9785519352475
9785518737310
9785519138123
9785518623880
9785518456846
9785518875524
9785518770201
9785518943285
9780643096592
9780471452454
9789384092917
9780876590614
9785519269940
9785519168571
9785519194921
9785518994362
9785519094504
9780271037448
9780199402083
9785519120357
9785518449473
9781604944334
9785519168557
9785519164405
9785519162937
9781935430735
9781772262629
9781412904667
9781149372371
9788183690027
9781234123338
9781464136801
9788176292191
9788184721515
9780471487449
9788131266274
9788184894219
9781851821952
9780762301232
9780878938360
9780536665164
9780815114345
9781337898805
9788497042741
9798253568361
9780739875759
9783631518984
9780739843772
9788121108072
9780881326253
9789383656578
9781890018603
9780930011727
9781936280032
9783515068512
9780130940889
9780735583481
9789173465366
9781856176477
9781856176484
9780314602749
9781374674448
9781361426203
9781374687226
9781361034927
9781361122242
9781361168042
9781361418505
9781361305225
9789089790200
9788192853741
9781483017327
9781361199091
9781374811928
9781361437469
9789089790361
9781249371267
9781361276976
9781374800458
9780307700704
9781412942010
9781457627965
9780559086519
9781177073578
9780837150574
9780016356025
9781457659829
9789361259197
9781483318455
9783662600795
9781432967666
9789332707276
9780000014689
9781292271378
9781586034016
9780906522455
9780521648844
9788496969049
9780132667364
9781858113302
9780521639439
9780275992002
9780786199280
9780735659025
9780340983522
9781444137675
9781432969462
9781410942074
9781432943127
9780435078836
9781408505045
9781611901863
9789357122740
9781240794874
9781452631721
9781171330615
9781408505090
9781258816063
9781138969353
9781258905101
9780618528479
9781258503017
9781258272722
9781432987602
9780072563214
9781457659232
9780205960200
9781147263848
9781416027041
9780415604086
9780072948981
9781599631868
9781484117309
9781903436479
9780077192891
9780078005190
9780205019540
9782804144739
9781432976118
9781575254364
9789079761951
9781107685550
9789358990027
9789814822015
9780312486075
9789047301264
9781583214015
9780312699338
9781563929526
9781430229971
9781440216770
9780138005672
9780521701686
9781413018424
9780877655435
9780763799823
9781424000784
9780763542511
9781152512887
9780470903285
9781886489127
9781932226003
9781844144044
9783825359072
9780471269397
9781133611523
9781258597160
9781258530921
9781258079697
9780131997936
9780321294098
9780131487444
9780131490017
9780321241733
9780131867499
9780754604150
9780136122999
9780134506753
9780134506630
9789881590237
9788126117741
9788189913076
9788177649468
9788184551570
9788188719396
9789380096209
9788197133398
9789380937809
9788176291132
9788190179904
9788190250801
9789380096223
9789380033907
9788130715032
9789380937267
9788174881434
9788126134762
9789380096421
9780141369433
9788171795222
9780897070300
9788186757024
9781416061649
9780131538313
9780471965572
9780697076618
9781416027881
9789393875402
9780268078508
9780335234752
9789987080151
9781457615153
9780781796866
9780199812592
9788126529728
9788190698207
9781110763290
9781443724708
9780071766029
9780174015505
9781427252197
9781171331179
9780202648569
9780900918247
9780618854479
9780174203872
9780548959527
9788170191964
9789372195507
9788170191919
9789381950517
9781457622762
9780582779976
9788490540398
9781177871327
9781143946301
9781277298741
9789350715949
9781444104752
9780670919307
9788893740593
9780275928629
9781412981033
9780130651105
9780135106228
9781445601458
9780205605088
9780131618169
9788199888173
9788180385889
9788131266106
9788131261125
9788131218679
9781841589404
9780807323694
9780132761536
9780071827447
9781861563774
9780865773974
9780857869043
9780227679944
9780201775020
9780321862471
9781616579883
9781858945835
9780871704979
9780819194572
9780954445669
9780854440085
9781118682876
9781430234197
9781617290725
9780385367707
9780802779793
9780735627062
9780470661079
9781435459786
9781598957983
9781598951318
9781562057114
9780132417990
9789371700245
9788198139245
9781452291260
9781844451517
9781884133718
9781470808815
9781586831141
9781433215001
9781441744678
9781433292729
9781433267789
9781433293443
9781455157679
9781455127627
9781482941098
9781433219931
9781441722775
9788496650046
9781433253140
9781433201943
9780415849449
9780749464370
9780786121373
9781432939212
9780415652018
9780596009847
9780786108169
9781433245800
9788173715716
9780387513935
9781935444428
9781551439563
9781619030473
9781611637410
9780814438428
9781883357788
9780399565922
9781475183184
9783849563592
9783849566777
9781541407039
9781446504918
9781511309851
9781171284017
9785519190565
9781258731984
9781441787972
9785519173780
9785518815568
9785518675315
9785518549678
9785518482272
9780954446635
9785518660441
9781258374730
9785518836082
9785519103350
9785519168830
9785519168861
9785518798106
9785519073684
9785518850361
9785518846050
9785518752689
9785518898721
9785519187763
9785519272131
9785518457294
9785519461221
9781455155330
9785519478526
9781470887650
9781258502362
9785519011532
9781784623975
9785518867741
9781455155255
9785518901612
9785518980280
9785519006866
9781139065801
9780324380415
9781848765825
9780324380613
9781139093774
9781412906029
9781139080347
9781405130936
9783827413574
9780522848519
9780760054765
9780735584334
9781906033132
9781167140013
9788196332938
9781176799790
9789360329129
9781177556606
9781172667741
9781171649120
9780195672893
9781406211948
9781847875600
9780205490806
9789388668910
9781435351363
9788180388880
9788192136714
9781844882397
9780198472391
9780198310358
9783382113384
9781619330856
9789351243878
9780321837042
9780134083339
9781905264728
9780007462766
9780237537678
9780710628190
9780237532383
9780237523862
9789375378341
9781921361722
9781562534059
9780890897355
9780748791613
9781473310995
9788170194415
9780321999955
9789393168474
9781171284598
9781437483741
9780774827690
9781609273781
9780131617575
9780674188532
9780674280472
9780674284807
9781496306180
9781115764346
9781174902796
9781149064962
9781177302623
9780521648721
9781908271112
9789350702093
9789368089476
9781443729895
9789393511072
9789393511294
9788122139686
9788177550955
9780691600680
9789381942185
9781118559215
9780470988060
9788180388989
9780521595759
9781457642272
9781403429421
9780803163157
9781410931528
9780790610924
9780521592895
9781412980982
9781934015070
9781841101248
9780632048779
9781876944308
9780415676663
9781412990677
9780878554812
9780817623425
9780808400899
9781115770842
9780559720918
9781908064035
9781258073527
9781742758282
9781258950972
9781424001255
9780761429555
9780761429487
9781432960278
9780639842035
9781393805700
9780538678490
9781625240705
9781625240811
9781625240804
9780130353993
9781172411061
9781178287059
9788171795437
9780471650393
9780199192755
9781443725552
9788990831965
9781932634846
9780495807858
9789394991217
9781932634006
9780511128271
9781307575187
9780471233190
9781936280162
9780880335003
9780836872118
9781936280223
9789575518998
9780819421050
9781578399826
9780028019154
9781856176415
9780415376761
9780761436454
9780761436430
9780761436478
9780761436416
9780761436461
9780761436485
9781781394731
9780160930355
9781782188490
9789349247864
9780548369364
9780199401925
9781258082475
9788122139358
9780077381431
9783896579805
9789287045379
9781941384213
9781177309998
9781172601011
9780511128714
9788122122886
9788122105599
9788195676996
9781107624276
9783839117057
9780198471752
9780306500145
9780313233555
9788179104637
9788187818137
9788176464925
9788126104123
9789380239101
9788126124411
9788170417705
9788171325689
9788126113873
9788126120994
9788170417217
9788131236567
9789350292112
9780757557194
9781884964831
9780470773062
9788131201114
9788172247850
9788126545049
9789351070696
9788131218327
9789351073598
9780470821497
9781907794193
9783382176501
9781932634136
9780325002583
9789356981447
9780030069543
9781234092993
9788180615610
9789355426550
9780443046759
9781419005862
9781419028793
9789688901991
9780398077501
9781412903257
9781856175159
9781403416018
9781265975951
9780194776318
9780194727754
9780321697967
9780194776257
9780470284575
9788178298733
9781115511254
9781116892628
9789357604031
9781425816827
9781478410966
9781258058104
9781258706166
9781258962227
9781478426806
9781258107369
9781412811149
9780985714697
9788956606231
9789350876251
9788933840825
9788170892090
9781105742279
9780205539956
9788415046769
9781177336895
9781177344845
9781143977978
9781173148621
9781172380497
9781149451366
9781289546533
9781176867079
9781178198324
9780321365408
9781585035281
9781594912382
9781412987905
9781841671567
9781580010726
9781781270875
9788131273739
9781780761633
9780534517311
9781845922085
9782940411979
9781118710975
9781550027778
9780321978042
9781781270899
9788122140330
9789393405135
9780312445614
9788119109050
9780367444907
9789382291213
9780554008707
9781457660634
9781457660610
9780811496674
9781598597622
9780321948137
9781898924371
9781850328933
9781449338589
9780764507922
9781455808885
9781850328926
9781609812713
9781430230069
9780132317269
9781904999072
9781932563290
9780131466159
9781615877515
9780764549342
9780138024833
9780137025756
9781615877454
9781616578190
9781869691592
9781430229070
9781605146683
9781606407011
9781400106691
9781430228714
9781590594360
9780761523062
9781610691758
9780071828093
9780735652484
9780672330667
9781430272335
9780596004378
9781430234104
9781608459162
9780230279834
9781469208374
9781590594148
9780816068524
9780324314465
9781566047982
9780230293564
9781590594155
9781617077708
9780782123906
9781137286758
9780131248953
9780735710818
9780816068531
9780735673809
9780804148436
9789251058794
9780764532801
9780205550074
9781609810825
9781455884841
9781469220635
9781441878205
9781455893249
9781455860692
9781455812363
9781847329165
9781844159406
9781842654354
9781908967169
9781852334734
9780786189694
9780596005610
9780763790080
9781742702087
9781430106326
9780471287049
9781613214114
9781565922853
9781937585211
9781937585280
9780902664982
9780855753887
9780786103393
9781903855171
9780786190119
9781441791368
9781470847814
9781441769190
9781430106609
9781560328360
9786041013315
9781504612043
9781400110476
9780078052149
9780321645159
9780198415367
9781863357104
9786071600622
9781934267202
9781932813388
9789287038937
9781612294230
9781611764635
9781596820722
9781615040605
9781843821793
9781908689245
9781338159691
9781400101931
9780850367201
9781447469179
9781469031071
9781459650107
9781452606330
9780974694313
9780986030550
9780993367205
9781504763721
9781558993921
9781171252597
9781558994676
9781455810123
9780133886139
9780814438435
9780794825577
9780792769927
9781434495266
9781432920265
9781538423172
9781434496447
9781597311076
9781567513073
9781258082659
9781258085339
9781497345461
9781258732400
9781434493255
9781504714761
9781441778642
9781434493231
9781258547561
9781772262872
9781743042038
9781258389833
9781906403706
9789201780560
9789774164101
9781878978592
9781743042175
9783943185300
9781860647178
9781847372437
9789353932770
9781457648267
9780954622244
9781435340701
9780470616383
9784648034993
9789381890486
9781149504963
9781477781661
9781177032698
9781147611038
9781176821873
9780874139563
9788412605440
9798235855601
9780205557028
9780174021063
9781848688674
9780536013088
9789390616374
9788181914842
9788121513319
9788197282874
9788187504955
9789350354100
9781041312598
9781457660474
9788171416080
9788178790275
9789381308394
9788126539208
9789381308905
9781844254736
9781860645808
9781845133412
9780071494212
9780764548314
9782848440491
9780321553119
9781842655153
9780781774017
9781906033101
9780849317170
9780803999657
9780137000531
9780767404228
9780789702951
9780136324645
9788492796168
9780697110589
9781898563228
9780316936231
9789349247369
9780864312358
9781258428327
9788535246865
9780801669514
9783825820978
9781933102030
9781444110067
9780071189811
9781558994331
9781117785486
9781459617179
9781558997691
9789387077461
9789386376909
9789392330629
9788169867382
9781860150395
9781432940126
9788432915147
9780153192319
9781934354179
9780618591510
9781877523458
9781877523434
9781877523441
9780321615251
9781177200240
9781175753168
9781249012405
9781245789332
9781245804011
9781175623201
9781176744066
9781177272513
9781176774599
9781143165603
9781149389928
9781148732107
9781278998640
9789706866349
9781294654520
9781173154561
9781293512050
9781176931534
9781173201746
9781171951421
9781171629757
9781177088794
9781171854920
9781149599822
9781177217224
9781174903458
9781149427880
9781173192587
9781176862524
9781173213237
9781171530787
9781171940531
9781171888154
9781149417737
9781177398305
9781176303676
9781149554838
9781149323298
9781149573525
9781149565117
9781177851244
9789353637330
9781880192337
9780321693860
9780982452202
9781644936399
9780879802141
9780875530710
9789348816726
9780987052506
9780685116531
9780789209603
9782831572031
9780767918114
9782711612345
9781647920623
9789356030558
9780521669238
9781556739897
9789359517582
9780521532464
9780131485532
9781403471185
9781936280049
9780131445413
9780199608393
9780395655146
9781904558750
9781905541270
9780415406499
9780624049388
9789353588670
9780789751720
9781897518830
9781458782205
9781486156894
9780198355175
9781270640714
9781458716545
9781445567839
9781458777843
9781490991818
9781422404393
9788177025217
9780894135422
9781432976279
9781258706449
9781258252120
9781478424611
9780962530005
9780977295302
9780658016417
9781177291293
9781176636415
9780704201606
9788126005901
9781173092870
9781420053203
9781174840852
9780793395477
9781176246386
9781175492500
9780635018250
9781177274937
9781932173253
9788176299442
9783382016784
9781777554606
9788131229033
9781293146910
9781276838030
9781286085547
9781172370993
9781178348187
9781403486639
9781172397525
9781149340493
9780971597501
9781171948636
9780899380087
9781177086486
9781149345627
9781177085212
9781176975125
9781174942860
9781177091435
9780892030583
9781172649518
9781586854713
9781171514589
9781240158898
9781172313273
9781171966968
9781176303430
9781177112314
9781173179748
9781178318357
9781177191951
9780962467646
9780912568195
9781149391051
9781176002838
9781149549599
9781176339781
9781149528297
9781149357941
9781176520905
9781245655163
9781173192563
9781174933264
9781173222680
9781170972564
9781177178884
9781271781232
9781175993328
9781149284452
9780944817612
9781173169794
9781176558281
9781176786950
9781173192464
9781176694842
9781176592445
9780929895161
9780791061251
9780932807410
9780933670082
9781410962485
9781565770096
9780841671652
9783527700219
9781412999250
9780873525893
9780831133313
9780071285964
9781781035597
9781615222889
9780735626003
9780768539301
9781934144145
9780197832684
9781032452623
9781068293757
9780954435738
9780735625846
9780398072834
9780941283038
9780974206110
9781740668941
9781905582488
9780865776517
9780865776470
9780865776500
9780865776463
9788992920391
9781889031873
9789364487122
9788126122394
9788195267446
9788126137442
9788126119714
9788175348059
9788170170358
9788185019116
9789380780559
9789371267113
9789353638672
9788186234716
9789389321661
9789381308622
9789350391792
9789390831807
9789309220029
9780198782773
9780534029623
9788196242459
9781602871793
9788481095357
9781905582501
9788935207732
9780521579254
9780521014106
9780462005195
9788778381323
9780521654371
9780791076927
9780521579414
9780521579261
9780462005249
9781868885725
9781458779083
9781558993167
9781558993341
9781558994508
9781118605301
9781558998209
9780615119403
9789390581474
9788198885784
9780868406947
9780752890579
9780324374421
9781933339542
9781842776315
9780521681766
9781850220268
9781153457668
9781562536817
9781849141628
9781115232135
9781408629482
9781459610552
9781458759900
9781447425557
9781443781244
9781409968689
9781116320992
9781458767929
9780554986005
9781440525247
9781478407287
9780910743167
9781258487591
9781258015367
9781478426110
9781258573799
9781618123299
9781258753542
9780321745569
9788184480559
9781163479742
9781165215584
9781245842297
9781248059906
9781245082464
9781178189155
9781178099430
9781171926023
9781177349932
9781177492966
9781171854548
9781175393265
9781146360180
9781149357934
9781176462519
9781176354869
9781172612918
9781175473219
9781171614739
9781171538325
9781171710653
9781172575305
9781177141116
9781177085342
9781149530429
9781149426418
9781178458671
9781149581865
9781172323036
9781172305513
9781171927150
9781144693105
9781171926283
9781172209927
9781177767842
9780761525783
9781176588752
9781171940760
9781149379042
9781172138005
9781171951384
9781172137282
9781143568626
9781148227368
9781148779935
9781116871319
9781176298156
9781171940746
9781177504140
9781173194468
9781177910163
9781177752589
9781585034758
9789685131001
9781585010851
9780511029790
9780982401507
9789462401297
9780830694440
9788448132569
9780471683636
9780443287619
9781573873734
9780471015369
9781444112474
9780566055324
9781432964184
9781432964399
9781432981259
9780130714763
9780945819837
9780635020024
9780930878634
9781616081270
9788189619107
9789381308967
9788131315989
9788175242807
9780735624184
9788176251471
9789380096797
9780071072984
9788190151719
9788182741843
9788193315736
9780131132108
9783827412904
9780793398959
9789833993413
9789833993437
9780367413774
9788193727980
9789389991215
9789357780001
9780074632987
9780874190083
9788130929736
9780131181717
9780131516298
9789810594596
9788251923859
9780867348347
9780387540726
9781258045906
9789350701898
9780878550548
9781429632157
9781116389371
9781445532172
9781406505894
9780133833027
9780198355229
9780559110344
9780072531756
9780760322956
9781484610046
9781484608913
9781478424918
9781907222252
9781478426325
9781258040147
9781258593315
9781258310424
9781618128874
9780778728696
9780775905892
9780791071885
9780673351012
9786188123229
9780679427001
9780793147687
9780743901727
9781457661730
9781566440400
9780836878516
9781587110252
9781452292588
9789402418194
9781599203171
9788860981868
9781599203201
9781848376878
9781400021802
9781599201009
9781176597587
9781176593664
9781177101493
9781176843271
9781171626527
9781176441071
9781177263191
9781171660651
9781172535842
9781177284950
9781178290172
9781245695251
9781107545595
9781145685093
9781172418336
9781177495981
9781171926252
9781177801577
9781149286975
9781171942825
9781172253111
9781147797572
9781171936916
9781176393028
9781176383227
9781177346535
9788171796588
9781177781305
9781173314507
9781173194239
9781171940807
9781172091188
9781170441206
9781178299410
9781149357927
9781149562284
9781176405950
9781149342299
9781171735694
9781173147914
9781171804420
9781171768067
9781177133630
9781171923909
9781245394338
9781245150477
9781277090871
9781171632061
9781277677461
9781277233711
9781178062083
9781178210972
9781176268487
9781176215856
9781171349266
9781171925156
9781177534260
9781171925408
9780787983222
9781172304417
9780895050175
9780850321654
9780815506416
9781850082255
9780133046311
9780810111011
9780486464091
9781408506240
9781434242853
9781934068038
9780981646619
9781848983212
9781848983199
9781848983236
9781410220295
9781457648274
9781457648199
9781457648298
9780471116363
9780763518240
9781870973335
9780077197469
9780824524906
9780198471431
9789393511454
9780198471592
9780321730961
9780217945912
9780321748164
9780321744982
9789570832877
9781634637022
9781457660603
9780174017448
9780521649520
9780074703410
9781404258396
9780375762352
9780918544339
9780963144157
9789353124885
9780080489704
9788126545537
9780525936602
9780761508731
9780321180582
9780850337570
9780195797992
9780672330513
9780735677180
9780754820680
9780395639092
9780735711181
9780735648104
9780522848069
9781860570148
9781602525719
9781425802653
9780735656826
9781402794896
9781118582534
9781615875054
9781449364014
9781576109410
9780131866881
9781843313908
9781845534226
9780872876705
9780850337556
9780789747389
9780787995683
9780973411270
9780857091840
9781427228505
9781904218005
9782915359244
9781849141642
9780850337617
9780754820710
9780137026739
9781617530432
9781441145598
9780749465025
9780124558496
9781441795090
9780470821466
9781442642041
9780674053380
9780863723148
9781448648177
9781118639016
9781118638989
9780978812621
9781843105312
9781565925489
9781562760984
9781905740970
9781872870120
9780753107232
9781905740956
9781844544844
9781933998404
9781845204464
9789681681364
9780979627323
9781599718941
9789994455584
9781613471432
9781107408913
9781911439080
9781107408135
9781107409163
9781478914372
9780321529275
9781259835339
9781627054911
9780470402825
9780544310575
9780385360999
9780199327768
9781478950165
9781452607764
9781240158430
9781400114054
9781400106127
9781400106578
9781932813289
9781932813890
9781932813319
9781400119875
9781445504063
9781400114207
9780143431374
9781366555533
9780321804631
9781452606392
9781847192523
9780554266022
9781400111640
9781447469018
9780735626614
9780195517286
9781470853105
9781608850716
9780837602035
9781441791436
9781497043978
9781478409182
9781504726801
9781608851263
9781938077609
9781921867309
9780863140204
9781478425632
9781478426653
9781483035079
9781478431589
9781478424291
9780814434581
9780985714628
9780776623405
9781514186039
9785518457690
9780787222789
9780671825324
9781420507911
9780153237980
9789356986367
9781841063249
9780141196343
9788184047837
9781107607682
9780764171864
9781932634167
9781932634129
9781179301136
9781175733511
9781171927037
9781178224320
9781175912626
9781171535065
9781171598428
9781173193782
9781171402428
9781175452399
9781177099295
9781171942931
9781173166168
9781176901896
9781175513120
9781171927129
9781178346923
9781171942900
9781171942856
9781177697699
9781177690348
9781177455732
9781245792219
9781296464950
9781287748076
9781172489367
9781172335510
9781172255740
9781178088663
9781177910750
9781178234299
9781172613380
9781176599130
9781177428231
9781148367170
9781457661471
9781178357363
9781245696340
9781173181826
9781173188382
9781170149676
9781141874088
9781149532539
9781176597907
9781175192929
9781173284350
9781174655111
9781175092946
9781176552517
9781145343931
9781144584496
9781149570272
9781177162692
9781147587555
9781176242494
9781176398726
9781149458686
9781149488102
9781149501986
9781148738895
9781171290971
9781143163678
9781142563370
9781144244789
9781143977381
9781581735925
9780750685351
9788935208210
9789355427397
9781130288834
9789357127332
9789380164069
9780967609201
9780072519969
9788169690904
9781848680388
9780531024201
9780413777201
9781285049472
9788185638119
9781032032818
9780913207079
9788126555772
9781430224259
9781593272197
9781430216544
9781430209652
9789372195767
9788170190035
9788170190745
9788170192763
9788170191810
9781907446948
9781538217160
9788468114668
9781579218300
9780809271009
9780321693426
9781589851153
9780823989461
9789381390207
9789706515018
9781886156579
9781432909918
9789351072416
9780385016520
9780217889377
9781591139669
9788130914381
9788171799909
9788993699111
9780321123855
9781843680819
9781932735369
9780199272594
9780809314058
9780321115676
9789251040744
9781780220161
9781410930606
9781410930637
9781410930590
9781410930620
9789390128785
9781555049935
9781889372730
9780963387707
9786074570960
9781897151013
9786074110364
9781408240168
9781850084297
9780793810468
9781440525353
9781410941800
9781430261124
9781171355953
9781406523966
9781270655008
9781270710486
9781316623879
9781406792195
9782278102198
9781931832205
9781497043961
9781618125651
9781478413714
9781497044029
9780716005858
9780755204533
9780718500252
9789384920852
9781862274600
9780071262972
9780965987110
9788196264642
9780195677867
9789386882974
9780780334663
9789360387228
9780312479121
9789389859485
9789394163577
9789347778094
9789385891663
9780190050948
9780898751864
9789382037118
9789368085959
9789355858870
9781496604873
9789357471145
9789355425324
9781177292009
9781146336079
9781144645074
9781171994947
9781172016914
9781176454965
9781171970774
9781173100049
9781172501113
9781172447985
9781147193299
9781149267202
9781175129529
9781175960535
9781178511246
9781171994145
9781143979422
9781173114039
9781171942849
9781149327227
9781176292611
9781287807889
9781177085182
9781288247134
9781177139496
9781172195220
9781171910787
9781171891932
9781177130172
9781171873013
9781172195060
9781176678521
9781177420129
9781179263649
9781245653343
9781248555989
9781149530238
9781177562058
9781172156221
9781172142880
9781177662123
9781178307085
9781178092790
9781177674553
9781177769181
9781149449059
9781149435915
9781177366052
9781171938996
9781171924715
9781171925361
9781177240291
9781177994927
9781177395533
9781294484493
9781171555568
9781142856656
9781176971417
9781149471531
9781149508282
9781142061357
9781176884984
9781176724617
9781276736398
9781178003642
9781177367677
9781177268356
9781177277105
9781177241014
9781177423007
9781177449434
9781178074161
9781149594711
9780739891377
9789862165539
9780132254786
9783161482106
9789505501250
9783319029153
9789356987418
9780857333964
9781432965273
9781904722274
9780071495752
9789681344061
9780757534553
9780074710883
9780977309900
9780802093134
9780071615440
9780732920012
9780323054843
9781860645013
9788496969193
9781742700328
9780415307567
9780954998196
9788377852798
9780827325258
9780367475826
9788950925000
9781432951047
9781907166037
9780833096074
9789395185325
9789395185714
9780321645777
9781842651704
9780153333323
9780321292780
9780321092564
9780153333781
9780153333804
9780153333262
9780321267719
9789357349598
9781897609361
9788171797622
9780761328339
9780071369404
9780153461460
9789394501928
9788131231258
9780134267227
9780130862044
9788971848579
9789388918572
9798218920616
9780961599584
9780871973900
9788176297226
9789349413061
9781435339736
9781932563030
9781405123846
9789355425256
9789391055431
9781848416529
9780952421719
9788126549764
9781852526672
9780521579186
9780237541248
9780174017431
9788181914996
9780571295012
9781842652572
9781405162272
9781883114107
9780786149759
9781441745460
9781470824556
9780786103539
9781441704764
9781433293993
9780230518117
9780786108671
9781856177382
9781433289064
9781433256813
9781890114381
9781441772572
9780819180674
9780324108019
9781412978231
9781594604607
9780764536410
9780748770151
9780721693934
9780559347870
9780559093104
9781427259196
9781103868278
9781103136988
9781447469032
9781116804591
9781138010666
9780415762137
9781138011359
9780203303191
9781592247486
9781434464026
9781618124074
9781482970968
9781478431534
9781538459874
9781470888695
9781434473417
9781433251566
9780130412928
9780841607392
9781929685066
9780975925157
9781429271394
9780273762577
9780199738076
9780890870570
9780895299840
9781625881472
9784874174104
9780635066725
9783030301521
9781177401296
9781176926028
9781177182270
9781177092777
9781177196819
9781177185394
9781178445435
9781178441154
9781178432343
9781177031486
9781176991651
9781240416776
9781403446855
9781178220520
9781172549085
9781172489725
9781178057362
9781178012859
9781178012606
9781172414697
9781176975200
9781176947436
9781178427417
9781178259353
9781178228892
9781177237024
9781177198769
9781172489206
9781172489114
9781172435425
9781177951760
9781177799492
9781176931503
9781149424315
9781176221833
9781175735270
9781176422087
9781178208870
9781178197099
9781149428245
9781176253889
9781177507561
9781172302000
9781177694209
9781170661253
9781171600596
9781149497630
9781149571057
9781174973505
9781175330161
9781178003567
9781172316670
9781149043783
9781149306321
9781178119299
9781178135459
9781172595433
9781173106027
9781177296502
9781148683737
9781176598638
9781176794177
9781177780377
9781176909601
9781172332830
9781172406401
9781148351650
9781177785587
9781172132560
9781173193362
9781117785905
9781171995807
9781171649014
9781171724841
9781172003594
9781172104123
9781171852735
9781171745013
9781143155192
9781142294205
9781173194406
9781173193904
9781176286245
9781175401977
9781173147266
9781172194452
9781172194858
9781172284054
9781173194598
9781176398382
9781149428252
9781149497623
9781143986116
9781143182693
9781173199982
9781171915591
9781171925231
9781171994060
9781176400986
9781171924647
9781176416949
9781172143412
9781245508599
9781241096816
9781245996266
9781249496465
9789374154823
9788199251571
9789355855824
9789388750554
9780449901410
9780076003136
9788927800347
9788937490279
9788901109503
9788171792641
9788171797417
9780788142086
9780719052071
9781445603261
9781118790489
9780748627851
9781843405252
9780888903037
9780133049572
9780132459181
9789814286404
9780130310538
9789380096230
9780275912703
9781883055141
9789290923886
9780877572664
9780921051756
9780752464244
9780199135134
9789393511430
9789356986008
9781441150158
9781457666537
9780918499059
9781602750142
9780982099834
9780395381526
9780071438223
9780511075360
9788182204898
9789382841784
9781591989721
9780070667327
9789380350288
9788126529520
9780071114707
9780716768227
9780321901378
9781410943514
9780471368625
9780134365923
9780786195947
9780321613547
9780136031338
9780415681636
9780198092100
9780395639078
9780395676424
9780789033628
9780395691472
9780395713389
9780072565515
9781467713245
9781473315105
9781843821304
9781515729341
9781406791877
9781406795264
9781515751250
9781444185256
9781445530871
9781447449942
9781781485293
9780321917867
9780307932310
9781406752557
9780143431435
9781770979932
9781406790511
9780801301346
9780673350725
9780768226614
9780153238048
9781478414544
9781618128942
9781940777610
9781478430407
9781478406594
9781440525216
9781482451351
9781478431428
9788129132567
9780711032491
9788994026893
9788965880134
9788901123028
9788965880141
9781850082699
9780375762048
9780620462815
9789389439472
9780912180397
9789378230585
9781885987167
9781130808001
9781476574301
9781476536347
9780452260627
9780768913439
9780672213083
9780689118678
9780312200046
9780748770144
9781457659812
9781176207455
9781175637048
9781177400527
9781178131550
9781171509004
9781177212786
9781177227810
9781149962800
9781176691339
9781176643031
9781171288169
9781176385313
9781177061865
9781177063241
9781176885530
9781177270199
9781175182647
9781176264069
9781178165753
9781178262322
9781178330304
9781176830882
9781177130837
9781176229587
9781143187384
9781173311131
9781174841910
9781173233785
9781173202132
9781245804059
9781171876434
9781173116156
9781172401574
9781149510155
9781173141523
9781172592432
9781145236035
9781177774314
9781177774796
9781147306248
9781148645858
9781177569194
9781172000838
9781171998037
9781171999447
9781245692670
9781149390245
9781173155247
9781172644261
9781172481231
9781172418657
9781173191887
9781172438990
9781173193706
9781173193751
9780174023920
9781890740115
9783964925541
9781593573317
9781609113575
9780880450904
9781849051781
9789390616763
9781574716320
9781879239081
9780963569103
9780321970350
9781931769518
9781887895033
9781602533004
9781604723540
9780321745156
9781932420678
9780672327773
9781581607222
9781597713825
9781625881465
9780312474584
9780312592561
9780536583925
9780153313080
9780838586983
9780984035052
9780974887708
9780230348264
9781920694746
9788174883650
9788193315705
9788176485920
9788190435031
9788172331375
9788190603232
9788126151783
9788175941007
9788180692215
9789350846025
9788183702621
9788126141722
9789350842454
9781567441789
9780195475944
9788126119660
9788126117970
9789363440838
9781177697828
9789350848906
9789352888085
9788170997511
9788171111244
9780230634695
9788186772065
9788126525003
9780898751185
9780008140168
9780495204770
9789369141340
9780881639223
9780028044019
9781133372004
9780805893342
9788189000394
9789380376578
9788126550562
9781840441987
9788193033395
9788176483162
9789380096926
9780917120084
9781259001499
9789380096810
9789388918022
9788180384875
9788131252581
9781032511771
9780811722582
9780762406258
9780316162050
9781432924171
9780815956242
9780932707147
9780915390106
9781506362229
9781440525223
9781107912038
9780554371368
9781270285533
9781270252498
9781270515913
9781846649264
9781406776010
9781270703044
9781270483069
9781270203438
9780559083242
9781240793594
9780554537412
9781153563901
9780559367199
9781110350568
9781907846854
9780982307748
9780596008109
9780596526924
9788195830435
9780976112006
9781430224655
9781428835108
9781478415572
9781478406600
9780979617423
9781371821661
9781478431527
9781618124227
9781564744791
9789350321041
9780943969527
9780761323259
9780471797562
9780845102084
9780470059739
9780470775646
9780267291373
9781256379119
9781149290453
9781171908791
9781149444085
9781172003716
9781177506427
9781171746546
9781176823396
9781177203999
9781177576888
9781173193881
9781177306638
9781177381994
9781172001200
9781174870651
9781173151041
9781172311545
9781147405064
9781144948809
9781143188886
9781143183607
9781172419388
9781172139330
9781174821820
9781175077011
9781177667845
9781143175657
9781175542908
9781175081841
9781176752146
9781176313323
9781288012299
9781176821019
9781293783009
9781175751812
9781172148967
9781171724346
9781176660526
9781172267590
9781172195961
9781174871733
9781172267712
9780559385605
9781177761666
9781173200848
9789333617598
9781923604520
9780778708315
9780778708339
9788996497134
9780778708322
9780778708346
9788956604886
9788983924346
9788960864177
9780778708568
9781528484022
9780893462673
9788195187218
9780716754381
9780606372657
9780521787628
9780521787598
9780813801902
9788170891697
9789389991338
9788126555765
9788178881331
9781409723950
9780521007993
9781444104554
9780745313962
9780749420024
9781408240199
9780984878604
9788186809679
9788196809232
9788198819918
9789365062410
9780954706616
9781933723013
9780914634454
9788196242480
9781935609131
9789373357706
9789376863105
9789373899558
9781936111206
9788194440055
9781887895712
9789862412756
9781290081900
9781290494007
9781893846678
9781588365828
9780767910910
9788990982384
9788992647786
9788983923257
9788170965404
9781938549885
9780483761780
9781607546061
9781588363268
9781932226836
9788894982374
9780385170468
9780596521851
9781410943774
9780789728357
9780789737212
9780873896160
9780895818645
9780983062653
9780983513636
9781400156696
9781400160471
9781430235156
9781425808112
9781441711700
9780735676091
9781416592709
9780782117707
9780789709806
9780789727497
9781455158447
9781455111633
9781452665382
9781449340629
9781449308520
9781449304775
9781441876706
9781410943781
9781410915559
9781410931177
9781909534100
9788170335405
9781480710894
9780978252670
9781590595107
9780312652975
9781841505435
9781876938482
9780521566025
9780321776396
9781449320973
9780062223326
9780321678041
9780321547842
9780195171181
9780735607743
9780534166908
9780672335587
9788171793730
9781590596753
9781455168699
9788171796359
9780769776880
9781433290367
9780982565063
9780970254467
9780894354298
9781455153275
9781433214257
9781433226731
9781433234569
9781433245718
9781433245848
9781433205200
9781433209277
9781433211881
9781433203541
9781433200496
9781433204180
9781433208348
9781433206870
9781433205408
9781433205392
9781433291678
9781853563942
9781847325020
9781881524519
9781482931860
9783791348308
9781435104150
9781441701145
9781441706102
9781441717153
9781441724373
9781441734457
9781441741608
9781433254406
9781936863624
9781908967176
9781894338035
9781846742484
9781742441290
9781584154549
9781572700291
9781556238598
9781482931747
9781482914320
9781470890063
9780984028108
9781840027600
9781433297205
9781402758584
9780786176113
9780786173549
9780786176144
9780786176601
9781565925618
9781433270260
9781559538862
9781560727262
9780471447917
9780596003500
9783540761495
9781441773784
9780060577216
9781455165582
9781470812393
9781470826710
9781470828950
9781441752437
9781441759795
9781455117567
9781433268168
9781441774699
9780786177189
9780786176700
9780891906865
9781441784568
9781455111442
9780786177578
9780786169597
9780786160662
9780786170678
9780786149711
9780395633878
9780395639153
9780786172245
9781441762887
9780786159185
9781441710710
9781441777102
9781441779557
9781441780263
9780786126583
9780596006051
9780395713723
9780715629888
9781433214332
9780071663878
9780333971567
9780387515793
9780395588826
9781433255700
9781433265389
9781432936563
9780987077905
9781133273608
9780395724477
9780750635127
9789392175275
9783965432413
9789388313742
9788830460072
9789587715552
9780944715987
9780976138600
9780749439705
9780735556348
9780470445242
9780531005392
9781566628518
9781560026655
9781557346186
9781555571979
9781554390311
9781554518418
9781433939426
9781429611459
9780850781205
9781604944945
9781607462880
9781607467298
9781602667280
9781450745420
9781566868334
9781570722332
9789685950374
9780801976117
9786074044478
9789652292988
9781936998050
9781595410146
9781590369777
9781954634879
9780737741193
9780701102852
9780671479121
9780595248377
9780956355508
9780963595300
9780786261772
9780743934435
9780825156212
9780825124983
9780824102364
9781595456045
9780810616028
9781609106164
9780793123698
9780791044698
9781879193130
9781929024094
9781930859784
9781934478233
9781935609650
9781589064256
9781780353692
9780780740716
9780882404202
9780771066382
9780771597213
9780971603905
9780870521287
9780870127519
9780867341188
9781892426161
9780933701571
9780756755362
9789682113048
9789682446801
9789684038943
9789683810984
9781568382418
9789079397020
9780975568309
9789701505601
9781577689812
9781587361197
9781419613449
9781571540010
9780975350492
9780972681391
9781406737424
9780977867509
9780980039009
9780984316809
9780914984337
9780890360279
9780933393073
9781611201116
9781400168057
9781478991700
9781473315075
9781478940777
9781904811619
9781743105924
9781619607514
9781447469056
9781480538764
9780143433125
9780133407549
9781904811961
9781480586819
9781491532997
9781494567392
9781511377225
9781400163724
9781469055589
9780199402717
9780199403554
9781400160648
9780990825661
9781400111862
9781400107599
9781444600056
9781441714749
9781441712059
9781406766875
9780737740509
9780986030543
9788180387609
9781904811985
9781240842759
9781285171289
9781172333721
9781175223616
9781609417796
9789044134797
9781515957461
9781590480694
9781446543801
9781445564883
9781444631968
9781470854614
9789888381739
9781469096063
9781172309016
9781459612570
9780982955246
9781596596016
9781469291017
9781480711228
9781596547049
9781595620880
9781681654225
9781681512839
9780796920331
9781910524077
9784871874953
9785170284917
9781847971050
9789793780870
9785699170593
9785458330039
9785458270809
9785424133794
9780786173051
9780786173556
9781742440132
9785424133787
9781614729266
9781612285856
9780955507922
9785424133770
9785424133091
9785424130878
9780786162673
9780738731810
9780738215259
9780195186710
9781133562931
9780993853913
9780984158461
9780977684212
9780972805308
9781441755315
9780970943330
9780819565129
9781504655781
9780786179220
9781504747103
9781504709248
9781504699914
9781504683739
9781624602160
9781618124661
9781782744245
9781742445809
9781742444154
9781742444055
9781742443164
9781478422907
9781478431480
9781482971019
9781430103325
9781609984021
9781421806389
9781424066865
9781608300044
9781588712615
9781588712776
9781590306550
9781538420584
9781478418184
9781430126737
9781434475909
9781433204593
9781478413004
9781478410744
9781470847876
9781467267144
9781483084749
9781483084138
9781483084091
9781478415008
9781467261647
9781455155088
9781453661246
9781430121053
9788180385728
9780894353451
9789395696067
9788183213493
9781847027306
9781406828733
9789368086734
9789389368185
9789355425805
9789814302692
9780854900947
9780198890119
9789359511924
9780748770113
9781173105181
9781173192129
9781177801386
9781172513819
9781173191993
9781173169282
9781294994138
9781172003679
9781171998259
9781171942894
9781173312312
9781171791652
9781173193638
9781173193515
9781275024052
9781176783317
9781176760110
9781176764491
9781293931806
9781294817093
9781279383896
9781176638402
9781117801278
9781103786305
9781143170553
9781172395750
9781172139552
9781172255863
9781172348411
9781149326466
9781149596630
9781149567241
9781149550724
9781149339497
9781171488774
9781145920354
9781148588698
9781177028998
9781177100168
9781177072809
9781177237406
9781177308632
9781177800990
9781176294967
9781177576819
9781177728065
9781176369603
9781176319097
9781176558977
9781296026325
9781177962643
9781178205145
9781178392357
9788895563312
9780749412449
9780324380453
9781622430505
9788492796304
9783170181045
9798903301287
9781597265560
9781578060504
9789393628541
9789395185813
9789822288063
9781416034766
9789368086086
9780841672277
9780563520320
9788869106927
9780606357524
9789353239732
9781854585639
9781405517713
9781404210295
9788131272923
9781403485328
9781403427120
9780894990182
9789357135382
9781153700719
9781457658334
9780335215157
9783525260142
9780755362134
9780865921184
9781459612303
9780554030234
9780062244147
9780062278456
9780470464939
9781845530419
9780763730666
9781933247403
9781234115081
9780750618670
9781933247342
9781889325064
9780415682725
9788189582906
9788178790572
9789383243075
9788171416059
9788180381867
9789352656097
9781876659042
9780980019902
9781539471813
9780787976491
9781119236887
9781171330431
9781177737975
9781270574811
9781116780925
9781103320547
9781149773390
9781240418978
9781149853894
9781149854570
9781447468981
9781149752517
9780554284651
9781406720549
9798261787105
9780673437945
9789387236462
9788126544806
9788494268915
9781467267083
9781478413493
9781478431244
9781478431435
9781478423300
9781478422198
9780153760556
9780863884719
9780470929971
9789355426161
9783883721385
9781172409075
9780841672208
9780174246763
9780753540640
9780016356018
9789389368383
9781177069755
9781177099905
9781176522800
9781177182164
9781171993605
9781173194208
9781173141516
9781173140250
9781148168999
9781173080518
9781172446162
9781172422920
9781172002795
9781172275502
9781172210831
9781172118502
9781149459089
9781171998914
9781149437902
9781148754215
9781176599352
9781177045537
9781176795907
9781176773769
9781177688000
9781177671743
9781177542067
9781177394666
9781177177221
9781176565234
9781175081674
9781176348943
9781172486298
9781176363502
9781173221287
9781177052092
9781171616733
9781286298084
9781177201087
9781149563663
9781171874270
9781171767039
9781177763165
9781174973338
9781172507597
9781172503308
9781172537969
9781176329775
9781176214217
9781175849304
9781176681361
9781176742741
9781278674445
9781273850868
9781245863247
9781178266245
9781178201352
9781178009347
9781177332583
9781177392181
9781177257695
9781176668089
9781176714175
9781113861924
9781144203335
9781147939422
9781107670396
9781176644816
9789812404008
9781137610096
9789372197587
9789381075715
9781150001208
9781418921576
9788869273353
9789354550690
9781583407530
9781595152053
9781583407974
9781602704381
9781596040113
9781845284893
9781845334444
9781583417843
9781845434519
9781583406915
9781597711937
9781599202730
9781599202761
9780761448327
9780714706627
9781596040144
9781150845536
9781489661012
9781489619501
9780748768509
9780748768516
9780748768523
9781406735307
9789366609287
9781625881953
9781842346068
9781625881939
9781608701049
9781597714181
9781597711326
9781842346099
9781625881977
9781848985216
9781597712644
9789350717455
9789350714287
9781931769556
9780521778534
9780030281136
9781153459044
9780521778541
9789353158514
9780007344949
9780571283712
9788779340886
9789356737433
9789355294135
9788198491114
9788126577354
9789349475724
9780841672260
9788884333162
9783764358129
9780606388658
9780217348430
9788972976301
9789379644367
9789383989669
9789351523369
9789359770352
9780367239022
9788197171536
9781041046097
9789359770383
9789390616121
9781589065222
9781932378962
9781933309255
9781848843585
9789812102959
9780521007917
9781864423679
9781470880552
9781589065253
9781572332126
9781589064775
9781410923936
9781441789181
9780521466592
9781613752678
9780062107237
9781598597097
9780756541361
9788196972691
9780323069229
9780884110620
9780333648070
9780761971689
9780716529613
9780711032286
9781118116654
9780230546844
9780230555075
9780521773928
9780395633854
9780521697132
9780878557769
9780547223889
9788170622246
9780538672504
9780226252735
9781560008385
9781936003273
9786124535918
9781087768595
9780789021731
9788408077473
9780071600576
9780071489904
9781176043787
9781447471943
9781473309364
9781408508701
9781148410142
9788175969520
9789506412685
9781171280453
9781140802204
9781400160808
9781270100119
9781240805891
9781631264382
9780826496393
9780836891119
9780836884432
9781408508718
9781446525289
9781445550794
9781443711357
9781176671812
9781406701371
9781149791363
9781447445968
9781171937364
9788189913731
9788190784351
9789390912759
9788192320304
9789389702866
9781741753691
9780615300993
9780497261740
9781371504021
9781478423362
9781478414131
9781478410645
9781478416289
9781931769617
9781478424222
9781478423706
9781618126825
9780766082229
9780766077300
9788177372656
9789348631541
9788187398783
9788180614941
9780470193938
9780324289459
9780470170212
9781847027290
9788485209590
9789353201531
9780380863891
9781559276443
9780511110016
9786041017849
9781171666523
9781176609822
9781171730606
9781172576104
9781176750098
9781149576113
9781173316624
9781171999638
9781171941255
9781171877745
9781149439968
9781149479001
9781149485002
9781146580014
9781175901613
9781178282351
9781178387087
9781179170534
9781171562306
9781245433860
9781149299401
9781149358139
9780132014120
9781176798762
9781172267194
9781173120443
9781240415991
9781176829565
9781149491157
9781178011708
9781178230932
9781177220644
9781177569613
9781176862937
9781176228405
9781177637169
9781172447206
9781172529940
9781286704110
9781278872346
9781172243112
9781173222611
9781176731035
9781172328604
9781175390349
9781176170162
9781245695992
9788169488235
9788890411779
9781563951923
9780778735373
9781403449948
9781403459589
9783527700172
9781575864945
9780955921179
9789388983068
9789388983051
9789372196573
9789350715437
9789353634360
9789350715444
9781444307887
9781843821052
9781408240182
9780735625297
9781590598337
9781430226178
9780070991767
9781153367974
9781429668644
9781432966010
9780780732728
9780266313878
9789356989238
9781407119014
9788957090343
9781596040823
9781932799460
9781489660824
9781625881700
9780511128530
9781451667721
9788483237144
9789251041680
9781582557427
9781607142935
9781433267925
9780071784078
9780836878592
9780137547487
9781458760210
9781598595925
9788870270020
9785519220057
9781932429121
9781844679980
9781590598672
9789580499558
9780521456777
9780712358712
9780393081473
9780333043165
9780395713341
9781413032703
9781444121667
9781405509855
9781118133385
9780538451338
9780881639063
9780471365822
9780632039159
9781904761358
9780224074957
9781149552278
9781447460633
9781447460459
9781446528716
9781446529232
9781447469100
9781447469131
9781473306660
9781605125206
9781149263471
9781149417478
9781149484036
9781143973215
9781178229639
9781172660520
9781447455387
9781447447207
9780554370989
9780554361482
9781406746990
9781406707595
9781172030460
9781406770995
9781443759250
9781435242708
9781149586716
9781170878767
9781270588412
9781271683468
9781406782233
9781146362900
9781143297168
9781175917010
9781444608229
9781446053140
9781175401526
9781140802181
9781176637580
9780852923061
9781845192150
9781845192228
9781119968801
9781296543952
9780769273686
9780857921628
9786071608802
9780606353557
9780994232304
9781297979491
9781611747485
9780979062285
9780606268431
9781440525230
9789380014746
9780756545451
9781940450018
9789355948793
9780756545505
9788189066703
9788126517619
9780321902900
9780789038210
9781417619313
9780606371544
9788181891037
9798181891036
9788190784306
9788186976197
9780335222551
9781435481510
9780366911158
9780702041075
9781177190657
9781171852919
9781171868125
9781177617468
9781177698207
9781177753777
9781178004304
9781178141870
9781178233360
9781149243633
9781145634855
9781149279281
9781141449583
9781171708537
9781171748847
9781177301992
9780321268037
9781171060666
9780321168962
9780321213105
9780321293688
9781149526958
9781149545379
9781149559086
9781149574096
9781176208063
9781149438541
9781149481523
9781149518991
9781179505152
9781178334852
9781176772878
9781176751019
9781172300174
9781177194730
9781171937593
9781172003242
9781176202597
9781172003259
9781172105656
9781172003419
9781175102256
9780201625721
9781175262349
9781172001477
9781175452269
9781175012654
9781176803107
9781177104388
9781177479233
9781177441339
9781294756415
9781289853389
9781286112120
9781177064767
9781177045018
9781176867901
9781245801430
9781246260731
9781274036926
9781171701385
9781171147503
9781172438112
9781171585282
9781171609810
9781240160631
9781245671347
9781176728509
9781176713970
9781177233125
9781176787155
9781177484787
9781177479714
9781176683617
9781173194369
9781173164751
9781173099503
9781176604988
9781176608061
9781176561113
9781176411678
9781176262775
9781176399129
9781176215269
9781176713154
9781177163187
9781177150217
9781176618275
9781176664807
9781296107314
9781297029820
9781439505540
9783662600702
9781432944292
9781432943653
9789390616992
9781432943691
9781432943646
9781432943615
9780511029301
9780761390749
9780365734949
9781432925239
9781432943684
9781634402743
9781591582274
9780195669237
9789628038466
9780471698661
9780864316196
9780838638552
9781615333790
9781923370722
9780174247081
9780078813900
9780471675914
9780174203919
9780237542689
9780174247074
9789309614156
9789348569905
9781447416081
9781448832835
9789380184074
9788190719858
9785519220019
9781559276146
9788187141303
9788170192404
9788126559527
9780827325913
9780781780193
9780766039704
9783525701386
9780905205106
9781508150220
9781448870318
9781508150251
9781897330494
9780749433017
9781860772894
9780321548146
9780321482341
9780803212596
9788180612992
9781597492294
9780321548191
9780750645843
9780981704302
9780854421664
9781420025361
9789387824003
9780582645257
9781032307084
9781432905644
9781432917890
9781432905675
9781118639092
9781432917906
9780230028609
9780836833782
9780230028449
9781432917913
9781432920197
9780321664891
9780836889154
9781586489106
9781432941956
9789681337698
9780071150354
9781118408377
9781937184711
9780525952879
9780060886943
9780395550830
9780801669071
9780956128744
9781605960258
9781934209677
9781784623562
9781429612715
9781548217051
9780749452438
9780321664488
9781901992441
9781433934353
9780992648527
9781404832329
9781176262973
9781171279518
9781404873193
9788492092161
9780828524483
9788131220320
9781429022293
9781580817479
9780130290649
9781340913168
9781431420667
9780983513650
9781617700835
9780497260798
9780983622505
9781357910860
9781341126703
9781433205491
9789375619826
9781843039693
9788129118837
9788171326549
9788170418726
9780521578790
9788121100229
9788126103553
9788185971582
9789393934093
9788187099154
9788176297950
9788178883564
9788178664941
9788130703398
9788126125357
9788171944927
9788178885865
9788189863777
9788182051263
9789350872697
9781921209741
9789386611598
9788192022109
9789391297831
9788171582808
9788189102906
9780670085651
9780143419068
9783763968350
9781105880872
9789394417397
9788493930349
9789331328625
9788131601488
9781457658938
9785519220026
9780739340295
9781236728678
9780335209774
9781171752691
9781171681717
9781171712299
9781177864848
9781178183399
9781179006604
9781171989578
9781177949682
9781176663046
9781176540019
9781176305151
9781177942317
9781179964188
9781177682961
9781177082990
9781172086214
9781171541394
9781172620180
9781141450053
9781140781578
9781177551144
9781171555773
9781177208000
9781176870598
9781176800199
9781176769755
9781177885713
9781178209297
9781176450462
9781173193263
9781176008984
9781173115944
9781171573227
9781172439928
9781177172943
9781278459516
9781176717121
9781173085124
9780954028794
9780739818350
9781609923150
9781609923174
9781609923167
9781609923181
9781567664928
9780321757524
9781844895045
9780434016341
9781848857674
9781599208343
9789353840730
9780203136867
9789395185240
9781152133341
9781168887023
9781847395191
9789370734555
9780470597118
9781432932619
9781877462610
9789352700950
9788190232005
9788185398594
9780174017455
9781444175042
9781404237636
9781448880690
9781682970836
9781417726844
9780984103607
9780853125877
9780672330933
9780672329876
9780132225533
9781905217991
9788170192794
9788170192084
9788170192312
9788170190523
9788170190509
9788170193272
9788170190912
9788170190837
9788170190806
9788170190929
9788170191476
9788170191834
9788170190028
9788170190493
9788170190738
9788170190820
9788170190530
9788170190691
9789350719213
9788182204911
9789384337667
9788194422259
9788193554739
9789812435156
9780194398831
9780194398824
9781591586326
9780752433318
9785519219976
9785519219990
9781590590003
9785519219945
9780321685780
9780230020917
9789865853082
9780756984854
9788126557714
9780030379840
9781542887366
9780756948962
9788171798513
9780764532979
9780764501654
9788170335689
9780321200419
9780782121780
9780763590352
9780789742049
9780071287289
9780314276537
9780312692674
9781118307595
9781118639634
9781449303846
9780896083073
9780070041554
9781449342135
9781449319380
9781449307615
9780876391150
9780953192670
9781449356170
9781587202551
9781449304478
9780789742162
9781589065727
9783847289142
9780735679030
9781932111286
9781908531056
9781870673716
9780980178234
9780672335570
9780761504276
9780412790201
9780511057342
9780536577399
9780470117514
9780439958714
9786167339276
9785717200233
9781740666725
9781743105931
9781607147107
9781455810147
9781556175206
9781605295510
9780780776210
9780786186211
9780786184569
9780465008797
9780415584944
9780908569403
9780864319005
9780830625826
9780786187126
9780786168910
9780763744816
9781876175788
9780470963319
9780393340976
9781581158748
9780974355702
9780949206930
9781118613306
9781618350060
9781841121789
9781111540890
9781848687936
9781441715081
9781470824648
9781470825041
9781562862275
9780753106020
9780757908071
9781844159468
9781584234555
9780719090189
9781562868338
9781429005739
9781597641791
9781565921054
9781589804753
9781899066193
9781566641043
9781589510128
9781920888374
9781933199078
9781920769482
9781894338868
9781433208058
9781877257872
9781422204528
9780198570554
9781118613344
9780660196787
9780007138227
9780721680231
9781846855214
9789383871421
9789731812533
9780978284534
9781935444817
9781907498022
9780787973544
9781410217400
9781497335066
9780143433095
9781240423613
9781270607021
9781149575055
9781149586761
9781149399354
9781148733135
9781149547342
9781148463278
9780988626607
9781110729623
9781171349723
9781149586945
9781176304062
9781176266322
9781177076050
9781248764879
9780143431909
9781174933639
9781173225353
9781177760751
9781287945949
9781531836559
9781177344685
9781177089746
9781490560021
9781458758484
9781177338073
9781452601724
9781175313089
9781172260188
9781175512147
9781171943464
9781400157181
9781400164059
9781400164202
9783952512654
9781434421227
9781147377323
9781147441123
9781147885699
9780554354279
9788461597512
9780957943667
9781536611700
9781143897825
9781171502531
9781171565291
9781172042364
9781573924733
9780071134927
9783864545795
9781584500841
9781560489832
9781537674285
9781537691978
9781537692142
9780988762503
9781422237625
9780979617409
9786074809329
9782760308121
9781482949681
9781477450277
9780976490326
9781934276174
9781884540974
9781933499857
9780978727741
9781434492012
9781482994926
9780889711167
9781401937508
9781572703483
9780743572705
9780615925257
9780486498041
9780786184620
9780985754112
9781422234334
9781429001519
9781626469686
9781593308780
9781588711205
9781570901270
9781434470836
9781504790499
9781562869540
9781538407172
9781429001618
9781434463944
9781894338271
9786041016576
9788532802910
9780198470236
9780521629409
9788185048437
9780230634442
9788189913625
9780230634329
9780715616697
9780230638679
9788131244500
9788173917066
9788177645996
9789355824981
9780230639089
9780521375047
9788170366300
9781840185843
9781153412100
9781500854317
9781571259998
9780835970488
9780951696378
9780317682205
9789392448409
9789357124270
9780578425504
9781405261708
9789387938922
9789364555609
9789371269674
9789381308318
9788184290394
9789381308783
9780203416167
9789392023934
9780367238575
9780123705242
9780898754360
9780898756524
9780395304693
9780321021045
9781293456071
9781297029523
9781177304405
9781149490655
9781149440179
9781149437247
9781176645455
9781273759208
9781177422925
9781177452434
9781177481106
9781149361474
9781177402972
9781177404051
9781103215706
9781245105163
9781178105001
9781179994246
9781240947256
9781177172189
9781177101202
9781176874237
9781170177556
9781176092556
9781173290054
9781173115623
9781176723313
9781176172159
9781141260669
9781141223695
9781176248168
9781176262584
9781171771357
9781172008155
9781176304833
9781172217694
9781172575299
9781177199018
9781177194853
9781177303422
9781177331197
9781177362221
9781177796538
9780953121700
9781872017075
9780414043138
9780736876445
9781590590799
9789334125405
9781568810188
9780321591562
9781429668972
9780736858748
9780691068046
9780691147420
9780691068053
9785519219969
9780194343633
9781236177704
9780606268196
9781587154393
9781435329560
9780324322170
9780132321402
9780522851250
9789352705153
9780749402037
9781932799439
9781933834160
9780174246329
9781933834177
9781606864340
9781405091848
9781845963606
9780304333332
9781898723929
9780486464114
9781848982963
9780307337498
9788170207313
9780521537520
9781445610177
9780470684146
9783126064989
9789348152978
9789388918794
9789350718100
9788187198185
9780821852200
9789352132751
9780787974053
9781154860382
9788171794379
9780913875193
9780571274918
9780201182637
9780321060730
9781861345486
9789810014773
9781848354050
9780155034488
9781433205453
9781565292048
9780805095883
9781575768236
9780752474830
9781434225672
9781458759528
9780967928821
9781847280602
9780857207067
9780395713471
9780395726822
9780848806019
9781435830295
9780884115977
9780720613230
9780538726078
9781894959988
9781594517143
9780815119180
9781176715585
9781177294447
9781176868595
9781178058727
9781177771917
9781177604246
9781177524193
9781609631192
9781176665064
9781178317770
9781178200225
9781278368078
9781246472400
9781171938330
9781171938323
9781171937234
9781171937128
9781171854654
9781171839248
9781172040001
9781172001927
9781177324038
9781177318440
9781178167023
9781178142341
9781177468152
9781177330718
9781146083041
9781171332763
9781171729839
9781149510070
9781149541746
9781149567104
9781171284468
9781171944126
9781171995692
9781171346197
9789280522891
9781619030343
9789280517019
9789280520163
9781171938279
9781171937371
9781240783779
9781149282298
9781171938385
9781143898341
9781143303159
9789280522907
9789280524925
9781149470435
9781149493533
9781241732660
9781149508473
9781149470381
9781245011136
9781245655378
9781171289456
9781171939511
9781171938415
9781171938460
9781149366752
9780620452052
9780955462238
9780203984901
9781176391642
9781172336418
