9788129110824
9780721606767
9780706977646
9780706972368
9789386689856
9789386550859
9789386104274
9789385998096
9789393459763
9798128818836
9789814133999
9788124107430
9788170421740
9788182472457
9788184120509
9788184120097
9788178124575
9788131215791
9788171675425
9788170949732
9788170948827
9788170421887
9788174826909
9788174766151
9788174362360
9788122408881
9788131515198
9788131507681
9788131313183
9788131312988
9788172234256
9788172233662
9788171828173
9788178790909
9788178790640
9788178695594
9788178297583
9780074638217
9780706990560
9781846841590
9788122506747
9788122417630
9788120318991
9781403922526
9788120326071
9788120325227
9788184992878
9788184891614
9788184747973
9788184747454
9788184304367
9788182744813
9788187671329
9788187498766
9788184080810
9788184080742
9788183888318
9788183820639
9788183578790
9788186775851
9788186706848
9788185044903
9788183161879
9788182902862
9788182900950
9788187671473
9780195648188
9780195476224
9780144000029
9780143028420
9789350124208
9788188661022
9788188575183
9788188460045
9788187981701
9788190455909
9788189988791
9788189884062
9780143031284
9788187288374
9788187134299
9788187131441
9788186852897
9788188904334
9788195267095
9788188746002
9789355232687
9789354866685
9789353226152
9789352830862
9789352787708
9789369116973
9788187421252
9789373943244
9789372127577
9789812328182
9789810105792
9789394550650
9789394550292
9789393683595
9788188818006
9789368682158
9789364403313
9789351653325
9789351445821
9780064442893
9789351043775
9780009108945
9780140278606
9780140240351
9780074632475
9780575077492
9780521617727
9780521169547
9780070683440
9780199481842
9789381791059
9780070533028
9780070080850
9789351374770
9789383646944
9789382821038
9789387171930
9789812742209
9789812550125
9789386824202
9789392204395
9789391465193
9789385282812
9788120323902
9788126121021
9788125042693
9788193162262
9788120318427
9789387153561
9789386883278
9780198069775
9780195699968
9780195685909
9780755371044
9780755356140
9780755344529
9780074632086
9788120324879
9780762429752
9788120320925
9788125025085
9789350642245
9789380942964
9789358449907
9789356501997
9789350092422
9789348995612
9789348995421
9789348555069
9789348137906
9789390547524
9789390490578
9789389004755
9789384498009
9789814107037
9780071332323
9780071074292
9780070994850
9789380408507
9789385888137
9789385492662
9789380156101
9789380069531
9789380032689
9789380032511
9789391407933
9789385140600
9789387702325
9780199481873
9788120325609
9788120324367
9788175962262
9788175346796
9788120324091
9788120320611
9788131403075
9788131400982
9788175240919
9788174765826
9788174464316
9788131308325
9788183242752
9788183240659
9788172249632
9788171566945
9788131302811
9788129704207
9780199476381
9780199459896
9780195687644
9780195675320
9788177000511
9788176760713
9788173142208
9788129108197
9788129104700
9788127241209
9788127202309
9788184121001
9788184120721
9788188818075
9788188818068
9788187495239
9788187374299
9788187367024
9788187339212
9780199546299
9788181890382
9788122416534
9788121407496
9788120719170
9788120346369
9781897829134
9781843317265
9781403928603
9780794604615
9788124100127
9788123928500
9788123915159
9788131306628
9788182744950
9789380213149
9789364400404
9789363640917
9789362838421
9789362833884
9789362830838
9789380921488
9789380856094
9789348137401
9789382705727
9789361567254
9789348137791
9788176635264
9788192290355
9789350261880
9780007309542
9788188661589
9780070648258
9789385919381
9789352039968
9789352034444
9789331317278
9789331317117
9789327251555
9789327248111
9789327225907
9788190455954
9788176620307
9780333938072
9780297853619
9780230638433
9788199136021
9788199120228
9788197870880
9789381771822
9789347047558
9788189884024
9788189547066
9788189430016
9789380408071
9788189276157
9789814126861
9789352602209
9789380032061
9789378169885
9789382332237
9789382209430
9789372125030
9789372121452
9789372121360
9789370781511
9789370025608
9789350175316
9788189320133
9788190761307
9788190658287
9788190461672
9788190455961
9788189934545
9789380361413
9788187336976
9788187248880
9788192514017
9788187248552
9788186190456
9788185989433
9788129108883
9788185044569
9788184780192
9788184080841
9788184080728
9788183244572
9788178840093
9788176212878
9788175964082
9788175741492
9788174868121
9788182471771
9788181911735
9788181890450
9788185984407
9780761996088
9780761996064
9788129104755
9788192713205
9788131305522
9788131301944
9788129101570
9788131201534
9788130910604
9788184082913
9788181473219
9788180611940
9789381335147
9788179928288
9788179926376
9788183572675
9788183484145
9788183307079
9789814147842
9789380108384
9789352602810
9789386635952
9789386635631
9789385114892
9789381770016
9789381335314
9788179928363
9788180522741
9788178711539
9788178710044
9788176489485
9788176487474
9789381320136
9789380834641
9789350350812
9789333214933
9788170351498
9788170083726
9788170080442
9788177543346
9788131415368
9788131405468
9788189102425
9788189066697
9788131316351
9788131308820
9788131307618
9788131307151
9789351418177
9789350355022
9788123905297
9788122425901
9788129129703
9788170032601
9788126916276
9788125907848
9780070435070
9780070263734
9788179926055
9788179681039
9788178880006
9788176465830
9788131304181
9788120324350
9788120324282
9788125907213
9788180611582
9788124109304
9780143104131
9780141000244
9788131703687
9788176492904
9788176488181
9788176484596
9788171676897
9788178240916
9788178129549
9788183242813
9788170998167
9788170998082
9788124114124
9789389356632
9789355028471
9789361804069
9789355026477
9788186177518
9780199488728
9789391075040
9788125041016
9788120915541
9788192205359
9789383103768
9780199461806
9780195666366
9789355024534
9788193659922
9788131761106
9788125035879
9789334046205
9788181377005
9789357733618
9788181370587
9788125044666
9780195665161
9781876973520
9780908437054
9781118503294
9780718817862
9780908437030
9780071077378
9780786668021
9788181374486
9788181372970
9788181372963
9781316642924
9781639979271
9781649192912
9788122416091
9788123911793
9780521636100
9780521636094
9780521628150
9780521627986
9789350362921
9789349183124
9789349168039
9788896732342
9789352832378
9789352624126
9789352621316
9789681653149
9789831364871
9788125006466
9789325971431
9788183324601
9788183326810
9788184926033
9788185017846
9788188057047
9788188849192
9788189912857
9788170543251
9788176290289
9788176290487
9788177290059
9788178556161
9789350943380
9789350945032
9789351444718
9788181379849
9798904790134
9798893223521
9798890672964
9789387532342
9789389308730
9789385926181
9780230632967
9780199457687
9788184676426
9788183571920
9789354971921
9789355232809
9788172865023
9788131419182
9780195686951
9788176290395
9798889599449
9798889230687
9798889235859
9798889595502
9798888838662
9789789381777
9789392542183
9789831364338
9789390041886
9789812435453
9789350834619
9789356930117
9789356930827
9789356931022
9789351444725
9789351762850
9789352032662
9789352512706
9789352561889
9789384875657
9789386179944
9789386456267
9789355231680
9789355233080
9789355865526
9789355969590
9789356022096
9789387532977
9789387660663
9789388632249
9789359103914
9789378161490
9789380262734
9789381771730
9789384447670
9798885699280
9798886065398
9798887837291
9789386820433
9789386896636
9789387151949
9789387320888
9788125059332
9788123436968
9788123430331
9780721456584
9780521628143
9780198066156
9789349865334
9781682160435
9789390278725
9789390782079
9780195680171
9789831362631
9788179652527
9788183601924
9788194782728
9789350594209
9788179650035
9788122909890
9789354809798
9789357553544
9789361809101
9788173139222
9789381480427
9789390095629
9789390557110
9788125044178
9788125916123
9788192465739
9789354805196
9789353695354
9789366654096
9788182835177
9789358771046
9789377519179
9780061014970
9781416913085
9788173175572
9789352713684
9789376863655
9789352727964
9788194617099
9788177080353
9789364028455
9789365570526
9788173813511
9788129705839
9789366654775
9789348078698
9789838996396
9789348995360
9789350942680
9788188251049
9789350064436
9780074623190
9789360945992
9789365576702
9788125009436
9780199468973
9780198093077
9788177641844
9789365814736
9789355961174
9789352621484
9789352025831
9781005735029
9780070402881
9780330518093
9789348078308
9788174826275
9789831366455
9789831365335
9789350997222
9781107689541
9789358403558
9788130911922
9780373235032
9789394550674
9788178122908
9788183504812
9788198545831
9789369535644
9789388395441
9789390770571
9789395087445
9789395223997
9789366666747
9780074621363
9780070503021
9780230531536
9780198092858
9780195691856
9780074633090
9780074624142
9789395117401
9789361861406
9788125059592
9788125044437
9788119208517
9789363313507
9789392593048
9789831367193
9789357008020
9789380735948
9789386824615
9789387153349
9789391121570
9789325971134
9789394136311
9788131504093
9789394640382
9789394898080
9789371052764
9789377516604
9780373236909
9780199465064
9788196983895
9788196368944
9788196092672
9788119665174
9780199465033
9788199277489
9780198081616
9789348070777
9789348418081
9789357366885
9789389767278
9789393227713
9789395562508
9780794503499
9788169332521
9780198086376
9788125056577
9789350371107
9789389904222
9789355610089
9788896105955
9780679777953
9789392694226
9789351670742
9789349965614
9788186809242
9788169332545
9781408101285
9789354953477
9789352741359
9798904510909
9798904510213
9798903928972
9789350945049
9789350943113
9789350942611
9789350718940
9789377511517
9798902075646
9789354423680
9789352742240
9798893223460
9798893225884
9789350897256
9789325974289
9788896322376
9788194052494
9789350717936
9789350717622
9798889591900
9789350717547
9788174530172
9788173669101
9788192244389
9788131901175
9788131900550
9781107640825
9781636692319
9781637141687
9781638067290
9780199483303
9789370785861
9788191022902
9798890673961
9788170088400
9798905104190
9798904790141
9788174829498
9789386810021
9789386689825
9798904515836
9789386379764
9789386179913
9789389346008
9789389173062
9789393349965
9789993387510
9798886414899
9798905401862
9798905404689
9798905405327
9789355217615
9789354955327
9789352511440
9789352020935
9789351445135
9789351419501
9789351215547
9789351104339
9789350946664
9789355880444
9789994693702
9789373948317
9789373890258
9789370786615
9798887170466
9798887045368
9789354954535
9789352530076
9788184027518
9788190390408
9789382741213
9789380619682
9789380587905
9789380536118
9798885463805
9789380240152
9789378491382
9788186351048
9789385983115
9789385965241
9789385875076
9789385244742
9789385140006
9789389048834
9789389048599
9789388925747
9798885694230
9798885466158
9789380298528
9788176290050
9788128022517
9788131807538
9788131809549
9788178555850
9788179774199
9798889519553
9788181379764
9788182962248
9788174531131
9788174532176
9788174532268
9788183329194
9788183453363
9789350362976
9788183984287
9788184026511
9788176296946
9788178124513
9788178440163
9781643244631
9781643244655
9781643244662
9781643244679
9781643244686
9788182966260
9788183324595
9788183327725
9789383290376
9788183559287
9798890665621
9788187863465
9788188121694
9788188479429
9788189466633
9788190107914
9789388104036
9789388563031
9789384030780
9788184354423
9788184620634
9788185170800
9788185212722
9788185731971
9788175242852
9788187077381
9788187863458
9788175241732
9789387672543
9789356931572
9789378491337
9788184043280
9788181374707
9789350366318
9798887721163
9798887491004
9798887490809
9798887335247
9798887178219
9789350717530
9798888336519
9798888337110
9788126033621
9780199491315
9780199492077
9780230015166
9780330469258
9781639570041
9781643241395
9788120760301
9788120785359
9788121919357
9788121929288
9788121930543
9789355968661
9781648690334
9788125942399
9788126046669
9788126560905
9788126561971
9788126563647
9781639042517
9788121932318
9788123400501
9788123430409
9781685865870
9781846841583
9788119109272
9781647330224
9781648502453
9788175156364
9789352728596
9788170330950
9788188039869
9788190103930
9780199481224
9789351405078
9789392379222
9789392542107
9789386620002
9788176294430
9788187229230
9788187502753
9789387672819
9798888330272
9798886068344
9798886411904
9789388689564
9789388594059
9789384447069
9781649518927
9781684878727
9781685230678
9781685546236
9781685638429
9781403928672
9798888699911
9798904515072
9798887834993
9789387763500
9789381431573
9788175155817
9780198082484
9789386832092
9789388302814
9789385827945
9789385827853
9788126508709
9789390782253
9788172345549
9789391067908
9788184000771
9789351871736
9789384544386
9780333924594
9788169711906
9788125041009
9789394644069
9789382577188
9798886849721
9789382578758
9789357470315
9789372903706
9789387856684
9788182963559
9788122480191
9789071676208
9780198069768
9789348988140
9780199474868
9788187233589
9788187694250
9788182092181
9788182810273
9788183182416
9788189547134
9788189934699
9788184083545
9788184488067
9788184950557
9789355960504
9789352622924
9789355962164
9788185240640
9788185905204
9788181912879
9788181913203
9788181913425
9788174967565
9788174968128
9788175040205
9780198066620
9780198085522
9788178790152
9789352532544
9788179913161
9789355969217
9788179913178
9789355963772
9788131803547
9788170286554
9788189934781
9788189945138
9788189129057
9788188479597
9788188479207
9789327257557
9789327252477
9789327219517
9789352031528
9789352024841
9789372126266
9789372123357
9789352626045
9789350494240
9789348544643
9789348137845
9789354954078
9789354953750
9789333211147
9789327271614
9788193865330
9788184951240
9788184951974
9788184954968
9789312147542
9789326193641
9788186332849
9789327271447
9789372123098
9780070189201
9788184048452
9780070605961
9789353225773
9789359989600
9789370786073
9789380408033
9789380408736
9789380618548
9788121613743
9788123430362
9788185044552
9788185182438
9788185599595
9788172730222
9788131793541
9780352340092
9780978079512
9781259025709
9780198066354
9780198066392
9780198066408
9788120333109
9788120745988
9780198091714
9780198091721
9780198093329
9788180617911
9788181281449
9788181432827
9780199490011
9788173715150
9788171568611
9788172861377
9788173196492
9788181434616
9788181912312
9788174933102
9788174938664
9788174965578
9788131513323
9788131724057
9789355964724
9788175348004
9788178240930
9788170298977
9788170332329
9788120325135
9788195164790
9788196950514
9788198866462
9788173358791
9788173710988
9780143063032
9780143066835
9780195667943
9788185683263
9788187100096
9788187398271
9788187567318
9780333932698
9780863113703
9788120324299
9788170841722
9789350944240
9789350620007
9788131764961
9789812553270
9789810626563
9788170406587
9789385629471
9789383420070
9789355865151
9789381082539
9788171946938
9788171562701
9788171560004
9780198093336
9788124202982
9788184955538
9788184484250
9789383182480
9788120340992
9780230634022
9780199492060
9780070486355
9780070472983
9789350582794
9789350234587
9789394883406
9788122406597
9788168524620
9788131764992
9788180460319
9788177649031
9788176630214
9788175340053
9788171548521
9788127243586
9780199479788
9780074622322
9780070706453
9780195687606
9780195646283
9780143067948
9780143033325
9780143029410
9789389656893
9788184121889
9789395556293
9789395085670
9789393795045
9780074633182
9788131227138
9780198093343
9789327246179
9780199540853
9789388994521
9780199457724
9788131734117
9788120324381
9788120310889
9788130911717
9788128504419
9788126121588
9788126121434
9788120325159
9780198094951
9780070603684
9780070598454
9780070589452
9780007246427
9788125904083
9788125025245
9788124205044
9788126118946
9789362073556
9789359986104
9789358894462
9789371001793
9789370928848
9789358403923
9789356937277
9789356935945
9788120722934
9789365579932
9789365576160
9789372126921
9789372126730
9789364405669
9789363317734
9789363313057
9789372121988
9789369530946
9789351878360
9789351417057
9789350515570
9789355856319
9789354955341
9788184082838
9788183713269
9789354953446
9789385104862
9789352737390
9789356931299
9789355969903
9789355969460
9789364409407
9789364405706
9789386550798
9789386345592
9789354332005
9789392641534
9789392593406
9789390800957
9789388594387
9789388528825
9789814192415
9789810616755
9789810613082
9789372120554
9789358408188
9789358403930
9789380408019
9789380240350
9789380032054
9789378160486
9789375440673
9789388779142
9789384038236
9789371054706
9789347047794
9789347047770
9789370788480
9789370786592
9789370783607
9789372128963
9789372127980
9789393459367
9788183712187
9789327232561
9788189027018
9788174935250
9788174762368
9788171002719
9789381068557
9789381015285
9789393757258
9789372127621
9780143025238
9780744567977
9789352315475
9780198088547
9788131718971
9789812617699
9780001067073
9788173155840
9788194403135
9788195676040
9788175259522
9788184081411
9789389454949
9789389904901
9789389932300
9788995543801
9789352341573
9789349905191
9789381030639
9789389806304
9789392330605
9788120836808
9788196447953
9788172738303
9780198081524
9788119580569
9788119948796
9789377305642
9789357552158
9780199457694
9789377138875
9789364111348
9789363381766
9780199457731
9789334421088
9789394499515
9789381335291
9788168731615
9789355863126
9788168638617
9788168638624
9780198065739
9789363556560
9788188811939
9789356735576
9780199465057
9780199465026
9789395757331
9789395757423
9789366652634
9788168604100
9788168637856
9788187445173
9798889598503
9798889752653
9798894759074
9798890663153
9798903624256
9798905104886
9788190236829
9788184780963
9788176290173
9789814035767
9788176290128
9788170298250
9789354971853
9788176290166
9788184313918
9798889590644
9781416918813
9781637148174
9781638062844
9781685230272
9788121943383
9788123443799
9780195683868
9780198066613
9780199475612
9780199475872
9780199475889
9788181378828
9788181379023
9788181379030
9788182966253
9788182966567
9788183322812
9788183324588
9788183330091
9788178557588
9788179720219
9788181371539
9789812140524
9798885464413
9798885698627
9798885699822
9798886068245
9798887332550
9798887495910
9798889096924
9780764158858
9781403926791
9788177393682
9788177099454
9788176569880
9788175960497
9788174828880
9788181375384
9788181374622
9788181372055
9788181372048
9788181371935
9788177393910
9788178554396
9788170821199
9788172333492
9788178556154
9788170087922
9789350362907
9789350364451
9789350364550
9788192130224
9788192856353
9788194734055
9788172744625
9788172763589
9788173702464
9788174467225
9788174826329
9789325981300
9789327270198
9789349208094
9789349746763
9789349813007
9788187105886
9788187477228
9788189766504
9788183555357
9788183557641
9788183557672
9788183578424
9788183713276
9788183793322
9788183896962
9788184026528
9789354568367
9789355310484
9789355866073
9789355964595
9789356185401
9789356731332
9789356930513
9789357432122
9789351874300
9789352022663
9789352026289
9788194979685
9788198208064
9789311121727
9789311123905
9789325981041
9788184028454
9788184496772
9788184497007
9788184833904
9788186877760
9789351445357
9789351445340
9789351445197
9789351444756
9789351443360
9789352530571
9789352512690
9789352511471
9789352033218
9789352030637
9789351446903
9789351447856
9789350366301
9789350620717
9789351449584
9789350364567
9789391576233
9789393086235
9789393349972
9789386561336
9789387567306
9789387763630
9789350717110
9789350941317
9789350945025
9789350945711
9789350947371
9789388563475
9789388676816
9789388973861
9789390031665
9789391075972
9789386179623
9789385989094
9789384826093
9789382705888
9789382705635
9789388563468
9789388563444
9789388537667
9789388323161
9789387880726
9789386309105
9789386416476
9789361808111
9789363192584
9789386561329
9789358404753
9788170239574
9788126011315
9780230630130
9789382740919
9788177646245
9789382676461
9789381113264
9789380269511
9789365574357
9789365572919
9780199450770
9780199450961
9789387000711
9789810990473
9788183334662
9788183895231
9788126511303
9789875503373
9789347971099
9789380044408
9789383606399
9781405057370
9789325984332
9788175156005
9788173705113
9788131964828
9780333935057
9780333933909
9780762416486
9781607477778
9780794505905
9788125044345
9780198081852
9781408508626
9789386824868
9788131999318
9788193293416
9781429101684
9781408508619
9789390362011
9789387369252
9789377514037
9788131924327
9789390191635
9780198068839
9780199481798
9780199487721
9780333932407
9780852268858
9788122419313
9780198062646
9780198066149
9789350947098
9788187228530
9789352032945
9780333937976
9780071074865
9780071328814
9789354954788
9789352995165
9789352621040
9789352021079
9789350582732
9789356934764
9780070599314
9780070153226
9789352728893
9789390906734
9780199457717
9788188849178
9788188222490
9788185897806
9788184121919
9788184027655
9788183324175
9788178120676
9788171794997
9788131761540
9788131760741
9788131722800
9788125030416
9788123911106
9789348552181
9789350140246
9789350468586
9780198408420
9788189909154
9788190691932
9788193653364
9789334349764
9789393211170
9789390849116
9789388707374
9789383646937
9788181282507
9788173196874
9789360660109
9789357475549
9789369534265
9789373943404
9789381348840
9789381158296
9789363192645
9789365574388
9789367003725
9789361867521
9788129201461
9781403925084
9789394047310
9789389294064
9789351677352
9780199475605
9789388604352
9789357555654
9780195683844
9780001063228
9780199467389
9780199467396
9788171795659
9781552544020
9789391485702
9789388800662
9781894946445
9788125044338
9780906149553
9788168562035
9788184775075
9789381489345
9789390596553
9789357474542
9789394095823
9780070840331
9780748711079
9780632012206
9780700202096
9781906309015
9782913140028
9780140214710
9780950735900
9780746305225
9780861760008
9780861762842
9780904488906
9780909911942
9780950156002
9780951889206
9781850703433
9781852765019
9781870167055
9781870555630
9781872712505
9780713900965
9781873712467
9789028834040
9780855205300
9780856603761
9780201000283
9780174384328
9780219516745
9780213760366
9780716661931
9780715630983
9780713117622
9780710085047
9780045500055
9780002318457
9781879399204
9780861148424
9780904644548
9780861785643
9780862070014
9780862093228
9780750008136
9780752528441
9780754010395
9780902921719
9780862204785
9780863130717
9780892782567
9780900727689
9780289796863
9780330310352
9780333306956
9780335005192
9780563162223
9780904700183
9780951019313
9780855242305
9780855339432
9780859390958
9780861011179
9781854108951
9780670901814
9780706367201
9780708821404
9780460008310
9780491006026
9780552085885
9780552760485
9780722116814
9780722180020
9780747211297
9780749420536
9780575004221
9780575022287
9780584310528
9780600202486
9780099505419
9780140770346
9780174382393
9780199110360
9780241106150
9780241897324
9780261100015
9780289796856
9780061064340
9780091080907
9780566028502
9780566074776
9780571088782
9780356121161
9780370311111
9780396086987
9780602263225
9780233000305
9780340793787
9780340541210
9780340518243
9780340118252
9780094788206
9780091161415
9780702001741
9780854391110
9780713134001
9780706903140
9780575051119
9780582310193
9781844223619
9780233990927
9780233975863
9781850916079
9781852384241
9780852426296
9780851402277
9780854211180
9780412485404
9780433323600
9780852630761
9780434070824
9780435231682
9780951336328
9780443011900
9780953265701
9780954608507
9781845384579
9780233990446
9789624215632
9789378322426
9781854582393
9781854793379
9781857796131
9780749277864
9780749277918
9780749299798
9780749405700
9780794508586
9780855140236
9780584111033
9780631150190
9780356210209
9781870607063
9781871962147
9781882633234
9781901509267
9781902616063
9780571063055
9780253200747
9780330236690
9780333152461
9780333416846
9780340267493
9780340679463
9780340850473
9780408004961
9780435109752
9780450016226
9780566025891
9780571044559
9780521751414
9780521753821
9780521753838
9789385868702
9789831362716
9780199481835
9789355969606
9789355969897
9789356936379
9789358408133
9789352021352
9789352022632
9789352026333
9789352532537
9789352621262
9789352621453
9789352621873
9789352624782
9789350130445
9789350363232
9789350681879
9789350719336
9789350942628
9789350993651
9789350996973
9789351673132
9788194046400
9788897242949
9789311124438
9788183327541
9788183713320
9788187694281
9788189074111
9788189780692
9788189782689
9788192807294
9788193156056
9788170087830
9788171320875
9788181375711
9788183324380
9788183324571
9788183326964
9788183326971
9788183326988
9781638323747
9781685544676
9788123400495
9788123443898
9788123918181
9788126315390
9788129701022
9788168770843
9780521753999
9780521754101
9780521754262
9780521751131
9780521751179
9780007430963
9780070671034
9780074631393
9780141300115
9780198094944
9780198099406
9780199477036
9780199477067
9780199485475
9789392379949
9789392935503
9789937032865
9798885216517
9789385750588
9789386189684
9789386442994
9789386500793
9789387380134
9789387672949
9789387763623
9789387840034
9789382081791
9789382081807
9789382322511
9789382688716
9789383186495
9789385140709
9789385401046
9789385676932
9789361100024
9789362734051
9789362863157
9781636338231
9781636693774
9781637142172
9781637450635
9781638061618
9789352730193
9789354560538
9789354953019
9789354955105
9798886679700
9798887170145
9798887172422
9789311124445
9789311124452
9789311125015
9789311126616
9789333209311
9789388182911
9789388182966
9789388182973
9789388468596
9789362864925
9789362866677
9789365574104
9789371051873
9789381771778
9780521754255
9780521754194
9780521754118
9798887174006
9798888331071
9798888690789
9788174310125
9788183323642
9788183711838
9788199788060
9789313193784
9789350355749
9788123919744
9788125056485
9780199480470
9780199460533
9780070611023
9781403910295
9780836455267
9780761992745
9780521754279
9788171873661
9788173713835
9780521754095
9788123413198
9789351872931
9780195681260
9788493485658
9789362070500
9789390782017
9789390782024
9789386575210
9780373183333
9780199465019
9780199465040
9780333938270
9789389904420
9789389904369
9780001063181
9781533071088
9781906178499
9788169225076
9789380422220
9789380896151
9789357550468
9789351640776
9789387477902
9789389786989
9789389802337
9781874342106
9789376861620
9788198611055
9789386918284
9780199474851
9788120617568
9788193919248
9789355366757
9789352622726
9788169826099
9788167212696
9788176330442
9789352022809
9788181501127
9789334206722
9780195686340
9789355961778
9789354465505
9789354337222
9789391407162
9789391968380
9789391121495
9789389830972
9789348256959
9789392641190
9789364265492
9789392542121
9789352027651
9789391122263
9788169826075
9789392641886
9789359989655
9789356936256
9789356037694
9789392641640
9789350978320
9789352022786
9788131514290
9789366663012
9780198063766
9788123402673
9789380514550
9789386791191
9788171338221
9788171337507
9781543342673
9788125008880
9788130925325
9789373941745
9789378168673
9789381390580
9789380514277
9789350134894
9789359628998
9789356938069
9788169826082
9789388151627
9780199455720
9788179929490
9789352207855
9789386348371
9789354270253
9781900974295
9780198062431
9789386575234
9788170172949
9781906051143
9780198072669
9780195690545
9789382108566
9789372908954
9781904351993
9788175811102
9788181377036
9789386811486
9789389921489
9788119670246
9788193304938
9789357556088
9789393570611
9789357559010
9789391374310
9788119580088
9789355206725
9789355206824
9789355206862
9789357025201
9789355206800
9789393806123
9789381066508
9789353380694
9788129131133
9780199477050
9789374627440
9788194786887
9789387740419
9789385506253
9789357026420
9789357025287
9789370038288
9789361804366
9789355202369
9789361567964
9789361569418
9788194001812
9780199467372
9789357024075
9788123418148
9788123413334
9781895383713
9781864761382
9788122425710
9780761994206
9788170331834
9788170283744
9788170222804
9788123435008
9788128504303
9788131303917
9788120324312
9788131300589
9788131010983
9788131005309
9788130915593
9788123433363
9788126416066
9788130024332
9781861872975
9788173357985
9788172236489
9788172235666
9788172159801
9788170863410
9788126714650
9788170185536
9788131306376
9788131305812
9788120325142
9788124106891
9788119624126
9781943730490
9781899924936
9788128806551
9788130915036
9788130911854
9788131703717
9788178790466
9781850328544
9781850322573
9788131501481
9788131306499
9781899924042
9781722503437
9781789290905
9781841611921
9781842556283
9780143100881
9781846530968
9781444931877
9781474810098
9781849152617
9781850322153
9780141006017
9780141007502
9788170332459
9788170943426
9781637145920
9781646500222
9780143033479
9780143063711
9780143064886
9780143099789
9780199467600
9780143330356
9781846530975
9781846531286
9788121619660
9788121923460
9788122411966
9781861975331
9781409309451
9788124109335
9788120325173
9788120721562
9788125043003
9788125044321
9780702026744
9780723267300
9788173662836
9788126121847
9788122900002
9788123013084
9781402775123
9781387830206
9781407559575
9781408852385
9781846530579
9781409369738
9788124115305
9788124117934
9788128835063
9788128837500
9788129100146
9788129104274
9780143028253
9781636065359
9781259028212
9781406225297
9788171422425
9788171547098
9788184951721
9788184951790
9788179252239
9788179501832
9788171670703
9788171675821
9788171797226
9788171820238
9788174933553
9788121930444
9788181581907
9788181890665
9788183600255
9788183601207
9788183710824
9788183711586
9788131512166
9788173669798
9788171568161
9788171582297
9788174462183
9788174465450
9788171829705
9788176485166
9788176485203
9788176488372
9788177240221
9788181290984
9788177543322
9788184190052
9788184300222
9788186211328
9788186722060
9788186804636
9788186816165
9788181903051
9788178840321
9788176465007
9788176465250
9788179927878
9788180140808
9788180613449
9788181290014
9788171822652
9788181463548
9788177561760
9788177646221
9788181891310
9788171561568
9788170332725
9788131705353
9788131733691
9788170415626
9788170416890
9788170434870
9788170586333
9788127268060
9788170843139
9788168598546
9788168865242
9788170949756
9788174467652
9788125044659
9788125046653
9788183712958
9788171568147
9788170334453
9788170411208
9788127240820
9788127241865
9788127256944
9788127257705
9788131301364
9788128023088
9788171002221
9788174763648
9788131804148
9788175100985
9788171946112
9788172152789
9788175224704
9788175414426
9788131507520
9788131507605
9788186962022
9788176255158
9788173713279
9788126106684
9788131764169
9788131765807
9788131766477
9788131803189
9788170662136
9788131804537
9788175150218
9788175157033
9788177697896
9788178000053
9788178087696
9788178556086
9788174310255
9788173155123
9788173411861
9788173711947
9788131304297
9788174465177
9788174465375
9788174730701
9788174762467
9788174932945
9788131309889
9788178792644
9788125901167
9788131300190
9788131302705
9788131302798
9788131303276
9788131303832
9788170992288
9788170999546
9789380559018
9788178791760
9788171949359
9788172732349
9788180611285
9788179928783
9780007282678
9780007293230
9780007299638
9780007309337
9780195690293
9788131306260
9788131421543
9788131507568
9788175344891
9788173150296
9788131306451
9788131307144
9788173155093
9788131309520
9788131309766
9788131310649
9780007321681
9788131305140
9788174462794
9788173714115
9788173714290
9788175240285
9788131309902
9788127203535
9788173152573
9788131307526
9788189102517
9789312140581
9789358894561
9789380027999
9789380097466
9789380117591
9789380262789
9788189562052
9788189917364
9788190099868
9788183160605
9788181910226
9788184090734
9788184317107
9788184468915
9789350335994
9789351874294
9789352726707
9788185066653
9788185116228
9788185234335
9788187380443
9788187433453
9788187981787
9788184080537
9788182810945
9788176489287
9788170408772
9788170969624
9788171565153
9788171567249
9788171567867
9788178790961
9788171794164
9788171930371
9788173014581
9788173014598
9788190688994
9788170291640
9788171788101
9788188267576
9788188322015
9788188342020
9789381969311
9788188661381
9788188661572
9788188661664
9788187365365
9788190148207
9788190662222
9788173120855
9780007326327
9780070402157
9780070482876
9780070597082
9780070606036
9780070618268
9780007282234
9780007282517
9780140288735
9780140297331
9788122414325
9788120327146
9780007463312
9780007490554
9780141007762
9780070260986
9780070402140
9780074604649
9780074620656
9780143029298
9780143033547
9780143065395
9780195643916
9780070600034
9780143028260
9780198079903
9780143028833
9780143029649
9780199457298
9780199462568
9780199462575
9780199462582
9780007226382
9780330476881
9780143332992
9780143448303
9780486287867
9781569571613
9788129505880
9780785326748
9780198099383
9780198099390
9780000151919
9780070610910
9780007280551
9780340917398
9780412486708
9781543342932
9781569570340
9781569571392
9780670839940
9788170124207
9788170172697
9788170217589
9788170221678
9781108712378
9781108712385
9788170243816
9788170249351
9788170283263
9788131310465
9780198081845
9780199460342
9780070992856
9788125909422
9780593622131
9780670058488
9780670860821
9788170189411
9781108453301
9781108678483
9781108724463
9781407501475
9781552100271
9780195662672
9780761995388
9788120329966
9780071067232
9780140278453
9780194514040
9780195474039
9780195652994
9780195679700
9781612196503
9788120324954
9788120325562
9788120325586
9788122900019
9788124106457
9788170086802
9788184020762
9788126714186
9781609947705
9781612196534
9781850322849
9788120724846
9788120732513
9788170222316
9788170242499
9780199461059
9780462001371
9788131727461
9788124107072
9789384028886
9789384052447
9789386228475
9789386383648
9789386550262
9789386620552
9789351449744
9789365578447
9789355230850
9789355924766
9789370785427
9788187649984
9789371185455
9789371189705
9789352025176
9789372124224
9789358407402
9789361108839
9789380032467
9789380071039
9789351449188
9789351449195
9789812438744
9789380408187
9789371054041
9789812400703
9789354951992
9789382585039
9789380480091
9789380545578
9789382810483
9789382821113
9789383359479
9789383646920
9789356933118
9789383952885
9789381395011
9789358403978
9789384248710
9789384301132
9789354338571
9789354801570
9789385868573
9789382622215
9789382749240
9789355963437
9789355964762
9789355965271
9789356763432
9789372120592
9789381639344
9789353679385
9789347764264
9789348137708
9789386918185
9789354952166
9789352621163
9789352621255
9789350091937
9789350140307
9789350170502
9789350295212
9789365579208
9789350363096
9789352759798
9789352830855
9789362864772
9789364407281
9789364408936
9789365575897
9788194966418
9789350943922
9789349210943
9789350040478
9789351067962
9789351429739
9789366270524
9789351652731
9789351873174
9789351879121
9789352022182
9789352734207
9789352026869
9789374760444
9789377301668
9789381867341
9789381867525
9789382420125
9789353381400
9789348555717
9789352592814
9789351449829
9789351449928
9789352624607
9789352624829
9789352645121
9789352728145
9789350295243
9789352742387
9789352027255
9789352027453
9789382428336
9788182911222
9788183072731
9788188156016
9788184654400
9788184764048
9788185017754
9788185683249
9788185788593
9788185826882
9788185830988
9788185880549
9789673170210
9788185830896
9789390811175
9789393459978
9789390436101
9789390522187
9789393224309
9789393349576
9789393349736
9789393349989
9798887042183
9789394168503
9789385039034
9788185829968
9789380712277
9789812140128
9789812653093
9789814133425
9789814147835
9789814147934
9789831363102
9798183072778
9788186852934
9788178790978
9788195326983
9788188573264
9788182811294
9789384905125
9789387766594
9789388818681
9789380408057
9789380444352
9789380712956
9789381639269
9789381822593
9789381841464
9788188266234
9788185316215
9788185316345
9788187162155
9789387484306
9789387531017
9789387672376
9789387672987
9789381348154
9789388050654
9789386179616
9789386189486
9789389121995
9789389820058
9789380183008
9789380285245
9789812551894
9789387320772
9789387484030
9789380698137
9789380817002
9789381068977
9789381245088
9789383700424
9789381382530
9789388428767
9789388587907
9789395085014
9789395101462
9789391166434
9789392379000
9789392641466
9789814629966
9798171825010
9798176130140
9798179480006
9789386107459
9798889098874
9789394878617
9789395047234
9789384447380
9789384826642
9789386035509
9789814147675
9789386035516
9789386035547
9789386035677
9789386035714
9789387747524
9789386107473
9798889515661
9798890670137
9789380403090
9789387320765
9789386035493
9789814133913
9788175940369
9788176634649
9788176634656
9788176128575
9788176254021
9788176295383
9788186190234
9788176486583
9788176487214
9789327251845
9788176487689
9789351103134
9788176489102
9788175441996
9788176489492
9788176489690
9788187139966
9788185984728
9788177210361
9788177210446
9788178089218
9788176486194
9788184955521
9788184981957
9788176488624
9788188330171
9788189066963
9788189129033
9789350943861
9788189511012
9788188661503
9788188661794
9788188820795
9788188826315
9788190317504
9788190388726
9788175940963
9788175442009
9788190861380
9788188974061
9788189020217
9788189020750
9788186190586
9788186299692
9788176487351
9788176487573
9788186618097
9788186793909
9788186804216
9788185316505
9788176030564
9788184823981
9788185381404
9788185381992
9788184833577
9788184951462
9788176211116
9788183713436
9788184951875
9788184954074
9788184020830
9788184026160
9788182810556
9788184045963
9788177395105
9788184121902
9788183454889
9788183571609
9788184300581
9788184313130
9788175969117
9788176210508
9788185246550
9788185273051
9788183797955
9788184027839
9788182900097
9788185316550
9788185360522
9788183070973
9788181981134
9788182092501
9788182095021
9788184684285
9788184771794
9788186190104
9788186190227
9788184825602
9788184778106
9788182745230
9788182810129
9788186469729
9788186618080
9788182965324
9788182967335
9788184954746
9788184955088
9788184450002
9788184651553
9788184083088
9788183241595
9788182743090
9788189511005
9789327261981
9788196593414
9788196676117
9789327278521
9789327279320
9789327286649
9789327294194
9788189906498
9789332519268
9789311128467
9788188330089
9789347047756
9789347047947
9788189196011
9788189276041
9789365576559
9789349208100
9789327267181
9789327277746
9788189511173
9788189611941
9788189632106
9788189632113
9789324193667
9789351131144
9789351428008
9788896322840
9789351441618
9789350680377
9789350716199
9789351445999
9789351448020
9788194729686
9788194869184
9789382554349
9789351449751
9789352513390
9789350978252
9788197399787
9788199104860
9788854407961
9788896322239
9789332516687
9789311124421
9789351443162
9789351445661
9789352132126
9789352242238
9789352511464
9789350943977
9788192649535
9788187981244
9788188082070
9788188082087
9788188129188
9788188251018
9788188266005
9788193978566
9788194227229
9789325968905
9789325976122
9789325977846
9788193784518
9788188569731
9788188661046
9788187671589
9788187981015
9788188429639
9788188479832
9788188849253
9788188965366
9788190439350
9788190647755
9788188266685
9788188322435
9789327195576
9788189934521
9789332521247
9789347047497
9789350834152
9789350834480
9789350902011
9789350904725
9788187344353
9788190917353
9788189511036
9788189511166
9788192868035
9788192428857
9788193230015
9788193304426
9788188132256
9788193784549
9788189975456
9788190264815
9788194227274
9788194289067
9788187233558
9788187321255
9789352590476
9788196469184
9788192997520
9789359480978
9789370028708
9788180565946
9788197784927
9789388563246
9789812140203
9789391460808
9789390782154
9788126511792
9789377133238
9788174091291
9788177220193
9789380594484
9789382563037
9788177223125
9781603460774
9789387285255
9789371972284
9789359474885
9789352010868
9789357425407
9780333938560
9781844226252
9781403922267
9789362074058
9780195664836
9780002740876
9780198099758
9781596091504
9780333935026
9780751309768
9789350370827
9789388240536
9788185778952
9789361563393
9780199469857
9780198091042
9789386591135
9788176672191
9789357555319
9789352031733
9788181804907
9780721423746
9780521708951
9781107664999
9780721479415
9789814418409
9789380231303
9780333922118
9789380690797
9789352831937
9788175440128
9789385827273
9789350949832
9789352027231
9789352623242
9789814357111
9788187981138
9789814418430
9780199467365
9789814357074
9788197181375
9789814357081
9789352734320
9781403909466
9788197026898
9780521684293
9789382986133
9789382038399
9789382038351
9789381396315
9789381390658
9788176760782
9788176760676
9788173400001
9789812743794
9789812740663
9788186734360
9788176494724
9789814418386
9789392330490
9781259003776
9789385827136
9780143469667
9789385888373
9789355969934
9789354338281
9789814347952
9789365573749
9789356936539
9789354336959
9789391062316
9789348995025
9789348995926
9789381390603
9789365576566
9789373071695
9780143469674
9780195665130
9789380097176
9781855765528
9781408508534
9788177099157
9788172735043
9788170164128
9780230637023
9780195689617
9788129201355
9780195668209
9788180460029
9788170128830
9788178690346
9780061128349
9788184313017
9789348415721
9788185300504
9781403923615
9789378165498
9789394613782
9789394613218
9788131999295
9780070146334
9780199457403
9780199457038
9788125928584
9788120344075
9788119554898
9788125907268
9780199457410
9789814357104
9781863433655
9788119554133
9789351621959
9789369576661
9789385476563
9788193141212
9788186307632
9788198037664
9780373896462
9780198099734
9788184095814
9780373896431
9788131718940
9780373358526
9780373357666
9780198090786
9780198062448
9780375828171
9780375839344
9781847385567
9780874878172
9781576835029
9789358860665
9789364374675
9789391371036
9789383646203
9789390720958
9789380262642
9788189547103
9788186851821
9788185880655
9788179922736
9789388925044
9780199464906
9789388605120
9789394644014
9789361801556
9789359983882
9789384447953
9789394644670
9789395085779
9789831363126
9789814192170
9789390378357
9789389750997
9789327288230
9789386820860
9789386713025
9788177303384
9788170237969
9788131302712
9798889517924
9788131302071
9789387672611
9789384447373
9789359470207
9798176130133
9798887042138
9798888051092
9798889753803
9798889862741
9789388050609
9789388438667
9789390582587
9788181379450
9788182200265
9788188849208
9788178555003
9781637818428
9781638324447
9781638508083
9788188849277
9788192961156
9788194250647
9788178554389
9788176563130
9788180565175
9788181371911
9788182961098
9788182963931
9788177691603
9788178291888
9789327237146
9789327242348
9789351449560
9789352020201
9789352023172
9788183323215
9788181374837
9788181375704
9788176296816
9781259001994
9788174965677
9789352032778
9789352026180
9788177394641
9788177398465
9781403931214
9788177000061
9788187838111
9788896322055
9789388994736
9788188429264
9789389323849
9798889865568
9788177392425
9788177392869
9798892336758
9798891860964
9798888694763
9798888159453
9781637140710
9788194345664
9788182965034
9798889096252
9788183320375
9788183320382
9781684875139
9789810613075
9789812146007
9789881510846
9789395941785
9789388514231
9788171106141
9788170640912
9781259001987
9780521144384
9780333936832
9788172292324
9788123432205
9788172545215
9781646784325
9788170640837
9788120416901
9788123441061
9788128504235
9788128504358
9788128504396
9788131763421
9788122507065
9788170086765
9788174823410
9788174828385
9788194727910
9788184021066
9788184028461
9788197300059
9788197823596
9788198482402
9788198545824
9788121919784
9788121927086
9788121929929
9788121932233
9788122314502
9789380842509
9789381481561
9789381514276
9789381970546
9788183891790
9788181376664
9788181377180
9788184154184
9788184303858
9788185614311
9788185790909
9788186196250
9789356210905
9789351446507
9789351447658
9788178556949
9788178664873
9788183320399
9788121933513
9788172542597
9788183332897
9788183795951
9789352038046
9789350130872
9789350364543
9789354562020
9789354954085
9788199013261
9788186270585
9789356931589
9789357364645
9789380027883
9789385873836
9789351428770
9789355969927
9789355969835
9789355963604
9789386173652
9789392223242
9789391893910
9788196237479
9789350948811
9789350979839
9789392374906
9789392439148
9789394201224
9789350120958
9788195979844
9789380027555
9789327258134
9789327287639
9788173715785
9781107695696
9788123423722
9780199470334
9780333932414
9780199481729
9780070660328
9780198091028
9789351415688
9789351416180
9789351416241
9789385676918
9789379790286
9780521704137
9780199464937
9780070667747
9781107643772
9788184984910
9789357375184
9788183329187
9789358675801
9789384447601
9789384447960
9789384478674
9789334295238
9789348875952
9789382956723
9789361808210
9789362078889
9798887041292
9798886418859
9789368681939
9789385529153
9789384857158
9789361804359
9789352733583
9789353964771
9789362868626
9789363339200
9789363550926
9789365575026
9789368681403
9798187522040
9789390972241
9789391893552
9783154842191
9788168693784
9789380422121
9789380422046
9780670082742
9789381068366
9788172164348
9789380422237
9789351870968
9788190898775
9788190898782
9788184749458
9789368848134
9789370463837
9789373357669
9788190898737
9789352727896
9789360129255
9789395355841
9789394879348
9789373948577
9789361974922
9789386622051
9789387880702
9789390582488
9789395556026
9789352904907
9780198070566
9789353381097
9789382784142
9780670084890
9780199450909
9789354565489
9789395268981
9789387162709
9780448438993
9789369896875
9780195643701
9780195659856
9788173705069
9780195681291
9780198062622
9789363956254
9780198091011
9788179873137
9780198090779
9789352026012
9789352020850
9788125054092
9789352624492
9789352623235
9789352605262
9789387880719
9789381923955
9789378169700
9788130925356
9788131503751
9788130932637
9789388545006
9789810613020
9789388240529
9789352026005
9789352023677
9789324199324
9789352736911
9789388050883
9788175152816
9789388177436
9789365578331
9789367501023
9789350590973
9789350835715
9789351424772
9789354805004
9789365574760
9788183571166
9788130919157
9780070699359
9788187103004
9788125054108
9780070620438
9780199469840
9789351428114
9789351428121
9780195665222
9788184954326
9788184245073
9780195693133
9788183795760
9789351651796
9788897770367
9789388701310
9788173815447
9788170942788
9788130924922
9788125907251
9789390436699
9789390352951
9789812742216
9788184318586
9788175441989
9788183322904
9788125004240
9780071074490
9780198395768
9780199467358
9781107671454
9789812740700
9789391916220
9789387979567
9780866021036
9788190898751
9789380422169
9789349988187
9789350162316
9789350946763
9788183502788
9788180548574
9780198091004
9788131718926
9789387369153
9780195664829
9780198063681
9788187414810
9780198067023
9789354970337
9780199480531
9798171512323
9789386877833
9789359597614
9788128026447
9780199478781
9789311124919
9789311123141
9788197167942
9788197123399
9789360834364
9789360949457
9789360949891
9789361104374
9789393477620
9789393262592
9789392880575
9789361107122
9789393757203
9789395255509
9789831363935
9789392536847
9789387320741
9789387320789
9789387484894
9789357744539
9789357747660
9789390811281
9788125020974
9788128504297
9789352026449
9789354952159
9789355481917
9788195382842
9788171561759
9788131804360
9789385676871
9789386278975
9788177202687
9788177099959
9789354912245
9789354396434
9789354338052
9789354337567
9789354337147
9788121928243
9788121904568
9788119452606
9781840463774
9781648284458
9788195353217
9788194239611
9781108696678
9788184933796
9789381481295
9789380733005
9789368685111
9789366653624
9789365813838
9789365570809
9789358312317
9789363313279
9789363314542
9789363319400
9789370028616
9789370462168
9789370920484
9789376884544
9789355946898
9789369547401
9789357698528
9789357694322
9789357743297
9789357741767
9789357744218
9789357748926
9789390989638
9789391326197
9789391547219
9789391576110
9789391968786
9789358738216
9789358738902
9789357610254
9789395255578
9789395481519
9789351416265
9789351428275
9789351447450
9789351449041
9789351641117
9789357442473
9789357559744
9789383186761
9789358314595
9789358316759
9789358730999
9789358316810
9789363312951
9789363313064
9789392445194
9789392474736
9789350942895
9789390460045
9789389627602
9789348740571
9789348078926
9789334367744
9789334002379
9789325980068
9789311129174
9789352021574
9789352021444
9789363312630
9789363312043
9789363311503
9789366665467
9789363310438
9789368681533
9788180940156
9789352534494
9788182093393
9789383286973
9780199450879
9780932377494
9780070144842
9788186469132
9788188222124
9788189359522
9788189411336
9788189923013
9788195356492
9789831365052
9789363311145
9798885692892
9798895569023
9798904515898
9798897777228
9788184312645
9788185799537
9789350996874
9789352512324
9788183324359
9788183327350
9789311124933
9789311128870
9789359069777
9788171705757
9788174821089
9788183324342
9788174828996
9788175225626
9789361804854
9788177001105
9788178840352
9789355968647
9789356054851
9789361805325
9789356612495
9789357216890
9788183600316
9789357219341
9788184765236
9789350366608
9789350940051
9789361808562
9788131731291
9788181805836
9788177225501
9789385529740
9789393456236
9789393456069
9789390782161
9788126505142
9789372902334
9789361803994
9789381638651
9788194597155
9789347971495
9789394683907
9789394683181
9780330473019
9780842383394
9780195690538
9788194918622
9788119237340
9780199471485
9789357553315
9789357550826
9789391090357
9780333930540
9780099404040
9789386575203
9780099404149
9789352727957
9789391044237
9780099411062
9780141029078
9788193425657
9789351676645
9788182966550
9780195664812
9788188283156
9781403992055
9781405270175
9788189107581
9788189430702
9788173810800
9780863117282
9780706998856
9788120324909
9788171567263
9788171562947
9788120324015
9781857333602
9788121613910
9788121610049
9788120332614
9788120325265
9781482413595
9788170288619
9788170239420
9780435999599
9780230638877
9788121901727
9788179921708
9788128020506
9788128019036
9788179254165
9788179253519
9780070483323
9780199483938
9788124110393
9788123913209
9780143442004
9780074634820
9780070648562
9780070636675
9780070605077
9780070581180
9780230634244
9788120331631
9788170421405
9788190687836
9788174090089
9780007279074
9788170218098
9788170121442
9788168923379
9788193978580
9788168642140
9780706988246
9788177697698
9788172869397
9780575075948
9780000114112
9788184766622
9788170589259
9788192309422
9789364404044
9789327287677
9789327264647
9789356931053
9789356930643
9788173280979
9788173027352
9788172960247
9788171004928
9788120327696
9788120327153
9788122003451
9788121904582
9788179923030
9789350978269
9788184488487
9789350880241
9789350833827
9788126913152
9788170293736
9781482450811
9788126442812
9788125011330
9788168633247
9788167210876
9788181891730
9788181891372
9788131311240
9788131206539
9788170298267
9788126913053
9788170332695
9788170330776
9788170239444
9788188237951
9788188156726
9788184312713
9789351520993
9789350134917
9789386698254
9788176931304
9789385556197
9789386634535
9789386307897
9789386116864
9788184486735
9789389652949
9789389286793
9798190095401
9789814347921
9789814347914
9789385888281
9789380703329
9789380143477
9789353679194
9789353678678
9788179773703
9788179305638
9780143103370
9780074631959
9780070648586
9780070447349
9788170406655
9788174462664
9788187100218
9788186851944
9788186775035
9788186651421
9788183573900
9789812145055
9789390551002
9789327269659
9788194289081
9788174761835
9780230634619
9780199470815
9788122420371
9788121910330
9780199460458
9780199457748
9788121908498
9788120324930
9788131245866
9788128019012
9788175348417
9788125909606
9780863113260
9788125905356
9788123429502
9788183334846
9780070087750
9788184120325
9781482460131
9780195679687
9788170332916
9788127258269
9788174934475
9788174932679
9788170088578
9789387284456
9788173714016
9788172867706
9788183334815
9788183074315
9788121702003
9788120831766
9780297853596
9788131772065
9788131765241
9788131800379
9788120316515
9781848315129
9780761993766
9780753825600
9780706977721
9780521708944
9780521152129
9788120806085
9788188267255
9788188039067
9788187248316
9789384248680
9789382993865
9789381348383
9789380016139
9788186599174
9788186299463
9789327289329
9789327287707
9781408508565
9789384238056
9789327249804
9789327245776
9789382609643
9789382609094
9789382394372
9789382033189
9789351525745
9789351423997
9789348995841
9789347764059
9789385114212
9789380712031
9788184955675
9788184950212
9789358408997
9789358403176
9788184121681
9788184027846
9789356930568
9789355964151
9789354955433
9789354953880
9788189796044
9788194227205
9788186332337
9788185989594
9789373351230
9789372126587
9788179922408
9788179912140
9788185952826
9788185860992
9788192929408
9788190986410
9788194227212
9788181160416
9788171793587
9788171563890
9789387265929
9789810107598
9788172732387
9788172453954
9788172252946
9788171857388
9788171561162
9788171339532
9789352605743
9780007492138
9789390436774
9789381319161
9789386416018
9789390515721
9789390450732
9789390436941
9789390436866
9789814347907
9788185860527
9789810616977
9788178093741
9789352440108
9789385114250
9789385114236
9789381068052
9789380872018
9789380868752
9789388395434
9789388067348
9789381348055
9798179922483
9789831364789
9788181913388
9789812325228
9789387284487
9789387284463
9788185475929
9788184950236
9789814308410
9789814308243
9789814308229
9789814308212
9780195659702
9780074519288
9780070994133
9789814308199
9788183990004
9788183600583
9788183333696
9788183074421
9788187651017
9788187325116
9789351410720
9789351200703
9788185749198
9788185273136
9788130925349
9789364409094
9788190493925
9788190299664
9788127240592
9788127203757
9788188849147
9788188643400
9788187972129
9788187949121
9788172865115
9788172252038
9788131804063
9788129202246
9788193978573
9788175981102
9788174823724
9781782436973
9781782435938
9788179292396
9788179291870
9789810616960
9781407536460
9788178125909
9788178093635
9789383646913
9788178080123
9788125002154
9788124202128
9788120324534
9788120324152
9788181890436
9788179928400
9789351040569
9789385114229
9789352621729
9789352621200
9789384175016
9788178093352
9789350637050
9789350492826
9789350492819
9788182810952
9788181913333
9788176564847
9788176500975
9789351130291
9789351104605
9789352023806
9789352021598
9788131311400
9789354337406
9789352992669
9789352831944
9789352734313
9789352734252
9789372125764
9789372124675
9789352621132
9789352605965
9789370789302
9789365576108
9789354338274
9788193411063
9788192856360
9789372126419
9789381975220
9789381849422
9789381376010
9789372121551
9789371055543
9789327225396
9789325967281
9788854408630
9789350711088
9789350242889
9789350090855
9789380044361
9789380026237
9789347047725
9789347047176
9788174822659
9788174344946
9789350947111
9789350947074
9788173717918
9788173713415
9788198497840
9789389601664
9788892337572
9788131973868
9789355545787
9788892338845
9780199473960
9789373016283
9789377137229
9788131923382
9788131720417
9780756615062
9781426811272
9789357550857
9789353431891
9788173176449
9789372521801
9789360542054
9789501113402
9788173173707
9780448437231
9789359676739
9789362057877
9788168793552
9788184120899
9789350164457
9789372181852
9789387369276
9788169332514
9789387531895
9780836225587
9780879833329
9789358232578
9780199478897
9788183602211
9788183329798
9780199477029
9788174826510
9781636062549
9780997557756
9788176935975
9788176935951
9788123431505
9788122436266
9788184500943
9788184301731
9788183892391
9789351440161
9788175244160
9788187863205
9789350949993
9789350948958
9788183327510
9788183327497
9789311124940
9788188446988
9798887171760
9798887171647
9798888058510
9798888058213
9798888155660
9788130403205
9798887497204
9798887496368
9788131804940
9788131806067
9788175545175
9798887173443
9798887172460
9788177393552
9789311125114
9788181373564
9788181373380
9789311123745
9788195238453
9788170640660
9788175543942
9789311124902
9788194503408
9789325990142
9789325992276
9789350943731
9789350943786
9789350945339
9781639048830
9781639048571
9781636699158
9788170640981
9781636333113
9781636068756
9781649510396
9781648922534
9788178557502
9789348230355
9788178062815
9789350132319
9789348230737
9781636333472
9788170640929
9788170709770
9788170709787
9788182967830
9788182965829
9788125034704
9788124604274
9781648922008
9781648694653
9788194317876
9781647839482
9781647600860
9781647334710
9788183559652
9788183559195
9788170709794
9788179681121
9788180141423
9788194168799
9788194187752
9781648286261
9798886842272
9788184766509
9798902074595
9798901360156
9798886069136
9798886067972
9788175154551
9789332556744
9788185398617
9788122306651
9788130907772
9788120767027
9788120417441
9798905403576
9798904796167
9798900236186
9798898794637
9798894756257
9798894462004
9798888050910
9798887838687
9788121931151
9798887173566
9789386820563
9789386555571
9789384302184
9789384091033
9798887044323
9798887044293
9789382648635
9789382394198
9798887042718
9798886843347
9789381316023
9789381156230
9798887042374
9798887042077
9798885914260
9798885912105
9798887042039
9798887041735
9798890670762
9798890660718
9798887042626
9788121927802
9788120798618
9780863118449
9780333936863
9788177669992
9788177393569
9798888152867
9798888152515
9798885553575
9798885466967
9798887493770
9789388537285
9798890026934
9798889865995
9789387984608
9789387984561
9798889231455
9798889097174
9789387672697
9789387672390
9798889091332
9789388563635
9798887178752
9798887174082
9788173193996
9781639049271
9788176493222
9788176297820
9780195666656
9780195670790
9780071333481
9780440234524
9781685386399
9788122310764
9788121938662
9788183795470
9788131999929
9788131939079
9788183553254
9788183329149
9788119624232
9788119386987
9781945825255
9788122417289
9789395150507
9798889234135
9798886412239
9798886291582
9798889093114
9798889092254
9789381156087
9789380644578
9789389693355
9789389048056
9798887042046
9789380005317
9789352022571
9789352021727
9789395941761
9789395268608
9789351651413
9789351472117
9789394651692
9789391576059
9789351448013
9789351448006
9789380108643
9789384646837
9789384498016
9789351446064
9789351445654
9789352743285
9789352741533
9789386189165
9789386035653
9789352530038
9789352513505
9789352440078
9789383746996
9789385887291
9789385676901
9789385152535
9789384753481
9789380619972
9789380408040
9789384447618
9789384447359
9798885465595
9789812435019
9789384028114
9789355880451
9798895441923
9798905407475
9798898261825
9798896327707
9788127203566
9798887042053
9788121920179
9788120407749
9780199485765
9780199479559
9780199464883
9789390041756
9781639578139
9788172451172
9788170351467
9789392379116
9789384447694
9788185116433
9788183990905
9788183795517
9788176291804
9780199464869
9798889753056
9788177393545
9789389693522
9789386835628
9789386835468
9789388983235
9789388631464
9798887045184
9798887044439
9789388537278
9789388537186
9798887042855
9798887178332
9798895563007
9789387320666
9789386850614
9788175154506
9798887171623
9798887045290
9798887041698
9798887040592
9798886674705
9798886673821
9798886290882
9798886290387
9798887178158
9788181377685
9788181376893
9789351038160
9789351030546
9788181373373
9788181373359
9788181373342
9788180900143
9788180141881
9788180141492
9788182964792
9789351447399
9789350363072
9789350238141
9789325978522
9789350364529
9789350364437
9789350364420
9788192868097
9788190977005
9788189091026
9788188476251
9789327295306
9788182964662
9788126561179
9788125043010
9788174821805
9788173704178
9788184979725
9788184620108
9788186308462
9788186053171
9788185731599
9788185297170
9788194030096
9788181379085
9788190249003
9788189766306
9789350947470
9789350947456
9789350947449
9789350945926
9788185182537
9788184979961
9788182963528
9788181379443
9788181379436
9788193594988
9789350717448
9789350633915
9789350364536
9789351445173
9789351444336
9789351443803
9789351441489
9789385914836
9789351447375
9789351447085
9789352027958
9789327270235
9789386500441
9789386379023
9789351766797
9789351651482
9789385914843
9798887042817
9789387860353
9789387860025
9798887042480
9798887042473
9789351447603
9789352027774
9788186413326
9788186361030
9789325987579
9789325984318
9789381458181
9789391029029
9789390224883
9789355360229
9789354339585
9789352743292
9789365810073
9789385401022
9789351444770
9789350943724
9789350895924
9789361804052
9789361803543
9789357755078
9789395101233
9789381620670
9789351450337
9789351449539
9789385676864
9789362862464
9789388397070
9780199460359
9788183576499
9789386328458
9789351677758
9789350893579
9789388277723
9789349703407
9789388149976
9789377410988
9789386323613
9789387308718
9789358260601
9789355543585
9789392878503
9788192295152
9789351674351
9789391841997
9789377410964
9788177893649
9789390557127
9789392618758
9789377410957
9789355793355
9781429101806
9789357554367
9789352832293
9789349006898
9781429115636
9781429108089
9788194126904
9789377301491
9789394644342
9788189541903
9788184773620
9788168731608
9789387880429
9789387758667
9789379848895
9789348104403
9788168731622
9788168793507
9789373013862
9789387880542
9789354464393
9789360548230
9788181802712
9789373171883
9780195677706
9789387880436
9789390607273
9789390213467
9780195609127
9780143445333
9780198090755
9788198482457
9780198090861
9789394987814
9789389798029
9789391239879
9780061733390
9789359487601
9789359487939
9780843123050
9780373684434
9789371052191
9788187251866
9789351755630
9798123909539
9788189403140
9788170332978
9789369614417
9789380743660
9789354338212
9789354338700
9789362734624
9780199457397
9788189866877
9780195692150
9789326198691
9789325969063
9789380051673
9789352621187
9789352621590
9788131791196
9788170086574
9788174829870
9788173704727
9789388104227
9788173704734
9789378169557
9789365571226
9789381638637
9788123442525
9789354952890
9789326198660
9789350642047
9789350381298
9788122413212
9780199457533
9780198091707
9780195688276
9780070612549
9789352530885
9789352023431
9789351428282
9789350977736
9788123429557
9789386575227
9788196463472
9788186332856
9789354337970
9788131763605
9789352623501
9789350374139
9788123442877
9788130919560
9788130919133
9789838998154
9788188237081
9780199481828
9788121924689
9788170330547
9789386008749
9788466212496
9789353624101
9780671579678
9780198063209
9789350366646
9780195670776
9789386390899
9781416901303
9788199534346
9780195698053
9780689846540
9789382038375
9780689878527
9780195696486
9789334451313
9788194525516
9780195677690
9789357029049
9789373353050
9789357028608
9789357027748
9788129135261
9780198090748
9789356739901
9789357026666
9789365235869
9789357027984
9788194743347
9789387944701
9780190131661
9789370036420
9789355544117
9788187549666
9789352832309
9780195667158
9780195678864
9780198067245
9789377511715
9789395260879
9798888695470
9789387015784
9789352038152
9789370021549
9789354337871
9789365575835
9789381430699
9789698646479
9788170944737
9788169225380
9789362078001
9789362076793
9789350945919
9788181372727
9788170947431
9788170946533
9789362071224
9798901362297
9789387853164
9789390352586
9789386345486
9789839154191
9789990329889
9798888055373
9789350893500
9789350944325
9788178128290
9789350946152
9788173713644
9788174763662
9788121909396
9788121911894
9788122436464
9788125006855
9789390352418
9788129200808
9789352532452
9789352534470
9789390436200
9789350834244
9789385676857
9789384915803
9780199485758
9780199596416
9780198094937
9789350366509
9788129812292
9788131709955
9788180546433
9788183327480
9789350362242
9789350271957
9788183327312
9788177394467
9788175080072
9788177000405
9789361808890
9788181377074
9788182960299
9789350366493
9789362078667
9788189411237
9788188458950
9789390436194
9788190692991
9788183795692
9788183579834
9789362834638
9789363193253
9789311123721
9789362860651
9789362860101
9781403931184
9781637149089
9789350131572
9789350366486
9789332516571
9789327213775
9788183324441
9788182961951
9789390659142
9789391041380
9789392379093
9789311121604
9789392935558
9789354954740
9788183324458
9798902960669
9789351416333
9789354955457
9788194869160
9788195660421
9788178557489
9781637452981
9789311121352
9789362861146
9789325980044
9788119412778
9788184028027
9788184770520
9788186877753
9789390436019
9789313166153
9788172112639
9789357555135
9789357266567
9788183579643
9788183559188
9788173704703
9789392379185
9789352831005
9789352626878
9789352624553
9789352603916
9789351870814
9789352038169
9789351445869
9789351424420
9789359624648
9789361803345
9788131771938
9788127203511
9788126023301
9788123916811
9788123904665
9788121917124
9780195694536
9788170083108
9788183333122
9780199479726
9788126022755
9788185421438
9788185683119
9780074636299
9780199460427
9788183332385
9789388022446
9789387484290
9789353675684
9780195692297
9780198066132
9788173280450
9788177644890
9788185731643
9789386179777
9789370784796
9789373940335
9789370788107
9789381595992
9789385888380
9789386179654
9789375442202
9789389480795
9789389418279
9789388642231
9789351415459
9789350947487
9789311121697
9789386209825
9789389951004
9780070606142
9780143414711
9780071077521
9789380262796
9789380262680
9789352831159
9788184929775
9798889757764
9789363116405
9789378162428
9789380480749
9781513695587
9789353496142
9789353497507
9789385827952
9789386328441
9781513695525
9788896325131
9789385827648
9789385827754
9789353494513
9789353492762
9789351952237
9789391067694
9789390782109
9780198063193
9780143460145
9780199460434
9789380480916
9788171798780
9780906149010
9780198069737
9789387045316
9789390490707
9788198052391
9789351200147
9789388478458
9789350580646
9780195694765
9780195664805
9780425155240
9789355793348
9789357550758
9789382108931
9788172343514
9789386313362
9789392549885
9788123922690
9780195691818
9789325980099
9789370781962
9780198063186
9780141439488
9780070616042
9788130919584
9781841611464
9781545703120
9781403928597
9780721449463
9780721427102
9780199461042
9788196093150
9789390116188
9789351424277
9789352026098
9788170089513
9789380502465
9780195677683
9789362076960
9780198090731
9789352831142
9789352028610
9789386853134
9789334301915
9789362070722
9788174091802
9789390638567
9789391913946
9789355770165
9789357364768
9789385217166
9788173713019
9788131763162
9788182966574
9789385217180
9788119661848
9789382956341
9781429125857
9780195696479
9789356730311
9788183327138
9780195665215
9780198069744
9780198093787
9780195670769
9780199481279
9789393767387
9789373593418
9780198081975
9788125027850
9788182966444
9788125048305
9789362070913
9789366400389
9788899843489
9788189221577
9788189129019
9788189000684
9788184833881
9788184748925
9788177393224
9788177210828
9788190284103
9788170703303
9788186852620
9788186651650
9788170703310
9788170750079
9788181371850
9788181372291
9788170662761
9788173714078
9788173914751
9788181840226
9788178553078
9788178553894
9788177022995
9788179503690
9788179771068
9788170703327
9788176486705
9788176485050
9788176463423
9788170706786
9788170545026
9788170563617
9788186413272
9788186270752
9788175155985
9780174300397
9788187380658
9788187380665
9788183688314
9788183795067
9788186982952
9788183324434
9788182960886
9788183683524
9788171981090
9788185990712
9788185733883
9788185712789
9788185053370
9788184450859
9788184303223
9788187380535
9788187169284
9788187125822
9788183682848
9788177393392
9788177393385
9788182960282
9788181913401
9788188082650
9788187887010
9788187649342
9788187603009
9788194345695
9789382459972
9788184302301
9788184027662
9788184027525
9788184020939
9788188322190
9788186562673
9788186773116
9789380827162
9789382381419
9789382428015
9788194137917
9780143028437
9780140288193
9780140282139
9780140279184
9780140249941
9780071074841
9780199459483
9780199459476
9780199453214
9780199462520
9780199462513
9788171560776
9788171427963
9788188789221
9788171422418
9781684871032
9781680306774
9788123433103
9788123411361
9788121404914
9788120831049
9788126129928
9788126124534
9788181371003
9788181370570
9788180521980
9788180460883
9788171426508
9788120736368
9788131245880
9788131245873
9788131020821
9788131020760
9780198093794
9788173712371
9788131300510
9788131245897
9798902317128
9798894462349
9798890665485
9788131302804
9788123443867
9780140278446
9780140270211
9780198095798
9780198063728
9781685387808
9781685541033
9781761346866
9780143030300
9780143103233
9788131023747
9788131023730
9788131023242
9788131021101
9788123905020
9788131302170
9788177568448
9788177566338
9788175154544
9788174320568
9788170821519
9788170750161
9788172296520
9788172291419
9788172154776
9788172153526
9788176253437
9788175810778
9788171566969
9788172939823
9788173704673
9788173704635
9788173151781
9788173094385
9788171088997
9788170822387
9788172544805
9788172543167
9788130920122
9788129500854
9788128832024
9788128024023
9788172150815
9788171561995
9788172734626
9788131006252
9788131001370
9788131306390
9788131306123
9788131304501
9788131302323
9788126711291
9788126708048
9788131300930
9788131300770
9788170285571
9788170272441
9788177697032
9788170147121
9788131020678
9788131018019
9788131804254
9788131306475
9780545034678
9780199485741
9780199484713
9780199481156
9788131301425
9788131301371
9788175310650
9788175156401
9788177697667
9788170189596
9789352530533
9789352022922
9789351133070
9789350945520
9789350684016
9789350484425
9789391812522
9789390486007
9789375442578
9789373890289
9798889514657
9798887722061
9798887175003
9798184193816
9788120737914
9789352666249
9789380712406
9789380545417
9789380408651
9789380283555
9789380051628
9789380044095
9789350366585
9789380032405
9788126317660
9788126010653
9788131305485
9788131305003
9788131304273
9789350172223
9788171567232
9789370785977
9789363339521
9789362834171
9789361808302
9789380044057
9789382174561
9789355231574
9789352830190
9789373890142
9789371185837
9789386209832
9789385982163
9788172542894
9789387320642
9789384788445
9789348555618
9789327244328
9789327225792
9788897443315
9788897242215
9789361801631
9789358578348
9789389893496
9789388537100
9798176932324
9798131800392
9789836803160
9789395635783
9789387567184
9788172542108
9780199483341
9788173665271
9788173153914
9788125910855
9788125910800
9788124312261
9788122007091
9789394829381
9781684873289
9788131907740
9788131306284
9788131306086
9781637813515
9780982020012
9788131304143
9788122002713
9788122000283
9788121929691
9780199462537
9788120775183
9781983128479
9788126009893
9788125908944
9788124109267
9788123917931
9788169277860
9780199453245
9789393876126
9780199462551
9798904311520
9788122005233
9788122005462
9788122003420
9789384089818
9789383700387
9789383186013
9789383051472
9789382877097
9789382428022
9788129502582
9788127214487
9789386500168
9789386433718
9789388277495
9789388050821
9780199483358
9789387812352
9789381348178
9789384197148
9789387320598
9789386729804
9789392593161
9789392419799
9789392379239
9789391968076
9789382348184
9789386555298
9789393757210
9789392593963
9788120729407
9780768905106
9789387840065
9788187414070
9788185930060
9788185880532
9788185830155
9788185828589
9788178900315
9788177290189
9788187321170
9788187100997
9788186852736
9788186852408
9788187540205
9788187528234
9788186232385
9788172331245
9788190896535
9788189487409
9788189301200
9788188134847
9788170331902
9788170247586
9788173153600
9788173150289
9788173018763
9788172732363
9788170221593
9788170086680
9789350684191
9789350237090
9788186026083
9788193787915
9788192692814
9788192408804
9788192215341
9788188039142
9788188039036
9788190651370
9788190295383
9788195549283
9788195366637
9788195366620
9788194359722
9788188890675
9788188849215
9788187415435
9788193865354
9788183615631
9788183615181
9788183612401
9788183327473
9788190995306
9788190804035
9788177210002
9788176489928
9788185316260
9788185167107
9788185163581
9788185116334
9788175811133
9788175244443
9788193994801
9788131600269
9788131307281
9788131307045
9788131306918
9788196950576
9789350366561
9788185421292
9788185316376
9788170243410
9788170235958
9788170229988
9788170222484
9788184670295
9788184040487
9788174966148
9788170000129
9788171563180
9788171003006
9788170551324
9788170543541
9788131306352
9788185475783
9789382174349
9789381979303
9789381920534
9789381920176
9789381348444
9789381348215
9798179480570
9789381162743
9788170080916
9788174765017
9788174463388
9788173871788
9788170541158
9788170443025
9789388922166
9789385140815
9788176488013
9788176487276
9788176340328
9788176296809
9789380712901
9789380408088
9788175244429
9788183712736
9788183683531
9788182910669
9788181431141
9788179751565
9788173871504
9790143099665
9789350366547
9789350364765
9789350364512
9789350364505
9789350176634
9789350172711
9789385676840
9789385039096
9788184040036
9788175224995
9781741859263
9788172450694
9788172735982
9788177228663
9789350492352
9789383067039
9788184000856
9789350492109
9788174826367
9788174829986
9788176603324
9788193654033
9781741859249
9788899616465
9789347971297
9789348995124
9788179928431
9788181902443
9788182521827
9789350291474
9788177225402
9789351362302
9789355993151
9789377303327
9788189906405
9788189934637
9788191073003
9781742021393
9781843327615
9781848120976
9789348995452
9789348995810
9789350135723
9788126502585
9788172239138
9788177226201
9788177227956
9788177228076
9781741119596
9781741119657
9781741503715
9788128614729
9780007527731
9788128614743
9788128616259
9788128616303
9781848371286
9788119064380
9788122487053
9788131723371
9788184951486
9788172865252
9788174820129
9788174823465
9788128614675
9788128614682
9788128614699
9788177222395
9788892224803
9780070660533
9780143067375
9780143100386
9788128616327
9788131503775
9788131722459
9780143418160
9781406266443
9788184955385
9788184955750
9788184998054
9780007282531
9781402779596
9780857071781
9780143331131
9780143332930
9781402779619
9781405052900
9780143335887
9781406212549
9781408307991
9788126506484
9788128614736
9781405054294
9781409302261
9781609947095
9780333947357
9780753419403
9780753419496
9781741859218
9788131723357
9788131723388
9781405357982
9781405930109
9781403924919
9781403926708
9781259005060
9780723294313
9789390679379
9789378166167
9781403922335
9788131723333
9788131723487
9780143415251
9788131900581
9788131723524
9788128614637
9788128614460
9788126544073
9780143427353
9781402774782
9780007352685
9789382299592
9789377514945
9788131723326
9789831362723
9788126512195
9789385254062
9789389012804
9789388701952
9789381639306
9789389173871
9789831364390
9789386791351
9788131723418
9788131723425
9780333935453
9780330453417
9780230750548
9789384898922
9789378167799
9789380848839
9789831363898
9788131723401
9788131723456
9788131723463
9789392536915
9789654941648
9789390515585
9789390436989
9789356937710
9789390436026
9788178669601
9789365579062
9789352621026
9789353675646
9789351420071
9789355961136
9789354955020
9789350519813
9789352028238
9789390436163
9789390436552
9789350513064
9789363556539
9789353679248
9789353675752
9780333926598
9789352625963
9780333934586
9780333935378
9781403922533
9788467516364
9788171376278
9780198063919
9780198063902
9788173178016
9789390582440
9789386900708
9789383758487
9789814399586
9789814399593
9789355793324
9780198063926
9788131014691
9788172864484
9788131312704
9788129114518
9788129114495
9788129112835
9781403909923
9781107628953
9780812916942
9780785816485
9780782129045
9788131512814
9780670894321
9780670888405
9780670081844
9788170202622
9788170085874
9788129115584
9788170083504
9788131802847
9788131770993
9788131723395
9788170998808
9788120318854
9788128825750
9788128809378
9789383202942
9789388395977
9789386634115
9789385556081
9788128635779
9788128612657
9788129108623
9788129103437
9788129105189
9788129104038
9788129104021
9788129103932
9788129103857
9788120323599
9788130919775
9788130918266
9788130915500
9788129119148
9788129106407
9788172253189
9788174766595
9788174766496
9788174765048
9788174731678
9788174730077
9788173812637
9788173710964
9788173710223
9788176357616
9788175966505
9788175960589
9788175156524
9788170403746
9788175152939
9788175150409
9788174969811
9788131312100
9788131311622
9788131310267
9788131309582
9788131309551
9788131309285
9788131300947
9788130919836
9788180618147
9788180616402
9788180611711
9788175156326
9788170299110
9788170289296
9788170288718
9788170288107
9788170284475
9788170234036
9788171858705
9788171679959
9788171679621
9788171679614
9788171678549
9788171675203
9788171671908
9788172453473
9788127255855
9788127219222
9788126712861
9788125932550
9788125932536
9788125042129
9788124202036
9788124117026
9788173704666
9788173191121
9788173142642
9788173142635
9788173101472
9788172866556
9788171671786
9788185989150
9788130907741
9788174467034
9788174763228
9788123905921
9780521152136
9788125901884
9788189474317
9788188458592
9788188237302
9788131309216
9788171567843
9781569571217
9788131310724
9788131310120
9788131309261
9788131309247
9781403929167
9781403928115
9780007309757
9788120400313
9788120326880
9788120325289
9788172232726
9788171859078
9788171793389
9788131310861
9780070585270
9780070584372
9780070584143
9780070402652
9780670049547
9780521898805
9788173101540
9788172454203
9788172252489
9780007277858
9780007272310
9780007272280
9780195642636
9788186830550
9789350177808
9789350123942
9788188129942
9788187818748
9788187782513
9780333917619
9788176357401
9788175967106
9788131309131
9780861318018
9788187248224
9788186852521
9788186830659
9780195630268
9789814147590
9789380517629
9789380514260
9789380444253
9788120784833
9788120327177
9788120325616
9788120325272
9780195694734
9780195647945
9780195475128
9780143101758
9780143029816
9788171673711
9788120325241
9788120317130
9788120315044
9788120313705
9788120312494
9788124101346
9788123906133
9788123902623
9788123432724
9781863433648
9781861877253
9788178990569
9781403929457
9788120325258
9780141008103
9780074518656
9780074517161
9780070699403
9780333933381
9780199490615
9780199465200
9780198744917
9789390128273
9789389188264
9788177647778
9788177641509
9788177270181
9789836803061
9788176559706
9788185330174
9788185135748
9788184312911
9788120327139
9788120326873
9788129103352
9788129103345
9788129103239
9788129101686
9788120325180
9788120323919
9788176490801
9788176710299
9788188575558
9789380403151
9789380298634
9789372121186
9789364407762
9789382394310
9789381791073
9789381576298
9789393689252
9789381283103
9789381115312
9789380834146
9788178990125
9788188811991
9788188811489
9788188661763
9789810164508
9789382665168
9788121615785
9788124204009
9788124202098
9788175964365
9788175963368
9788175411845
9788129109347
9788129106278
9789380739113
9788192496634
9788192023908
9788191035537
9788190710459
9788190710428
9788190575072
9788190801805
9789327261042
9789327256314
9789327254389
9789327254310
9788189988067
9788189988012
9789380658421
9788190801829
9789380408163
9789348137968
9789348137630
9789348137593
9789327287844
9789381376003
9789352604630
9789352035588
9789350948729
9789350681008
9789380710396
9789380710082
9788189757748
9789351526193
9789350593073
9788184000696
9788183332200
9788181282958
9788178990279
9788178840178
9789387499089
9789384170134
9789381752043
9788131305348
9788131301746
9788131301111
9780143027973
9788170127451
9788131311264
9788190710404
9788190125772
9788178294681
9780333965146
9780195694710
9780195679991
9780195663501
9780195653175
9788131307113
9788131306871
9788123909356
9788171565535
9780141007755
9788129102454
9788129102263
9788124202081
9788123926001
9788129103215
9780070671928
9780007473328
9780230525054
9780198061915
9788129114723
9788129111050
9788129109743
9789380027173
9780143031802
9780143028185
9788129101327
9788127227180
9788125913733
9788125911708
9788129103253
9780971716711
9780521012607
9788178294674
9788178134826
9789380408002
9789380154459
9780143099949
9788187981480
9788187981459
9788187981220
9788187981039
9788187649861
9788187138969
9788187075554
9788187057444
9788188234356
9788187981725
9788178124698
9788178080543
9788177663273
9788193237656
9788176561792
9788176494205
9788176490115
9788176490061
9788184191073
9788184121841
9788184091038
9788184082487
9788184081442
9788184000702
9788185860817
9788185860596
9788185567020
9788177643558
9788131308981
9788178883335
9788178240282
9788178190778
9788183220088
9788182966611
9788182837232
9788182742840
9788182090637
9788181501103
9788181472939
9788181320070
9788183823340
9788171872381
9788183578868
9788183511612
9788183415453
9788183335249
9788183333894
9788183330008
9788172252076
9788172241155
9788172234393
9788172233679
9788172233372
9788172232696
9788172232269
9788183795968
9798128819956
9789350352250
9789350260289
9789349373532
9789362862327
9789357824873
9789357824835
9789352668601
9788190841160
9788190805827
9788186299333
9788186190531
9788186190449
9788185461311
9789327251265
9789327245912
9789327243505
9789327212884
9788190280600
9788188479825
9788188405008
9788188339181
9788188297016
9789393757135
9789393689276
9789393689269
9788189131050
9788186112526
9788184953039
9788184775594
9788184766677
9788184430196
9788186939437
9788186898017
9788186804759
9788186299517
9789382562467
9789382560630
9789382503569
9798179925958
9789393689245
9798129102453
9789389195873
9789388594103
9798128809377
9798128805232
9789812655516
9789348995537
9789709726497
9789709726459
9789709726398
9789394739215
9798185185100
9798129106826
9798129103504
9789393459961
9780671550776
9789348995674
9789348995131
9789352203413
9780198099710
9780689859533
9780195676976
9780486794839
9780198063667
9789380942094
9780198099703
9789348995056
9780789903815
9780198081968
9788173177705
9788194042129
9788184773538
9788174142337
9789386519535
9788170584674
9789385436277
9780198099727
9789383815272
9788197016837
9789380257082
9789380480190
9789392330124
9789392330100
9788125601326
9789365903218
9789365900279
9789363550445
9788168676190
9789391943738
9789394644915
9788170237266
9788122442984
9789391841423
9789362078223
9789359489131
9789394644526
9798885694308
9788183570688
9789395268226
9789383811038
9789392837722
9789391277918
9789357824798
9789380712161
9798887173917
9798886842487
9798902960126
9789388809870
9789386179715
9789351443384
9788182961937
9788131804643
9788131805701
9788170709763
9788172112615
9788173710865
9788175981249
9788177392340
9788178123318
9788178556291
9788178990897
9788181377166
9788182960985
9788188849536
9789360590093
9789360591069
9789360591212
9788193992050
9788189485917
9788189511081
9788186877616
9789384091859
9789384248666
9788184243840
9788184020083
9789350836781
9788185240985
9788186177464
9789382648291
9789381004111
9789385935237
9789384852559
9789385244681
9789351416258
9788184671360
9789352030897
9789385676833
9789352513369
9788186906088
9789355945525
9789352513383
9789352513376
9789350946121
9789383440344
9789380712048
9789370028319
9789385244728
9798885553582
9789380644646
9789384028640
9788125004899
9788123445663
9788123431604
9789352031016
9788122433890
9788170943389
9789350718704
9789350518373
9789350517048
9788131802571
9788120759312
9788120758414
9788120412750
9781648993053
9781648991738
9781648925610
9781646783168
9781642492408
9781638737766
9781637142349
9781589253629
9781545711668
9788121602587
9788188230334
9788131763209
9788128010972
9789077256190
9788194334866
9788121936101
9788190172677
9789347764004
9789311126869
9789388537322
9789388537094
9789387330344
9789386835444
9789387253513
9789388104319
9788185316482
9788188429356
9788182965652
9788182965287
9781638501237
9788177643008
9798904314958
9780198094913
9788121611367
9798903627912
9788121909259
9788121931847
9788178557120
9788177391619
9788127203269
9781646784714
9781846841453
9788187782520
9788188125043
9789388701174
9789352743209
9789351422655
9780199478026
9788182965270
9789351441199
9788131506684
9789389446883
9789389420319
9798888490259
9798887333335
9798887333229
9789360596262
9780195686432
9780074633489
9788125032496
9789360595548
9789360597498
9798899294617
9789360596064
9789360595401
9789360592226
9789389750638
9788170224747
9788170083559
9788189004637
9788172252298
9789360595227
9789360594619
9789360593292
9789385879005
9789385935190
9789384028671
9789352023578
9788123417417
9789357557368
9789357824828
9789351762454
9789351766780
9789351868705
9788183327374
9789352023226
9788122440294
9789325978409
9789325987456
9789327236354
9788125031703
9789348948038
9789350123171
9789350237069
9789351449003
9789385935251
9789386179432
9789386179548
9789352023219
9788121940436
9788122204223
9789311121611
9789350946794
9789350947418
9789350974643
9789350979860
9789351214410
9789351404552
9789389893724
9789350235218
9789384028794
9788123423012
9780199460410
9780199484706
9788122407280
9788186469088
9781429124812
9780893287597
9781429191180
9781429191166
9788186469125
9789355741820
9780893287535
9780893285623
9780893289065
9781429106016
9781429119221
9781429115308
9780198083146
9781429101394
9781429115223
9781429104319
9780195638172
9780893285579
9781429103855
9781429102971
9781429101714
9780893284718
9781429113939
9781429106924
9780893287436
9788186004609
9789348995384
9789348995773
9781429107709
9780763778569
9789348995766
9788170589402
9789388074797
9788196289294
9789371203036
9788182522039
9789382578925
9788131730201
9789362071187
9788194116882
9789393088338
9780195685541
9789377133818
9789354800528
9780198063162
9780195679731
9789356067356
9789387925946
9789377138943
9780195698022
9788169235037
9788120915091
9788170088523
9780230328761
9780199455546
9788174762511
9789838998697
9789384447946
9789352605736
9789352534234
9789312141298
9788187433156
9788185749495
9788175154803
9788188458301
9788125902539
9788122413328
9789385217296
9780070699434
9788122401455
9780070473744
9789385155277
9789385155284
9788199253650
9789325982123
9789327222715
9788180450358
9789388395144
9789812555533
9788131719008
9788130924762
9788131767108
9788186211366
9788185421162
9788184952100
9788181890283
9788184248555
9788199253629
9788195992461
9788186224922
9788194229582
9788193016985
9788193016978
9789385217364
9788190172691
9789378160707
9789385217302
9788179932186
9788179932155
9789385155253
9788199050969
9789368405061
9780333932483
9781107658943
9789356738102
9788123903606
9780195665123
9788194229568
9788180450228
9781403909909
9788188849239
9788123430508
9788123901411
9781107698567
9781107659605
9788185018362
9780070663008
9789385217371
9788125041184
9789385217340
9789385217357
9788175441705
9788170086604
9788126049738
9788131763193
9789385217395
9788131802267
9789389693331
9789389918625
9788173813924
9788173812187
9789385217388
9789812553096
9789831362969
9789385217333
9789362866431
9789385155260
9789349905443
9789350580660
9789350412114
9788185475240
9788183483155
9788180613586
9788180541827
9788173815508
9788173177644
9780195638165
9781567183511
9780198063896
9780198063889
9780195694697
9798886847628
9789355355430
9780199468676
9780198081944
9789378164767
9781630419493
9781429117616
9781429118705
9789386500090
9789386711014
9789387253445
9789389962208
9788195772520
9789380097053
9789381577523
9788187629047
9788188888016
9788190474894
9789327246568
9788175412736
9788175412903
9788175963344
9789385676888
9789327228007
9788188360031
9788183572880
9788183576338
9788184020779
9789350835883
9789393796066
9789394212008
9788197248238
9789350979082
9788184673890
9788184827071
9789812141743
9798885550062
9798885556736
9789381113653
9789381348345
9789381404027
9789382322535
9789382705116
9789361804786
9789350944110
9789387320727
9789387672369
9788184026313
9788184314458
9788182960701
9788182962071
9788182966048
9788185421414
9788183332064
9788183334792
9788183415446
9789387320710
9789355664532
9789357034197
9789387840287
9789389649130
9789389693324
9789384638139
9788185116303
9789351424536
9788187380719
9788187972907
9788188040100
9789352028627
9789350364741
9789350364758
9789350680926
9788176290302
9788176291705
9788176294232
9789362868992
9789370315310
9789380097640
9788183332057
9788183571906
9788182960305
9788174822895
9788175258181
9788193913185
9788123408859
9788123420189
9788123779645
9788173358227
9788190082716
9788190774642
9788192267081
9788193189375
9788175981041
9788184043631
9788184121896
9788184154115
9788176296960
9788176330053
9788171853700
9788173012501
9788174091543
9788188661121
9788189415006
9788177869460
9780195695267
9780198082118
9780198082125
9788178554341
9788178554624
9789350945612
9789350973318
9789380743073
9789350979099
9789351200116
9789351416357
9789386179630
9789351649236
9789352021277
9789352027262
9789387320703
9788123011707
9788122903409
9788122504668
9788122422528
9788121941525
9788176567039
9788176566155
9788176564038
9788181377760
9788181371775
9788178556857
9788124110379
9789393692320
9789387840294
9788124112762
9788124113189
9789390120314
9789391093068
9789391093327
9789393692030
9789383137350
9789394521629
9789387840300
9789389627633
9788899841782
9789311121628
9789311124568
9789311128863
9798885213721
9789334376555
9789350362884
9789389750478
9788124113219
9788120716735
9788121936354
9788121940429
9788131515945
9788131533321
9788170129356
9788170709657
9788125011866
9788125915485
9788126310401
9788170234388
9788170541349
9788170588320
9788170601180
9780070146877
9780198099376
9780199469222
9780199484690
9780230322578
9788176562737
9788170709664
9789395941679
9789812141682
9789383186693
9789383758005
9789384486358
9788124113196
9788181377791
9788181984784
9788182091016
9788170640851
9781429103831
9781429102063
9781316603895
9780893289409
9788177642759
9788177393217
9788176569767
9788176567183
9788171426515
9788171194148
9788170296638
9788170237174
9780893285234
9780893286897
9781429107341
9788170295846
9788123906645
9788181280619
9788176638777
9780333936627
9781648697463
9781648928529
9781647330170
9781636690568
9789351872795
9798902960133
9798889514206
9798902695219
9788170163992
9788170164623
9788125911814
9798888498019
9798886064209
9798888498385
9798902965398
9798887040509
9798887835211
9788176562096
9789381957677
9789383052318
9789387333307
9789387484511
9789814237635
9788185229386
9780687645718
9788170172239
9788178125572
9788178126302
9788178551869
9788120400986
9788170295273
9788170541301
9788174886811
9788176563901
9788176566285
9788123782126
9788123420110
9788123405155
9788122508161
9788122411720
9788122000276
9780074622179
9780070435834
9788175412651
9788190898799
9788180560880
9789380422138
9789380422091
9789377137113
9789347971037
9780893286934
9788121616812
9788175154469
9788899619145
9788184098280
9788190898768
9789380422213
9789380422343
9789390782338
9789831362044
9788123912844
9780198094500
9788131763216
9780198072836
9780195657548
9780198090823
9789382578987
9788192872575
9788129104557
9780195698008
9780198063865
9789369576579
9798128808332
9789389323641
9789389082395
9789812548511
9789812552365
9789831362976
9789380152677
9789380152288
9789381438381
9789381390641
9789380848884
9789380834191
9788123714127
9788123429984
9788123405223
9788122904109
9788121911450
9788121902625
9789380097299
9788120743526
9788120727212
9788120325197
9788120323889
9788123912448
9788127224400
9788126913114
9788126912971
9789380152271
9789380108629
9789387949096
9789378166532
9788120907300
9788126706570
9788126426768
9788125907787
9788178092706
9788183451321
9788182523494
9788182523456
9788181910448
9788180610257
9788180560033
9788180314353
9798128818935
9788180140372
9788179925461
9788179923108
9788178664231
9788178093567
9788178093109
9788178092935
9788175541665
9788175381049
9788174830593
9788174762849
9788175736993
9789387903388
9789380152684
9789387484238
9789386634108
9789386381736
9789386313133
9789385982019
9789385827228
9789385534089
9789384469382
9788131802465
9788126719174
9788131508572
9788173713316
9788173713224
9788125907367
9788125006619
9788123926766
9788130924755
9788129711830
9788129706386
9788129201720
9788129200853
9789831364437
9788131761717
9781861875990
9781842399057
9781564762542
9780857511195
9783990000045
9781905130665
9781861875969
9789380152721
9781861875198
9781846344299
9780143429791
9780070699410
9780070080508
9780007473304
9788171547081
9788171197705
9788171191963
9788171003334
9780143335559
9780074639542
9788183220637
9789831364413
9781846341588
9789380152318
9789353431808
9788126451777
9788125943235
9788188867752
9788188458509
9788188267644
9789381002551
9789380868905
9789380834009
9789380601595
9788173011818
9788178089690
9788177644388
9788170331469
9788170087205
9788127207427
9788126909186
9788174762436
9788174762405
9788174463111
9788173710315
9781861877550
9789380408675
9780143335535
9780143104032
9780070612464
9780070583672
9780857511188
9780706996241
9780670912360
9780333936412
9788185273167
9780070091504
9789382993766
9780000123220
9780195670004
9780195629804
9780144001392
9788174464606
9788185316338
9789391093648
9789390515684
9789390515233
9789389693317
9789380408637
9780000212818
9789382428343
9781861876553
9789381348017
9788185185149
9788185182476
9788184450828
9788184082296
9788183483100
9780230532052
9780199469253
9780199462544
9788122312751
9789393692979
9789393689153
9789392593321
9789810775735
9789810195274
9789810195267
9789654941426
9780195673975
9788120321885
9788120319400
9788120317284
9789395268394
9789350590751
9789350460368
9789350359808
9788190172684
9788189934057
9788189253813
9788189200534
9789327243536
9789327230437
9789327229172
9788196950521
9788176060820
9789373890067
9789363311480
9789362071354
9788190223768
9789383562978
9789383225828
9789383225804
9788187380962
9788187075196
9788185880785
9781861875341
9789333204033
9789377515676
9789355960566
9789353679811
9789353496456
9789353490355
9789352830824
9789352830817
9789352782703
9789352641635
9789352622900
9789352616268
9789352020249
9789350640135
9789351778875
9789351428640
9789351411024
9789351037040
9789350947463
9789350945568
9789350682838
9789350641118
9789350640616
9789350640579
9789350640494
9788190801621
9789351867135
9788179773239
9788122406153
9788122403787
9788122400717
9789351525752
9789382428251
9788121924184
9788121922470
9788121921626
9788120727199
9788120727182
9789327238891
9788120325630
9788120324923
9781846340925
9788123429205
9780333931424
9780230328860
9780199485727
9780199481811
9780198097471
9780198067108
9788121610155
9788120727205
9788120719309
9788190461139
9788189919917
9788188266999
9788188237135
9788188140855
9788187837022
9788187575177
9780000120816
9788125903680
9788124202630
9788123760148
9788180610547
9788176637909
9788176485685
9788175544246
9788175242432
9780195662580
9780195652451
9788125919346
