9788189901028
9788189913083
9788189917661
9788189979096
9789357365406
9788189979102
9788183241083
9788186976708
9788186099063
9788171771837
9788172762988
9788173192548
9781841495897
9781841496139
9781841496238
9781847441898
9788119112333
9788192735726
9789350244210
9788176298858
9788126106059
9798181890695
9789388875080
9789388757294
9789387257634
9789384934729
9789385722899
9789383026296
9789382215837
9788188836802
9788176259958
9788176259248
9789380164588
9788181921345
9789380013176
9789382319603
9789381575642
9789387945999
9789384161293
9788170690047
9789390831203
9788183180856
9788183186636
9788183294492
9789387994119
9788184201673
9788184451030
9788184887686
9789382215509
9789382215523
9788170891185
9789382036531
9789382036555
9789355646743
9789354568282
9789391247959
9789380376035
9789380937205
9789380642758
9789380801230
9789380937175
9789380037035
9789380096636
9789380096728
9788190674836
9788190746113
9789380963587
9789381052273
9789352021666
9789354562143
9789353166892
9789352730773
9789356760325
9789358400489
9789380239644
9789381465554
9788187815143
9788185067957
9788190474122
9788185822518
9780195476439
9780316028219
9789373899787
9789382171188
9788188805723
9788186099889
9780752853598
9780316728416
9788171792900
9788126560677
9788176291163
9788173918476
9789351445005
9788131728925
9788170003069
9788170367963
9788171005390
9788171326211
9788171771431
9788176292153
9789388875165
9783873481015
9789380376219
9789382215561
9789383026524
9789383026555
9789383026791
9789383028528
9789383318087
9789381575185
9789352024322
9789381575284
9789381575390
9789381575512
9789382036432
9789381575215
9788181921369
9789382215431
9789382215134
9789389461718
9789380376011
9789381465059
9789356733602
9788190893503
9789339204211
9788190440455
9788189582012
9789350356760
9789350517659
9789351766544
9789351766575
9788189253820
9788189582500
9788189582722
9788176116633
9788176113465
9788175885493
9788175084230
9788181921338
9788180302909
9788180302886
9788189582036
9788189582531
9788180302855
9788180302763
9788179060100
9788178885414
9788176299091
9788187815723
9780613529259
9788184897821
9789363336803
9781435246362
9780767931953
9781563897467
9781440500831
9781563897535
9789349703384
9788131220894
9789352602193
9789685366427
9781846851896
9789350357033
9789334423877
9789325298354
9789362523211
9789352832804
9781904468035
9780785831181
9780613277068
9780618230457
9781417705047
9781859746400
9789364311014
9781889999395
9781904623090
9780600619406
9781848184091
9781605500270
9781569718582
9781402212703
9780979107962
9781848561489
9780613276252
9780899240916
9781845297374
9781934360224
9781847161673
9780746097717
9780844742762
9781847160928
9781845762599
9781902227757
9781770921139
9781770921122
9780811863674
9781848566408
9781846164330
9781848562301
9781848560932
9781847161697
9781905506156
9781577316114
9789386629036
9789382215325
9780718123567
9780844608457
9788169001182
9789382215370
9789362019998
9789350944066
9789369144273
9788193841150
9780009333507
9789363338739
9789378529870
9788126571345
9781403384010
9780373582976
9789355743091
9789378802638
9789378801839
9781855765689
9781606937648
9789389767698
9789351877721
9780000664570
9789390347940
9789394402430
9789348149121
9789363334052
9781906356033
9780984187010
9781439553459
9781417769452
9781439531150
9780952489764
9780965207508
9780954029869
9781408520284
9789353041021
9789370022843
9781907009013
9781439517208
9780739043806
9780071068017
9780433204510
9780263769869
9789327240214
9788199061217
9788194277101
9789393056740
9789392791697
9789389750348
9780071425872
9781535280242
9789388750868
9788189979119
9789350711859
9781439510612
9789386860125
9789391465278
9788170333586
9788121619349
9788182965706
9789352136704
9789350230558
9789385616785
9789355734235
9789355734907
9789350718520
9789395483322
9781578151554
9781435200050
9780613220347
9789392175091
9780439457477
9780804815109
9781290484466
9789348080752
9781853756801
9789351292531
9788189635268
9788197639098
9789348457455
9788188719303
9788126517497
9788181921383
9789380937595
9789324197573
9781584765554
9781138565678
9788171773060
9788171797899
9788170338505
9788178885483
9789381465080
9789332518100
9789380191324
9789348179043
9788187162704
9788180612015
9788126517480
9789385528156
9781236686985
9788187250555
9789385155215
9789386310590
9789388548359
9788172240257
9788170002758
9788131601280
9788131207437
9788131513743
9788180613944
9789373890401
9789393068583
9788184290110
9789350237519
9788131513804
9789388599115
9788123919010
9780073024912
9780071006712
9780099504870
9780955676413
9781583240250
9781592235919
9780618379644
9789370025592
9789378520006
9789334049756
9780762429790
9781178077230
9780954613013
9780785123880
9781542372626
9780224090032
9781543111569
9789332553927
9780230704558
9780071074803
9780486232843
9781844004843
9788184291056
9781406327793
9780754821588
9780521695015
9789350949610
9789368931041
9789371116084
9789361598623
9788192701868
9789382291756
9789350949634
9789393529725
9781903654057
9781844194209
9781842707241
9781920888909
9781845769758
9781845769321
9781845769154
9781845766382
9789380191034
9781848562417
9789366497556
9789350711866
9788189915155
9780785115465
9788126599974
9789376864683
9789360827571
9789348580597
9789394644625
9789363361034
9781905151455
9789362860316
9789386941626
9781905151462
9789365902969
9780785797777
9781870612722
9780977985029
9780954630065
9788193562598
9789394441279
9780070992887
9788195917969
9789394812468
9789357363716
9789327199031
9789355012456
9789358890129
9781439532126
9781435245242
9781439516317
9781439535684
9789374729434
9781439532164
9788167440068
9789813165359
9781741105674
9781933895123
9781932301908
9781906733063
9780071545129
9780732611446
9780754818199
9781435245273
9781439528273
9780898751802
9781417499724
9781439515563
9788180302466
9788496629097
9780754816966
9781405216920
9789394739758
9789347471957
9789385114168
9789379231925
9789385989360
9789394739383
9789392135002
9789380096407
9789392135033
9789390912230
9789356126558
9788190719865
9789390227891
9789312148297
9788131709436
9781435257139
9780977761418
9781597640114
9789681334178
9789502411095
9781864488999
9781605090139
9788131708071
9781904444695
9781562014056
9781565891630
9780312386122
9780757923005
9780757923364
9781569757215
9781904444275
9781600760624
9781575603650
9780582305601
9788175083394
9780979014505
9781569754337
9781844672622
9780554008240
9781427402332
9788194773238
9789378490453
9789333006729
9781517341688
9781503226333
9781518668920
9781552974094
9789312146194
9789339204440
9781522753636
9780780740327
9781417775514
9780613014298
9789356122185
9788189582579
9788189012571
9788189582326
9789382215141
9789381575086
9788189913052
9788173153075
9788173914881
9789380937199
9788190135801
9789380165073
9789380191638
9788189582999
9789380731858
9788188719099
9788188861149
9789382215165
9789382215332
9789382215875
9789382215905
9789380376707
9789327259254
9789339204808
9789385309182
9789351101420
9789382215363
9789383204304
9788183770378
9789381575093
9780582189409
9788126102228
9788126105823
9788172960131
9788175940321
9788175940864
9788177647068
9788184246636
9788183250948
9788121936163
9788126512904
9788177395129
9789380937601
9789386592835
9789388875073
9789390958023
9789392140310
9789394559509
9788189937737
9789381991725
9788189979911
9788195404353
9788199843257
9788189645199
9788189582593
9788189582104
9789356922945
9788188719235
9788188652044
9788185712277
9789389368451
9789388750561
9788182930100
9788182890169
9788171322039
9788131902769
9788174880192
9788123433486
9788189012595
9788170308379
9781432956608
9781484636923
9788189582975
9788189582760
9788189652111
9788175241619
9788175551619
9788173916069
9788189913021
9788179308356
9788181920829
9788176116763
9788176259521
9788176481243
9781410986504
9788176113335
9789386306418
9789352132003
9789311123783
9788173911668
9788173155376
9788171563203
9781410947727
9781410934536
9780070707764
9788189913014
9788189901615
9789380147895
9789383919291
9788189582029
9789386309679
9789386309662
9789380096469
9789373892184
9788187661627
9788187818489
9788186867273
9789380164281
9788189582081
9789380096742
9789388875127
9789381630327
9789380937977
9789380937793
9789380147727
9789380376400
9788185680651
9788184045253
9780143425922
9781847678683
9780755332069
9780674410947
9788126501441
9788126516780
9781444118537
9781847678676
9789352866854
9789358690217
9789365543612
9780316027366
9780613083003
9781473610026
9789387788244
9780521648554
9788126518753
9788126539413
9789351194002
9780143442981
9789363116504
9781784080242
9781806177059
9788126576777
9788175157811
9788184045307
9788184746815
9789354249297
9781847923974
9781849161886
9780785837619
9781405504904
9781409129615
9781435828858
9781439529195
9789351951445
9789352643721
9781473614239
9781529918434
9781618937780
9781780877235
9789348048813
9780719569715
9781445132341
9781417764921
9781417811335
9780521655842
9780613873239
9788167080042
9788178811826
9789360331740
9789385155123
9781477719251
9789366496887
9789812742308
9789380937892
9789812744715
9789383026586
9789380937915
9789380937953
9789380937960
9789381302941
9789381348109
9789381608135
9789381575253
9789380199467
9789380376264
9789380642963
9789380937045
9789380937168
9789380147147
9789380147239
9789380165042
9789380165080
9789380033334
9788188818426
9789380164182
9789380937311
9789392295140
9781259006180
9789380164014
9788176489126
9788170998310
9781405508490
9781409122838
9789381465226
9780195696325
9780333932445
9780600621959
9788124204047
9780752892030
9780198060963
9789380937021
9781401214630
9789812450319
9788190730297
9789394726987
9789380096520
9789814357739
9789380164076
9788190723602
9788190723619
9789383154050
9789383728473
9789392295089
9789392295133
9780230636040
9788131531501
9788131601136
9788131604939
9788170892311
9788184200638
9788184290196
9789380156774
9788172233259
9788176487207
9788131511312
9788131528174
9788129118417
9788131242391
9789380147390
9780613926683
9781897829127
9788120416239
9788124202180
9788124204276
9781845335953
9781845383992
9788186623251
9788187445869
9789380191751
9789380191799
9789387572331
9789380191102
9789380376417
9780333993507
9789381465066
9789381605370
9789382007715
9789382036326
9789380096759
9789379231871
9789354567339
9789354569777
9789357054218
9788174730886
9788175940383
9789369149063
9789351340348
9789351419433
9789371003940
9789351432890
9789351433293
9789351433309
9789352031795
9789352440863
9788190713085
9788190723633
9788190730211
9788190730242
9788190841184
9789362736789
9789363197497
9789363331808
9789380164106
9789351432197
9788187629283
9788175941670
9788180385179
9788181890894
9788181913463
9788183244282
9788186535370
9788186599143
9788187162377
9788190768214
9788129111227
9781845733438
9781846011368
9789380937908
9788120331440
9788120342156
9789380096490
9789388391559
9788176485401
9789380014289
9789312146187
9788170893035
9788170893622
9789351419488
9788187197065
9788174453853
9789380033341
9789380096414
9781915649515
9789391088743
9789380731131
9789380037004
9789383318056
9789460650277
9788190869003
9788192187549
9788192990170
9789380937557
9788188818457
9788189472948
9788189643218
9788189741433
9788189800352
9788187629061
9789380147246
9788175941922
9788175961906
9788176484695
9788188808144
9788176489966
9788178129709
9788179924914
9788180520075
9788189979621
9788190336826
9788190454315
9788190635806
9788190662246
9788190000284
9788173141362
9789380096582
9788190768221
9781107638167
9789385444111
9788190768269
9788192218236
9788190716383
9789313192190
9789331329608
9788190723626
9788170193029
9788170338772
9788175332041
9788190730280
9788176483230
9788188681464
9788189913366
9788178882932
9788190768238
9788190768252
9781780193151
9788171796519
9788190723640
9788190730228
9788190730235
9788190730266
9789380096698
9781107029200
9788175941908
9789380096537
9788187815716
9788188421046
9788180380013
9789380096506
9781840442120
9780190912307
9780195476248
9780195686975
9781403925039
9788131309148
9789352701568
9789353287429
9788181980243
9788181982018
9788181981981
9788190679145
9788183242042
9788185224985
9788186535400
9780715324325
9789385444760
9789385444869
9789386824042
9788130700601
9788130708652
9788130910451
9788131314395
9780195478297
9788181981943
9780739825433
9781627123266
9780739825198
9781591984368
9781435228245
9781435228634
9781410903440
9780755201679
9789356124417
9780756514181
9780756509743
9781592236459
9780806972633
9789388599559
9788190719803
9789354552113
9780881958201
9788175740044
9788179680049
9788188661787
9789369147618
9789380096353
9789382192381
9788190496018
9788170208556
9788179080108
9789382192411
9788897778059
9789381969007
9789382033127
9788190719810
9789395259262
9788198797100
9789371112437
9781607546801
9781439521304
9788180302756
9780613237482
9781405335140
9788897242222
9789362738707
9788173818042
9788189979270
9789366960265
9788183073509
9781588103062
9789350940181
9789351870784
9780195679939
9780953584932
9780762421374
9780702046445
9780521721004
9780552213622
9781861440044
9780216928824
9780099504887
9780099504764
9780330483568
9781618137272
9780752271798
9780330442787
9781429679763
9788185902173
9788176293846
9788184290929
9788194003694
9788126541119
9789380014210
9789380937335
9788176299305
9789356732513
9788126564354
9788181922427
9788126560943
9788187966555
9789312146019
9789356668188
9788179308332
9788176297059
9789363339484
9780071388511
9788194772286
9788126556519
9789369149599
9788194492429
9789381981108
9788176294614
9788176291552
9780071388528
9781566569774
9788184842968
9788172113674
9780861865468
9780517230763
9788183572729
9789371417051
9781400039333
9789388395458
9781566861861
9789389564815
9780307476326
9781608161034
9781569758694
9788181921253
9788182900264
9788181920959
9789381465073
9789380096575
9789380096650
9789370021969
9789350153901
9789348433879
9789356738980
9789351736219
9789393107251
9789364313230
9789393263476
9789359170725
9789358112818
9788180388958
9789348199973
9789380096643
9781887997225
9789393875969
9783525828335
9789812438645
9788179306956
9789363331846
9789350236581
9789352032747
9788171110131
9789334302110
9789357377171
9789389204872
9788189979294
9780263902693
9789388313841
9788131603116
9780732611217
9788170336860
9789334014907
9789380191003
9789388269735
9789385792472
9789334077254
9788197353055
9788178813295
9788119401031
9788179921036
9788181920904
9780074516508
9781929355136
9789391152550
9781890447236
9780074630174
9788170338864
9789380096803
9789334060386
9781876973100
9789380191386
9780070499669
9788131401323
9788181921246
9788185470429
9780857330437
9789347471636
9781432914066
9781410929877
9781432902131
9781432905941
9781432914097
9781432917951
9781423477532
9781616284046
9780613129121
9781451677348
9781558974081
9781414331768
9780789916921
9780789910462
9780760100332
9780794419073
9781414322179
9781403496133
9781403430380
9780745951492
9780745951485
9780373362998
9780425254714
9780545064743
9780758287700
9780352339881
9789580492542
9781403456250
9780545992893
9781410909930
9781432917999
9781432938109
9789381836477
9781539976882
9781544716732
9780996433440
9780997080322
9780692643167
9780692648025
9780739068120
9781550223521
9781907728273
9781910223758
9781414322162
9781554724796
9781558831667
9781564782762
9781612423784
9781484062227
9781492185550
9781492871088
9780754826347
9780757926204
9780769217468
9780769274317
9780230706224
9780600628392
9781420930603
9781432905705
9781438074436
9781466365483
9780785407478
9781770453418
9781849631136
9781927558492
9789381836675
9789383562046
9781861477699
9781905503773
9789381836507
9780615208756
9780692025918
9780692207376
9780692584743
9780692584774
9781410952448
9780143432234
9781530945757
9781533331526
9781546545590
9781603062824
9781603062961
9780786966134
9780918526359
9781493760176
9781496085238
9781531824136
9781533329523
9781537018201
9781403496751
9781432922955
9781441427335
9780143431442
9781410940247
9781410940254
9781410940278
9781409908234
9781410931191
9781410979001
9781432905729
9781530615018
9780957562172
9781403465573
9781604501582
9781849632287
9780965870238
9780977454105
9782981580726
9781420926767
9780744311662
9781589529021
9780789324504
9780759672017
9789351449638
9789355734228
9789386189233
9789357780810
9788183558464
9788184782677
9788183557252
9788182091498
9789351448563
9789351449119
9789388182652
9789388426947
9789390078332
9789388030151
9780486460765
9780634011436
9781333955267
9781333548865
9780243430345
9780243262113
9780940262294
9781330179604
9780230226920
9789380096254
9788125025115
9788180521782
9789350719428
9788119462971
9781429628563
9781421526546
9781556346170
9781577171157
9781579129408
9781579244989
9781579247034
9781330338995
9781583240144
9789380096568
9780259858980
9782092701904
9781887002783
9781583240410
9781583240342
9789580485834
9789380096186
9789380096681
9781449648329
9788119847143
9788427933811
9781589529090
9789380096056
9788190496087
9781435487253
9780736896887
9781936140558
9781435487246
9780970001146
9781583761588
9781402773037
9781334539008
9788193975220
9789311125930
9781887002776
9781440076220
9789351447238
9788184893045
9788187798620
9788192544502
9789351446132
9789351446712
9789351444640
9789351445043
9781583761632
9781589256781
9781857594010
9781589529052
9789350123829
9789350716984
9789350941720
9789386601957
9781406764338
9789380096094
9789380096247
9789380937151
9789350941751
9789351444626
9781404817463
9781404819078
9781417688869
9780008761547
9781435289765
9789812328564
9781435228481
9781163004234
9780007259694
9788126512669
9780769225463
9781941103401
9780967392080
9780990965336
9781683424277
9781936913244
9789706667625
9781622509133
9781631825552
9789355858856
9789347944727
9789371081528
9781622432318
9780615262161
9780755216741
9788498724820
9780769217512
9780769253022
9780870294471
9781598695700
9780613102230
9781111124878
9780761378396
9781429672450
9781454917885
9781422203293
9781111124861
9781422203439
9788193333761
9789382740063
9780070659667
9789352031191
9789355188502
9789394739574
9788175224247
9788180611759
9789334063974
9789812531612
9789393875471
9789361287176
9780613142670
9780808540847
9789393393067
9789365060171
9788193293447
9789348580177
9788183156073
9789357552479
9789379290038
9789357553513
9780756983185
9789391943974
9789382937418
9789334270440
9781406825367
9781841610306
9781406815856
9780756975722
9788199045439
9788194058540
9780780795938
9789352733484
9788180302923
9788180470660
9781922608376
9781107635951
9788168889408
9789371795036
9789371791106
9789378800139
9788168770423
9789373074627
9789372909630
9789377300708
9788196162672
9788119307623
9789365232691
9789390226108
9780691306063
9780241780312
9780691306117
9789365237733
9789371799867
9789351297369
9789369524570
9789348457608
9789355611444
9789377304645
9789359118567
9789371791335
9789584506610
9788170554400
9780071072779
9788180303630
9782880461898
9788126575800
9788126566679
9789356031166
9788199268395
9789381579589
9788184451610
9789388186964
9788184875904
9788179309827
9788169772372
9789379290175
9789347762086
9789352070312
9789369143115
9789392215902
9788194843030
9788176089180
9781770921733
9781770922068
9781845765941
9781845763831
9781929998746
9781552973356
9781882077618
9781770921726
9781770921702
9781848760868
9781770921672
9780007286553
9781840468373
9781417795949
9780857681621
9781904879312
9780785115045
9780785115267
9780606007542
9781845763473
9781844164318
9781848798748
9781436451178
9781770921221
9781439553176
9780007352876
9781435246188
9780862815530
9781770921689
9780979079900
9789356128156
9780140955125
9780571569380
9789379231888
9789393472656
9789393232342
9789389458589
9789388260985
9781843916109
9789354732256
9788177080254
9788190719872
9781552973745
9788434233300
9780739077177
9781840681321
9780794503253
9781907939143
9781685766443
9789359789460
9780613225441
9789371791199
9783795763015
9780198478430
9781408305362
9788185399850
9788185574578
9788187197324
9788126107582
9788126107483
9788126107353
9788183242387
9788184241235
9788184240009
9789380096292
9789380376905
9789380376691
9788125918448
9788189979126
9788126108459
9788174933201
9788174932976
9788174670984
9788174451514
9788185229409
9788122412321
9788184200416
9788189619817
9788170892458
9788170338833
9788170336877
9788131602966
9788182741546
9788187223566
9788187197416
9788122006124
9789385504570
9788184044270
9788182900295
9789382036296
9789380096674
9789380096599
9788170820635
9788184463996
9788170436454
9789388391634
9789385155550
9789384646820
9788187197089
9788186830208
9789382178033
9789381005057
9788170510475
9788180566486
9789350350096
9788178884608
9788178883632
9789380096711
9788189979157
9788184290813
9789386189516
9789380096308
9788189979218
9789380013121
9789358893465
9789356965942
9788182930216
9788182930087
9789388983655
9789380096513
9788173919282
9788173043451
9788177022988
9788176463676
9788131602027
9789332520967
9789390531073
9788176113489
9789350976340
9789350975428
9788186623244
9781444734386
9788170020882
9788176259057
9788188719211
9788188342402
9798184242248
9781933804378
9781608440498
9781259005329
9780230630321
9788173916502
9780074620946
9780070677586
9788172331078
9788175140417
9788177589689
9788176292146
9788176111836
9788126908172
9788175245525
9788175244870
9788175242173
9788175224476
9788177646153
9788175941618
9788183760034
9788183242394
9788120722538
9780749695644
9780575132665
9780340902394
9788187818236
9788173914812
9788172731076
9789375611738
9789351450078
9789350230718
9788190150453
9789389072068
9788187384069
9789354568503
9788187818229
9788176114912
9788176114905
9780195682045
9788126109302
9788178770611
9788178670881
9788178297767
9788196058159
9780230635647
9780230332010
9788126107339
9788124201114
9788178883243
9788176257077
9788176252997
9788176115582
9788177699845
9788126121502
9789354569531
9789354568831
9789352441037
9789380191133
9789380164205
9789350294178
9789380096162
9789332543881
9788125914303
9789350287026
9789350249857
9788170950806
9789392406324
9789373897325
9789363198784
9789332585508
9789386383242
9789382630593
9788171325115
9789380274065
9789380274058
9789380191836
9789382036166
9788126903238
9789382007876
9789381465295
9788892772311
9788126124565
9789359483993
9789355559517
9788128005664
9788126919673
9789382036142
9788177370218
9788126119905
9788176114882
9788176114219
9789354564376
9788120324824
9781905796304
9789355427564
9780755338948
9788189913298
9788189526436
9788188739578
9788188583010
9788187365372
9788172544966
9788189913281
9781856691314
9789354564185
9788180303616
9788180301285
9788189979089
9789351430742
9789350518250
9789350516713
9789350350577
9789382215844
9788131775578
9788190175869
9798184241234
9798172733789
9789814344678
9788126154364
9788178662558
9788175243798
9788173042362
9789380184890
9789380134444
9788184241495
9788184201260
9788189913137
9789380937328
9789380937250
9789386634948
9788190768245
9788181712615
9788180300394
9788178900353
9788185480329
9789380191195
9789380191188
9788185179124
9789380096179
9789380937397
9789380937366
9789380096704
9788181921147
9788120344150
9788185636283
9788183559898
9789383828579
9788170284925
9789380190129
9788185264448
9788185229423
9780230332003
9788184884654
9788184884098
9799693513409
9788170435976
9788190738545
9788190479097
9788190472715
9788190142038
9789380930282
9789382215318
9789382215295
9789378251962
9788189979072
9788189979065
9788189913533
9788189913304
9788178884653
9789381169087
9789381005118
9788184882070
9789382036272
9788185421124
9788185264325
9788189913144
9788184889864
9788184887693
9780861324040
9780071102148
9788175941663
9788189901646
9789380937304
9789380704128
9788190935111
9788190719889
9789380096155
9789380096148
9789381302828
9788189913120
9789381465233
9788119896691
9789376310197
9789309240188
9789351190295
9788126537457
9780739862285
9780694516582
9781613830147
9781932429145
9789358520439
9788189979256
9780070187757
9789395557337
9789391618056
9789394364110
9788189979522
9780195677850
9788172250522
9789356590762
9788131210550
9789812746320
9789812749536
9789373942063
9789393528735
9789393459381
9781403924759
9789359662022
9789359710372
9789386811172
9789386811189
9781595267610
9780756603137
9780764137020
9780881139594
9788180302541
9780976314240
9789354803703
9781636409979
9788183073516
9781441445605
9788190496032
9789350719343
9780074635940
9789352870325
9780769280929
9788126573158
9788126573141
9781598698572
9780715640999
9789355855749
9781845769956
9780521609166
9781845768621
9780756959470
9781417637232
9789382396970
9789371860284
9789358132090
9789356810433
9789390849130
9789350944554
9781259025921
9789354424984
9789351419884
9780785119517
9789355743855
9780613312455
9780613291491
9781417743827
9781583761618
9780836867909
9780613950671
9781417691968
9781417808069
9781848316317
9780613669917
9781848316355
9780613635431
9781412701730
9789394644700
9781412702744
9789355732675
9789371366328
9789385722165
9780199450947
9780613584401
9789388182942
9781893905153
9789355738202
9781893910621
9780448439945
9780345506429
9789870003441
9780395286159
9781435202214
9789380096544
9789352131464
9788131530603
9780749695569
9789387886100
9788178884004
9788184290073
9788131713099
9788170003212
9788170337270
9789387979475
9788170005520
9789380191058
9789354567278
9789354565601
9789371861793
9789380930312
9789380191270
9788184290776
9789392175114
9788124204092
9788131234891
9780262533959
9789391787745
9788181921581
9788131791875
9780262533935
9780199064779
9788131764343
9788131761939
9788180303463
9789350230961
9789354563881
9789353623135
9780262533942
9788131734070
9788189979935
9788173195259
9788189979515
9788189560942
9789354564116
9789380191218
9789388725811
9789395759144
9788189979829
9780262534888
9789351101628
9780262534895
9788190635882
9789350354926
9788175346123
9788178817118
9780304335886
9789369732692
9780385339803
9789376862702
9780769264912
9780769270050
9781929395248
9781569473740
9789370026667
9788483466599
9781435254725
9789376861392
9780977556939
9789706431219
9781405879507
9780786849727
9781236781895
9781408697788
9780789178985
9781443781275
9780613279826
9781681270777
9781443776448
9781443771764
9781414308968
9781888472875
9789350780732
9789350713020
9789363550278
9789388182799
9789385420269
9789382103646
9788132105268
9789351446392
9788174531872
9788172131302
9788184044874
9788190496056
9789382215202
9788189859404
9788189424077
9789355733627
9789373949222
9789355310583
9789385504419
9789385504624
9788184201598
9781855841468
9789812143631
9789392135477
9789351872719
9789350125946
9788182094840
9789388750882
9789394328594
9788180302619
9789351108580
9789386379061
9789351449645
9789388182805
9789385616815
9789352136117
9789351449843
9789351450139
9789390227068
9789380096001
9789389286526
9789393806048
9780521635127
9788119832606
9781540884855
9781909805323
9789366310268
9789356586000
9781515751946
9781910827147
9789388724609
9780071166959
9789357605427
9780352340900
9780340949214
9780785732679
9781426018565
9780974811505
9781904570851
9780367337667
9780812917321
9781497457072
9789353623180
9789353623012
9789378166891
9780000670878
9789353623197
9789385075186
9788194382546
9789385071966
9789392023439
9789352725113
9789389180503
9789387265271
9789369589487
9789384106201
9788181283191
9789392023880
9781862014435
9788171798223
9788180611636
9789350948293
9789352039234
9788189979041
9788131962503
9780785754985
9789355312037
9788190691857
9789351445753
9789360535483
9788195858132
9789363331549
9789372270075
9780385905091
9789369629718
9789357367226
9789385224409
9789384730727
9789391943950
9789392242106
9789393885760
9789391943837
9788131274576
9788197747694
9789359541006
9789356522664
9788197926716
9789355577351
9789348580405
9788199270817
9788171171170
9788131272756
9788171172139
9789378327391
9789378327315
9789355611529
9789378325304
9789357767927
9789352907021
9788198077714
9788190332323
9780312509538
9781569713877
9789707185630
9781845490744
9781592236411
9781435203297
9781435213548
9780829749915
9780613950664
9781846853401
9780754819752
9780785820673
9789388893152
9789362860484
9788176181433
9780007340927
9781592234639
9781852697129
9781566252478
9781562014667
9780769296265
9789507398964
9781562014988
9780660187976
9788434893948
9781601090348
9781440410222
9780955235986
9781905802326
9788126562657
9789355742810
9789365548280
9789382841241
9789363888555
9789392803536
9789350481905
9789349110373
9789348239808
9788198460042
9789387363694
9789386433527
9789385868467
9789381465158
9789392231285
9789388426008
9789388182881
9789388019842
9788175941199
9788176111102
9788184290820
9788186562116
9788186867709
9788187099055
9788187167020
9789389403800
9789390197231
9789392569050
9788187445272
9788187445500
9788187818960
9788171771158
9788173918261
9788175940512
9788184110692
9788189913236
9788189915711
9788189979164
9788172362157
9789351108818
9788170419112
9788131243459
9789380191867
9789371865081
9788183713412
9788183162456
9789354568237
9789354563652
9789351473749
9788181920898
9788189913595
9788189917340
9788126105007
9788126103850
9789381632574
9789381632550
9788190719841
9788190769594
9789385981722
9788126111329
9788171392902
9788172132163
9789388182935
9789391968151
9788184200089
9788184200461
9788184290158
9788126121090
9788189582685
9788189102920
9788126149551
9788187815969
9788187197478
9788176461252
9781107657243
9789383754397
9789383754632
9788189979034
9788190496049
9788176298834
9780749454470
9780613245012
9788189557355
9788175243729
9788175245877
9788188652112
9788189582203
9788184200119
9788126118540
9788179103722
9788181921413
9788126118113
9788189913588
9788189913250
9788175941694
9789380191713
9789556651447
9789381313176
9788131406809
9788121508551
9788126104345
9788128016264
9789380164304
9789350237946
9789380191355
9788188583874
9788189654962
9788190784382
9788171582167
9788171325740
9788171322480
9788170335467
9788170127185
9789388269001
9789381632475
9789381465271
9789390347070
9780143333081
9780231205412
9780143452690
9780670923854
9780670999378
9780099565031
9781847440822
9780723268925
9780340917367
9788126543397
9789389564877
9780593072776
9788131775561
9789384898298
9780674279087
9789379852359
9788126532131
9789374244982
9789377138660
9788131519745
9781760291228
9788131793534
9789391968878
9789350040188
9789351872559
9789353504168
9789360541347
9789385719165
9789386896933
9780241145197
9780670097845
9789350041475
9789350041901
9789350298879
9789350040645
9789332570276
9788184950441
9789390707188
9788126542437
9788131720011
9789353501631
9788126535583
9789365238259
9789355323613
9780316856171
9781780899893
9781841492384
9781841495200
9781841597522
9789388912303
9780593064825
9781847440945
9781854859600
9789377308681
9780910261050
9781444008623
9780349142319
9780552175227
9781472133977
9781473647565
9780062410634
9780824965730
9780074602171
9781562014551
9781562014803
9789373076010
9780395602584
9781562014773
9789369588190
9789394836723
9789379290090
9788195632824
9789389121803
9789381608838
9788170998266
9789812553478
9788189582227
9788189582180
9788189582159
9788171567607
9789380228952
9788173912252
9789380014968
9788173914102
9788178880594
9789382302537
9789313190608
9789382332008
9789331329455
9788177370577
9788177541519
9789380096377
9780070144866
9780070583016
9780070507272
9789351439042
9788184892468
9788178883236
9789380235110
9789354564345
9788190769570
9788190869904
9789350354483
9788194440048
9789350593370
9789814453806
9789812741554
9788171565689
9788181473042
9788171567317
9788181890405
9788181890108
9788182471238
9788175962507
9788175963825
9788181913722
9788173915321
9788175941953
9788175942103
9788131301517
9788170998044
9788170998143
9788180303470
9788170998488
9788170998273
9788177024012
9788177544664
9788178242262
9788178296531
9788171567126
9788171567270
9789331320544
9789350350744
9788183242998
9788183243070
9788184290042
9780070701199
9780195683202
9788188837847
9788181288196
9788188865109
9788192061610
9788185809809
9788175413856
9788178883694
9788178883717
9788178883830
9788187398639
9788182471160
9788183242639
9788189901271
9789694023540
9788189913656
9788189326951
9789382381891
9789384245818
9789389991086
9788130923062
9788173918247
9788174464057
9788130912622
9788170337485
9788170997405
9788170997450
9788180381515
9788181890009
9788181980113
9788176487498
9788131303672
9788171569175
9788176483339
9789812749086
9781107601710
9780230328716
9788131602126
9788126900985
9789382192183
9788126909179
9788129100559
9788130703381
9788171569823
9788182903227
9788183240055
9788184898453
9788185589466
9789366655451
9788170999423
9788170999935
9781905741342
9788189913908
9788190000369
9788184486230
9788184739404
9788189013370
9788187134701
9788187321781
9788182472969
9788189582234
9788189652098
9788189866242
9788189477233
9788185753713
9781405136921
9781406204230
9788189913557
9780857231031
9781107038196
9788189582135
9788190721134
9788195250233
9788196161620
9788198431165
9788189582166
9788130920627
9781418039561
9781444731293
9781582798516
9781846817816
9788189582241
9788189582258
9788189979386
9788189979546
9788189979584
9788189979652
9788189979669
9788188342006
9788178881300
9788178882970
9789694023724
9789812436788
9789812741547
9788189979928
9788189979980
9788189526955
9788183240062
9788183241908
9788171796168
9788171772735
9788190954907
9788173190797
9788189913960
9788189913984
9789351523819
9789350943502
9788170204541
9780195690842
9780199472130
9781848542549
9781405122689
9780198069706
9789381308257
9788189913663
9780198865766
9781849231756
9782940378432
9781856485821
9780755344727
9780297847625
9780340978436
9780575077249
9780575077232
9781409115007
9781409130925
9781409123484
9780195669640
9780195979114
9780198824718
9789381308363
9788130909011
9788130708706
9788130909240
9788120337596
9788120416291
9788126522804
9788130708584
9789383454242
9789385444845
9789389181197
9789354565038
9789354566509
9788190554633
9789382951506
9789381385807
9789381385814
9789381604472
9789382993483
9789383305131
9789373891620
9789378520495
9789379236593
9789389546514
9789380376127
9789380651170
9789381302149
9789381385791
9789381608715
9789355205438
9789359488936
9789369147311
9789370788084
9781904516194
9780613254427
9781405113915
9780613325394
9780613275781
9780210981115
9788185569352
9788126536559
9788179080214
9788171007530
9781405879958
9788119034833
9781517128715
9789350714645
9789386860187
9789388266666
9789387072350
9789352137367
9789365217353
9789385509803
9789384454388
9788182092174
9789391395636
9781403922366
9789391008604
9789350123249
9788189913793
9788121942874
9789382332053
9789348736253
9789350940723
9788175140516
9788190713078
9788189913182
9788179080047
9788178351858
9788189913748
9789351290674
9789381348079
9782987458364
9789334046816
9789514124167
9788189913151
9788190713047
9788189913786
9789386189608
9788183556422
9788184895421
9788189913199
9788189913762
9788179080252
9788126340514
9789351446767
9789351443834
9788177394818
9788179308738
9789334032222
9789385980763
9781151219763
9789373353937
9789357474245
9780613219204
9781541308367
9789366271972
9788192778730
9781259005046
9788189979355
9789388913201
9789311125367
9781259025631
9789352870288
9789312141120
9789312141113
9781891400155
9781587411038
9780333376966
9780070703469
9780860657941
9789368935216
9789387516762
9789356066991
9789812548870
9780613284622
9789392330612
9788170890379
9789360598273
9789351451204
9789380456744
9789375611820
9789375617716
9789363190658
9789369143962
9789380456157
9788197088124
9789384094003
9788175940857
9788184842791
9788185902050
9789363336087
9788176293747
9788175940598
9789363337909
9780070494916
9788176292528
9788176291675
9789350940624
9788185902197
9789369585625
9789386345455
9788126573219
9788177582802
9781138603288
9780965141352
9780760100356
9780470446034
9788119118090
9781433937453
9780867469387
9781558975439
9789500821155
9781259005299
9780764139659
9780769291932
9780764139642
9780829748857
9781416900573
9781585714629
9780785185260
9781875739424
9780981645650
9780761432364
9781931667135
9781591855040
9781577557852
9781460920589
9781921272363
9781423149743
9780745944135
9780646079844
9780761435624
9780745944401
9781876367749
9781497391871
9780894090172
9781600391781
9780894090127
9788493796068
9789352013166
9780521688437
9789364686914
9781505561098
9789362520524
9789312141151
9789312141137
9781506185200
9789394739000
9781604593969
9789381385067
9788194909637
9788193316009
9788192143385
9788186803424
9781864719529
9781861473738
9781259026669
9789381385197
9781609052737
9789380096995
9789390227921
9781616671761
9789378161650
9789339220594
9788181890443
9788184241723
9788184200140
9781536635256
9781536635249
9781536634778
9781534877382
9788171949861
9788131602478
9780634046889
9788131401316
9788131519417
9788131203040
9788189979560
9789392135996
9788131400890
9788189901462
9781536647129
9781542430364
9781858816210
9781910375471
9780070683556
9788131531518
9789332901797
9789384310226
9789382740407
9789385155901
9789388129909
9781531879990
9789388973243
9781531886844
9781595820372
9781503327849
9781494433710
9781490428147
9781480392021
9781909016170
9781864719550
9781446528976
9781446528914
9780769220109
9780757977404
9780745947891
9780739098141
9780007850877
9780195697889
9781446537053
9780739097618
9789350355183
9789380096827
9789380191348
9789386698216
9789388437523
9780834198609
9780946462681
9780865307193
9788178884349
9788178298191
9788174969095
9781420944204
9781536637229
9780859345194
9788190784368
9789332551602
9781848796331
9788171949960
9788131426326
9788125047346
9781940078380
9798183760293
9789812436894
9788185105079
9781446529010
9781446528679
9781420937725
9789394739437
9788171947294
9788189979683
9788178882918
9788182900608
9780865307216
9780865307209
9780988968233
9781536638455
9781536643091
9781446537107
9781536638486
9781536641271
9781477403099
9781476541112
9781480392038
9789394739178
9781536648003
9788178880846
9788173662713
9788172247676
9780345501660
9781401221775
9789386691767
9781936313501
9781447404590
9781840594065
9781844161997
9781603600408
9781598205992
9781402754906
9780976096207
9781843860938
9781402769740
9780572040123
9780769296371
9780822599272
9780572040048
9780237543631
9780237544058
9780237544065
9780486480626
9780571223787
9780007240814
9781429638586
9780007270408
9781422116760
9780531187159
9781590360583
9781429651752
9781905410088
9781907519024
9781907756962
9781888695137
9788173178634
9788489396302
9781402779916
9781445101453
9781844423880
9781848560185
9781848583603
9788495939609
9781852691301
9780865680982
9781230217093
9781401203054
9780431015088
9780071611701
9781781121214
9780976850946
9780757915697
9780769202181
9780486466552
9780486480176
9780486480602
9780486480688
9780486480787
9780572040079
9780981901701
9780769259611
9780983267324
9780769265384
9780769280462
9780486298290
9780007345069
9780769263571
9780460882088
9780769228273
9780769225906
9780892283569
9780769228938
9780769229058
9781544736792
9780769234489
9781910184752
9780769227115
9781440417832
9780769251950
9781907962301
9780769227504
9780769228914
9780769222943
9781909805279
9781909805156
9780771571824
9780822588269
9781111310592
9781402780080
9781402780103
9781448691661
9789937624497
9789384649166
9788174534538
9789355312624
9789351106920
9780074639818
9788186234198
9788190236898
9788196157609
9788184354836
9789383746705
9788178124384
9788185731667
9788174531186
9788121509930
9788174531148
9788184049602
9789350235690
9781562014643
9788185167220
9789358520736
9789376864287
9788167010902
9789366602639
9780762737796
9781600582417
9780811479905
9781595082848
9780071388498
9789383067183
9780071388573
9789389947540
9789365217414
9789351461548
9781637540046
9789370201477
9789334270716
9789356222229
9789370789449
9780070616370
9789355016867
9789867942142
9789393801241
9789386625700
9789364683357
9789390060825
9788131411797
9788169100786
9788126159796
9789388437943
9789376862108
9789390670659
9789351447832
9789351447771
9789380855776
9789393660879
9789370025721
9788184048803
9789387925502
9789387766716
9788187947011
9780719511448
9780764181719
9789388426886
9788131950920
9781107606241
9788126503605
9788121501736
9780872016163
9781950194438
9788184048582
9789351449317
9789388426916
9789388750097
9789389573053
9789389573060
9789351448723
9789351449201
9789389161212
9789388750196
9789385616310
9789356187733
9789358541045
9789364819015
9789387766723
9789385616457
9789351449850
9789355420404
9789356187559
9789389368536
9789386189295
9789389368642
9789386401502
9789386601087
9789387444638
9789386309396
9789351103592
9789351102212
9789332536104
9789326351201
9788184782271
9788193303696
9788198640154
9789387702790
9789385152092
9789385504181
9789351104155
9789381156186
9789383547517
9789382332879
9789350232668
9789385114274
9789351447634
9788184044683
9789351445050
9789351445807
9789351445838
9789351447344
9789351447405
9789351447580
9789351105138
9789351210283
9789351104186
9789351105091
9789351444077
9789351444183
9788126553402
9789351445012
9789350942925
9789350940211
9789351448662
9789350716670
9789350718889
9788183483759
9789351445029
9789350719657
9789351448396
9789351448549
9788171672547
9788170193098
9788177395075
9788177394788
9788183555173
9788126530502
9788194347668
9789332535787
9788131713174
9789389665116
9780954025915
9781427812728
9781512277838
9788188511341
9781846850578
9780956107367
9781846590573
9781903660072
9780345514394
9780951336335
9788175940819
9788175941137
9788189979324
9788175940642
9788188222070
9789364682824
9788175940499
9781864690149
9789349144361
9788189913687
9781857910612
9789369143399
9789388707039
9789359670911
9781645973683
9788183155700
9789357036337
9789355744104
9780345486295
9780198476429
9780345491930
9781314057270
9789351738893
9780345496409
9788198740397
9788183156080
9789360874131
9789365062779
9789389454185
9789370201828
9788168654938
9789387963030
9789387162525
9780736829625
9789389552119
9789386482518
9789332539020
9788171093830
9789373043982
9789371439084
9789356122031
9789394737914
9780030071799
9780213171155
9789373071893
9789360685683
9789360741372
9780406643209
9780521727709
9789365231670
9789361136146
9789360873424
9789355743589
9780521634878
9789354498435
9789353452100
9789347689802
9789391622374
9780860361022
9781035095636
9781529454628
9781784421632
9788126025855
9789384852771
9780877787402
9789378324154
9789377305024
9789373072630
9789374621219
9788168170148
9788168770669
9789351455011
9789356124110
9781505998597
9789368902188
9788131902677
9788192006109
9789393509437
9789388266529
9789387791121
9789369045303
9789387276291
9789374523353
9781935002055
9781875739097
9781858282909
9781599909448
9780521753906
9781444115437
9780007204861
9780340876138
9780521753869
9780091927493
9780521753807
9780521753951
9781875739387
9788190914338
9788189547035
9788189547059
9788183242516
9788183242622
9789386209702
9789362733214
9789363192270
9789369639342
9789373899510
9789380191904
9789380438832
9789380467535
9789382069003
9789381385838
9789381465660
9789381714553
9789384754679
9789386209962
9789387192744
9789389624816
9789389991161
9789393520890
9789812349224
9789879065662
9789351845126
9789354562105
9789381144299
9788188719068
9788170366768
9789381005125
9789386261847
9789810721350
9789810721367
9789810968182
9788190206846
9788170286271
9788178880877
9788178881249
9788189913953
9788189979720
9788188719471
9788195164783
9788197202209
9788187359258
9788187815358
9788178815206
9788179103449
9789327199048
9788170998242
9788170998297
9788122006346
9788123414560
9789354565670
9789354566264
9788192844657
9788173914447
9788173915642
9788174451538
9788183241328
9788184246568
9788174883742
9788175157798
9788175413986
9788176110464
9788177240207
9788180386916
9788180611308
9788180612022
9789350940266
9788189547417
9788189582197
9788189901189
9789355550736
9789362730084
9788189913229
9788189913847
9788184290417
9788184290738
9788184452044
9788185212807
9788187099079
9788187197690
9789339205072
9788189441029
9788175410022
9788189913809
9788189913823
9780312320317
9781401204204
9781557987822
9781780620961
9788170003021
9788170127130
9788172960926
9788173911545
9780070447073
9780070583344
9788123922768
9780752873978
9788187947035
9788178669793
9788178668635
9788187226826
9788186026403
9788185589060
9788184885743
9788189913878
9780752892115
9788189913830
9788189979867
9788189979843
9780074631751
9780070683631
9788176299275
9788131726785
9781236723383
9788189913861
9788131400531
9781844085255
9781844004607
9781842555880
9788170084518
9788131775172
9788131734858
9788175344648
9788174453051
9789354567957
9788131705940
9788126105595
9788172543617
9788171640331
9788170998327
9788178669984
9788174883728
9788175245273
9788174455888
9788170891192
9780752868059
9780752866925
9780751538519
9788120417137
9789354567292
9780603563324
9780349118536
9788189913601
9788189901806
9788188800070
9788190738507
9788131732120
9788175340718
9781907411298
9789380930374
9788183250566
9788178190709
9788178297255
9788178297699
9788178660752
9788189913892
9788189915377
9788189979027
9788189979706
9788189979737
9788178882895
9788183181327
9788183181945
9780734408617
9788175741713
9781259097973
9781138694897
9788170002826
9788170002673
9788170000150
9788131764053
9788178660189
9788189582128
9788187359418
9781009214520
9780711245921
9788131708927
9780070700451
9780070594005
9788170337355
9788189582173
9788187365945
9788189582418
9780195666687
9780190941215
9780074633380
9781259081002
9781259005114
9788183184113
9789380685069
9788184290165
9788187336426
9788187229087
9788189582692
9788189582647
9788189582630
9788189582623
9788189582616
9788131718353
9788183183031
9789380191201
9789353502447
9789351430605
9789350512173
9789350354957
9788172867270
9788189913939
9788178661797
9788171322442
9788171321957
9788170891963
9788170445180
9788170402831
9788177371048
9788189913946
9788171322640
9780613022538
9780736916196
9788170086024
9781601542601
9788126515172
9788126533831
9780802735959
9788194176077
9788196178383
9788184896848
9788177226935
9789355855695
9780345477958
9781250044402
9780345501318
9789389767438
9789355010292
9780977863327
9789371233958
9781430249689
9781891400094
9788126510955
9780716757252
9789391597115
9789390155736
9780439453394
9789380456874
9789378329494
9789378327568
9788896323298
9789349703315
9789350040195
9789350041079
9789360388737
9789389767445
9789372260304
9789376462636
9789376464616
9789378321405
9789378324116
9789378325007
9788198971067
9789380456904
9789388668996
9789349852976
9788119462315
9789375167082
9789355729170
9789876121187
9781903651025
9781558595958
9789375615569
9780976286776
9780133471885
9789814357012
9788189979225
9788171948918
9789386482778
9789369145218
9789356030497
9789384254124
9789361854378
9780074517369
9789339213015
9789395649940
9780194798815
9788189836221
9788185018393
9788173704420
9789370187559
9788131511305
9789332901605
9789385075773
9789334090277
9789385204692
9789393509789
9789371501859
9788195739295
9788196448417
9788119843633
9789373045450
9788169507226
9789371795210
9789370203662
9789355610836
9781153747851
9789362736864
9789355317995
9789351875284
9789351446019
9789352340347
9789351448365
9789351447443
9789350940686
9789350940648
9788171947409
9789351441212
9789351443643
9780826467621
9789350718346
9789350719701
9789350125090
9788184782332
9789390949809
9788184047042
9789386179241
9789350126561
9788189161163
9789351440512
9788183551601
9788184045468
9788173194092
9789351874409
9780139224102
9789351873884
9780981803968
9780613102254
9789352123650
9781840464443
9789381587973
9789380456386
9780993144776
9788196113674
9781413900255
9789393642929
9789378167416
9789357675451
9780070702745
9780070678750
9789383286980
9788119814145
9789352031757
9781405879552
9781846114533
9788169617765
9781594096693
9789334302967
9788170891994
9781844442041
9781593073459
9789373048116
9788183574174
9789311127071
9789992142363
9789812402318
9780756954017
9780440239192
9780387911410
9780889200258
9789389181364
9780070616677
9788185229867
9789382740544
9789369588329
9788185989822
9789351874317
9789311123653
9789388437974
9789384310769
9789380438740
9788179080030
9781259003042
9788187224655
9788189804626
9789390227594
9789392317071
9788183573238
9783795761936
9789386730855
9789384857622
9789384410384
9780521735643
9789394739079
9789350040638
9781403476296
9781403476265
9780373401062
9781909573130
9789356127128
9788131999233
9781502971852
9781403485311
9789381587683
9789386824608
9789391759902
9780956761859
9788193894255
9789369140183
9781484603178
9781909429031
9780352337894
9780352338839
9780769262369
9780352339096
9781259005954
9788121920902
9789356054158
9788174450630
9780195659351
9789371867535
9789370028869
9788178881621
9789351921424
9789334058550
9789350713457
9789334036442
9789380096612
9788188837533
9788190674867
9788195727711
9788184050103
9788178881652
9788181920720
9781443771283
9781601629807
9788131211328
9788170337522
9788171772124
9788188342976
9788184290370
9788178884035
9788181910028
9788188837441
9780071074896
9780500087824
9780195659405
9789391419721
9780070619302
9789391145453
9780070249103
9789390915248
9789385444685
9789387487031
9788189326692
9780070585843
9780070264649
9788123915920
9788122412765
9789356502086
9789366314938
9789363332669
9789389050301
9788131420577
9789352020652
9788187359371
9789390490783
9788131225349
9788131226124
9789388599146
9780070635784
9781843324645
9789390585137
9788170337768
9788131705520
9788197059841
9781784988531
9789354562266
9789354600869
9788178883991
9788180180088
9788175941946
9789383547210
9789363332164
9789358423075
9789358113419
9789380184302
9788119711116
9789392474750
9789382007586
9781420047295
9789382302698
9789382465737
9789390765997
9789385540981
9788171947270
9789383547401
9789357404525
9788178816876
9789373897585
9789387702394
9789370025073
9789366651729
9789373352671
9789376864607
9789376860715
9789374620304
9789366659381
9789083641201
9789379575593
9788199100886
9788183716819
9789362396587
9789357362740
9789356125087
9788131422762
9789355031006
9788119540402
9788172322151
9788194915638
9789392140211
9780963653598
9788197401855
9788190738514
9788189913427
9788190089326
9788195978960
9788187966760
9788183250283
9789381539224
9781572573864
9788176291323
9788177370874
9788184870619
9788131809136
9789373044880
9788194359715
9789358523126
9789352513512
9788176292740
9781572574052
9780763521899
9789352607853
9789386209443
9789388925716
9788176292221
9789387572492
9789351443308
9788195313419
9780199642151
9788190738552
9789350123263
9789350066904
9789348127204
9788173178382
9788189986001
9789359030692
9781618135582
9781405878982
9788125049203
9780435073862
9780435073909
9789383750887
9789377301040
9781929945351
9781929945375
9780435073855
9780435073923
9780785142423
9781844445622
9789380206752
9789359034300
9788181580672
9788196406950
9788193196861
9789385500367
9781901688863
9789364689113
9789362735782
9789384447328
9789394737136
9781484716328
9789355865939
9789368840558
9789383442096
9781930027688
9780521696456
9781404271722
9788170604235
9789352341160
9788195474820
9788496575998
9789355853981
9789353114572
9780748752188
9788131788585
9780755338252
9788185396316
9789369144648
9788184040173
9788170190387
9788172765552
9788171007677
9789388030748
9789386309259
9788178557656
9789351446897
9789388426244
9789937090582
9789358891379
9789362738622
9789355320100
9789382302711
9789350941676
9789385966989
9789351446880
9789388426466
9789394328518
9789679852745
9789351446873
9789350948347
9788183578257
9788183573337
9788183573399
9788183558280
9789350940136
9789350716168
9788167211873
9789350127636
9789351449232
9789380146782
9780070615700
9789380631165
9789369147779
9789348457653
9789351447191
9789351449966
9789356187672
9788190769563
9788131209851
9789385966538
9788174531995
9789371797719
9781600242175
9780957886858
9781905192311
9780956306401
9780099429531
9789392641831
9789365215465
9789355011039
9781434233929
9781540647825
9788174731357
9781562012694
9781562012748
9781562012816
9781905978106
9781562012724
9789394559974
9789390811250
9789390738489
9788186653241
9789391371173
9789380190136
9789394644663
9788181332868
9789394644205
9788190692700
9789380117058
9789380117072
9789380117089
9788189913212
9788177649994
9788176481137
9789380147338
9798181940260
9798184120966
9788126563067
9788176480659
9788176480796
9788176482547
9788177641332
9788177644753
9788177646054
9788169857413
9780074517468
9788171326877
9788171544035
9788173044649
9788175240568
9788175241084
9788176030441
9788187099062
9788122006636
9788123900766
9788194731207
9788194754206
9788185753911
9788186052006
9788195693078
9789392641763
9789393465825
9789393781024
9781009829199
9788126127047
9781594096686
9781645973294
9781858502434
9789348580559
9789348995834
9788189302320
9788189582678
9789351444206
9788189979188
9788193639962
9788194662853
9789352100170
9788183990325
9788184480078
9788184896695
9788185057293
9788187248101
9788185680941
9788179255193
9788179940150
9788169742399
9788176251464
9789394226777
9789391554538
9789395649575
9789395649643
9789395649650
9789395649872
9789395649964
9788126123186
9789355033574
9789355310408
9789381962947
9788178815893
9788195357833
9788194948797
9789352876983
9788120722842
9788178817965
9788169297004
9788169244954
9788167742872
9788167742780
9788131772027
9788131251522
9788186653326
9789380456850
9789351444237
9789311125978
9788197210846
9788126118052
9788126121540
9788186651971
9788188257270
9788183211109
9788183556644
9789384852535
9789385114830
9789385270277
9789386424365
9789351446217
9789351449522
9789353166946
9789355013545
9788195771011
9788182904637
9788180430701
9788175240544
9788181920430
9788180430817
9788187445012
9788182930124
9789355317919
9788180563768
9781922605009
9788119345014
9788119428717
9780071329248
9789380117126
9789380184340
9789380224183
9789355742391
9789380387116
9789386555755
9789380550770
9789380550534
9789381244807
9789381350379
9789381762707
9789380550985
9789381769133
9789392145247
9788189859398
9788185484471
9788180566431
9788174534125
9788126018031
9788126106868
9789390738113
9789389707243
9789386896445
9789384646127
9789382527428
9789382821755
9788180565892
9788122006995
9788171332908
9788184881349
9788185072661
9788185224947
9788186398418
9788176481564
9789382448167
9788171110964
9788173872235
9788189913564
9788178817880
9788179752432
9788120714854
9788120720701
9788120721494
9788174451293
9788170188308
9788170201458
9788170249542
9788170249559
9788189650513
9788170418177
9788176482981
9788173094514
9788171009718
9788170445074
9781854719966
9789380117102
9788189582562
9788189422264
9788187445333
9788176258500
9788187229162
9788186851234
9789382459101
9788170336884
9789385309885
9789387636231
9788174451361
9788126124589
9788174451620
9788174466242
9788175965331
9788175411999
9788176255431
9788184291025
9788176481212
9788176110846
9789380357287
9789381090862
9789362835116
9789355742407
9789350718247
9789350940082
9788184049800
9788181920751
9789384038991
9789332539358
9788854407770
9788193167595
9788184897593
9788126538812
9788126513857
9788126516704
9789388271806
9780246121523
9780674980044
9788126019991
9788126506323
9788126528172
9788126531424
9789390811748
9789390912100
9798903303625
9789381431498
9789383400263
9789387471627
9789388002349
9789388386227
9789388414081
9789388757324
9789376865932
9789377135188
9789377137618
9789378323102
9789378325694
9789378327490
9789378328312
9789373049748
9789373072562
9789376318650
9789376861545
9789358690422
9789359879741
9789369583362
9788854407985
9789370029569
9789371113724
9789371970778
9789373043968
9789347142642
9789350098547
9789351160762
9789353451271
9789355184214
9789358445282
9789358446678
9788194847762
9788199371163
9788854405998
9789332502147
9789332577442
9789334116151
9788126514083
9788126515837
9781781258903
9788126520176
9788126525096
9788126557950
9788126565634
9781843324638
9781846058004
9781846556425
9789373049731
9788119635658
9788124116463
9788126506712
9788126511488
9781473674691
9781617734175
9781780726434
9789370020405
9781789092448
9781789092462
9781841494944
9789378328466
9789373045153
9789373045436
9789373047966
9789351191520
9788131727430
9780008456856
9788126519811
9789334273649
9788126571710
9788126579495
9788131529782
9781848660441
9788131770696
9788132205180
9788174821379
9788181286222
9788126512010
9780199450930
9780241976043
9781841494975
9781473211988
9780670097753
9780751536317
9781107605527
9781259025594
9781399764933
9781408888193
9781472125101
9781472214324
9780070153349
9780070589353
9780143009283
9780143415824
9780230700222
9780241976050
9780345530721
9780370332468
9789387444560
9788174093110
9789365811643
9788199776227
9788169379960
9789357150033
9789355968043
9789377135690
9789357498425
9789378325496
9789387959835
9789378327780
9789378326516
9789377302573
9780706644685
9789389564792
9788183333344
9788897243168
9780956800213
9788187972273
9788189000189
9788187818861
9788188818174
9788188818129
9788188432127
9788187169659
9788186830024
9789354566080
9789354566028
9789380930046
9788188837090
9788189013363
9788183871938
9788185488141
9788186332863
9781409110774
9781444912685
9781561634750
9781581809886
9780755329441
9780755341788
9780755343423
9781842556993
9788175940611
9788175940635
9789354564130
9788182472785
9788182470835
9788181980595
9788181980564
9788181915276
9788187818281
9789351436348
9789351432845
9788182902596
9789348457875
9789339219307
9788496099555
9789373899367
9789369116690
9788190884181
9789354563706
9789353628116
9789353627805
9789350354803
9789380381329
9788190474160
9788190199940
9789353627249
9788182770041
9788189913410
9788189326364
9788181521309
9788183610490
9788180614231
9789354566578
9788187336150
9788187248163
9788180521034
9788179652350
9788179460856
9788179308325
9788178883434
9788181283009
9788174465627
9788178881195
9789681634131
9788178791012
9788178790879
9788178711331
9788173912733
9788175240292
9780297860686
9788175941151
9780755351190
9788182930032
9789380601472
9789380164830
9789380096971
9788129109064
9788129102409
9788126901760
9788124202913
9780199063796
9788188818464
9788188730087
9788188013005
9788187531227
9789352602506
9789351437314
9788173916182
9788173915741
9788173913020
9788175741935
9788170491958
9788170491378
9788170339786
9788170338710
9788173911842
9788176491495
9788176485265
9788175941847
9788175941274
9788175940604
9788173912887
9789814418102
9788174765710
9788178882901
9788178791715
9788178297262
9788178241302
9788175740921
9788172866433
9788172763329
9788124116289
9788175941700
9788171799343
9788171568246
9788170998037
9788170338673
9788173918032
9788173915246
9788173913235
9788173912023
9788175941564
9788172244408
9788124113950
9788170892755
9788170494508
9788170337478
9788170239932
9789382302339
9789382302322
9789389166965
9789387925151
9788170997993
9789351430292
9789350909508
9789350722169
9789387444676
9789381465585
9789385444432
9789382302476
9788173194467
9788171887828
9788170999881
9789810742713
9789380014999
9788180381478
9788178890593
9788178882444
9788178881690
9788178881638
9788190035101
9788173410987
9789354568565
9788124117897
9788124113790
9788131201084
9788130900728
9788130704227
9788129109057
9788171948208
9788177541199
9788126518777
9788189326593
9788124112564
9788120414082
9788120326576
9780670058747
9780632059775
9780070587557
9788170493617
9789810974015
9788186190654
9788185989891
9788185589091
9788185229133
9788189913465
9788189913403
9788170337980
9789381465745
9789812749413
9788187036241
9788131252437
9780198065128
9780195699265
9780195697025
9780195689280
9780195686470
9780195655087
9780752890395
9788177334180
9780749909482
9780708802373
9780670082001
9780575095632
9780340763209
9780316153812
9780881139501
9780881136913
9780749909673
9788175967137
9788175941748
9788131521595
9780758229137
9788131207574
9788174361202
9788130933948
9788130909714
9788188837304
9788130908090
9788175414228
9789381465288
9789380601625
9788180381584
9788184481600
9788178880051
9789814357005
9789385891014
9788130908113
9789393850072
9789362730596
9789385965548
9789385538193
9789385444715
9788189267193
9788189066222
9781933164106
9789381579558
9781259097317
9781107606234
9781107606210
9781847441607
9781845433710
9781844484713
9788128004070
9781601543134
9781405124256
9789352728572
9788189065102
9788189035440
9789352720453
9789352164271
9789351610342
9789354569951
9780862887421
9789810933975
9789354567254
9788194924685
9789393214515
9789389594928
9789389166958
9789387308404
9789380376424
9789379570932
9789376463473
9789354567711
9788173918322
9788170997696
9788170893646
9788170893356
9789350353882
9788190716376
9798129108080
9788187502968
9781596911536
9788187221210
9788178710853
9788177330304
9788177022971
9789385444449
9789385114182
9789384668105
9789383026630
9788187359289
9781590922187
9781590121825
9788120607200
9788120604360
9782909458298
9788126905355
9781905422753
9781903116708
9788174461988
9781847445353
9788129107749
9788128021893
9788128012877
9780143032571
9780070671133
9780070590298
9780007931484
9780001160309
9781863513203
9780786283644
9789348234360
9789349865501
9788170751076
9789392023507
9780947655822
9781588244109
9788119444397
9788121105897
9788131770429
9789391567880
9789388005135
9789381579848
9780199457625
9789353620271
9789355851604
9789372121636
9789380422190
9789358427189
9789689279082
9781594972348
9781957302508
9789364313018
9788168749221
9789350125625
9780070139787
9789350945063
9789351442066
9789361809446
9789359739649
9789371869133
9789350940808
9789382716754
9789384447076
9789371863902
9789371860253
9789350945056
9789350943489
9789365543438
9789363199057
9789352530403
9789354774539
9789334108941
9781259029394
9788185359137
9789371869188
9789389048780
9789390697281
9789356509047
9789388426251
9789385075247
9789386634191
9789382648901
9789371869881
9789349946514
9781859061862
9788173704512
9788175140387
9788179080023
9788169777957
9789334266344
9788190456227
9788187224709
9788195843183
9788195843190
9789334107807
9789356216280
9789334218152
9789347984341
9789362526014
9781907311444
9781591821984
9781880507483
9780007257133
9780753822883
9780733621819
9780769285979
9781406573411
9789364688260
9781907183041
9781904590187
9781897809433
9788167417992
9780907546092
9781405250351
9780912592336
9781427800121
9781848763166
9789378185984
9789371112338
9789374528457
9789374525777
9788119832200
9789385585739
9780723255956
9781009824316
9789385585692
9780746064375
9789379030511
9789391895990
9789369587230
9789381587805
9789380456676
9789350126202
9780070704473
9780954053543
9789348457967
9789392135149
9789392135187
9789386416889
9780074637296
9788177080308
9789364682145
9789351403951
9789394739789
9789392135903
9789385989643
9789386631701
9781250057952
9780310296225
9789369584758
9788168622890
9789355854865
9781909268784
9781860720659
9780739029022
9781875739127
9781875739080
9781590307106
9780646129563
9781876367947
9781875739790
9781875739462
9781875739455
9781875739141
9781875739257
9780646057873
9781875739226
9789812400918
9789375619956
9780521546140
9781876367879
9781876367725
9781875739066
9781875739585
9781875739783
9789350719282
9789350941591
9780373689033
9788119579044
9788170641049
9781605770178
9780373689040
9789388750103
9789388587600
9789387444157
9789358707533
9780198096054
9789381539163
9781566252751
9780373689071
9781405878586
9781009824309
9789386561312
9789681668815
9780373689057
9789351104537
9789386561299
9789386561282
9789351442158
9789352131495
9789393159731
9789381771358
9789386500359
9789386561275
9789362734488
9788170950950
9789332541511
9788195413577
9788193975763
9784887832060
9789388750851
9788170950738
9780340990063
9781444108781
9780761994848
9780789914361
9780789915504
9789351450351
9789351449393
9788193975756
9788184503777
9789351448068
9789351447160
9789351106463
9789386601964
9789351447016
9780979959400
9789347117633
9788184502893
9780521628211
9788170950981
9788184503210
9780373689101
9780521636698
9780545987707
9781432919245
9780739825389
9789386561305
9789393766694
9781420941319
9781455811052
9780754819349
9780739028667
9780373138357
9780373138920
9780395896266
9780739023051
9780769244242
9780789918833
9781612361185
9788126504527
9781541146846
9781554725601
9781502476326
9788177584363
9789358447118
9789382473251
9783867111188
9789390531912
9780757909603
9780764156090
9781475039559
9780764197925
9781514607268
9781502932846
9781782225003
9781772755275
9780486405865
9783937123608
9783867110235
9781941240045
9781941240021
9781937794743
9781632914873
9780874876666
9781554731435
9781600390999
9780956761842
9781455622498
9781857077537
9781909296053
9789392196874
9789388509817
9789374625514
9789353431860
9788196088910
9781595159267
9780977465156
9780916144616
9789356124103
9780769264547
9780757926068
9780736896108
9781598899146
9781589258044
9781579890858
9789354552380
9780312497927
9780618314331
9780521710305
9780152064303
9780071262637
9780878912254
9781423201809
9781931908061
9782761320511
9780836849059
9780836833225
9780736830805
9780836880496
9780836864694
9780836849066
9789357476065
9788174840547
9781443778657
9781927424537
9781439237434
9780736852920
9788198631930
9788869260384
9781402763786
9788184883466
9780979860546
9781259005091
9781572486744
9788131403006
9788131405215
9788181522061
9788131600801
9780070142398
9780070147195
9780070657007
9789810883614
9780070636781
9789383643707
9780976925941
9780692200421
9780195671797
9789395759137
9789366650708
9788176251112
9788131223024
9780070222960
9788188222551
9788185421445
9780070583597
9780195680829
9788184481129
9780739053980
9780757905636
9780757907951
9780757912191
9788187248095
9788178814209
9788188789214
9788189582869
9789353501648
9789380191393
9789381465608
9789382007364
9788170338543
9788173198984
9788175341326
9788175940567
9788176254083
9788187359296
9780486463858
9788132202196
9788131762240
9788131403785
9789339204419
9788174451866
9788175940789
9788176250986
9788189011826
9789381269947
9789381269961
9788176251693
9788170337133
9788178668444
9788131218518
9789352602278
9789348076731
9789352876976
9789385504167
9789387208278
9789388266369
9789388587617
9789389921724
9789352877041
9789354469695
9789354560781
9788176254281
9789363192096
9788173712432
9789390715183
9789395372251
9780769274706
9789358708653
9781454907862
9781475142792
9781743219720
9781907962318
9788171560189
9781932065619
9788131211571
9788170003335
9789364403566
9781847391209
9780431149318
9780431908137
9781869928209
9781406211054
9781406207460
9780431193878
9780352336729
9780431029580
9781846554216
9780486471815
9780694701100
9789350041062
9780071203838
9789380456973
9789388299619
9781405878289
9780486418780
9789370021952
9789379290250
9789380456751
9788170583790
9789355854261
9789351738985
9789349905009
9788180040054
9781895449648
9780500301203
9780694515066
9789389403145
9781578263196
9789388028714
9788190236850
9789351343530
9789395107914
9789812548658
9789359117645
9789391126919
9780199463893
9780199481941
9789390122905
9789356617681
9789351610052
9789325964792
9788196756529
9788180482762
9788169857321
9780060540784
9781259005053
9788897443377
9780756626136
9780554019093
9780442230739
9788119944965
9788199021808
9781560109860
9781419676468
9780739024454
9780841602694
9789395298032
9789395206440
9789362521064
9788178127224
9781405878715
9798235462182
9789358520712
9780195687170
9789348457721
9788179308349
9780521055826
9780230322745
9789362733634
9789377398248
9789385868825
9788196380151
9789364687904
9788199411975
9789395453738
9781971036939
9788896105948
9788168544857
9788185694498
9789309242502
9789385401473
9789386561473
9781880687871
9788121501378
9789386561497
9789386561480
9789362838223
9789357474832
9789391495282
9789391029531
9789390800414
9789390461684
9789389899160
9789387153035
9789386810922
9789386561527
9788188837380
9789363198227
9788126310173
9788188837342
9788185359120
9780070144521
9789388267205
9789350125274
9788131200711
9788170816980
9788185753836
9788193559253
9788194346562
9789386561442
9789386561466
9789374528549
9789395437356
9789937021371
9789937259156
9789355019141
9789324401939
9789355318060
9788197171420
9789356249455
9789386561428
9789393134707
9789352839094
9789351448037
9789350367001
9789384469894
9789386561510
9789386561503
9789386561411
9788174532916
9780070706361
9789353161125
9789385966187
9789386561398
9789386561404
9789386561435
9789357268578
9788184354706
9788174532312
9781880687413
9789381771808
9789391524074
9789382906544
9789351471981
9789350121535
9789385497773
9780674296060
9780761434856
9780756631741
9788183506977
9781402743221
9789362731203
9788186332931
9788174826657
9789382577737
9781416961208
9789386008718
9789369589364
9788172551551
9788182995413
9781876973155
9780070222014
9789353692087
9780486478333
9781875739028
9780646113609
9789812400598
9789351446422
9789351444657
9789351443810
9789351443711
9789351443681
9789351441359
9789351763864
9789351529255
9788175940994
9789351449980
9789351449874
9789351449720
9789351447788
9789351446866
9780755309887
9780749940195
9780593068854
9789351450122
9789386433510
9789386561671
9789388750448
9780230573543
9789388182508
9789351446736
9789350943595
9789350719664
9789386829153
9789350710791
9789387380639
9789387484276
9789354566394
9789387486676
9789387747630
9789382066408
9789384061029
9789350719084
9789350715956
9789350570630
9789386860255
9789381385098
9789391126865
9789392192098
9789395523233
9789390811847
9789390875580
9789812741516
9789388750615
9789389048810
9789389173031
9789351446750
9789387763654
9789355013569
9789387919907
9789387984264
9789388030519
9789388127592
9781404108745
9781404112049
9781404116177
9781404116597
9780063022751
9780070139688
9789390490974
9780070607903
9789387766372
9780190133047
9780099511328
9780755304752
9780755304714
9789384603717
9789384636562
9789385444104
9789385504440
9789385616334
9789386309686
9789373890159
9789373895666
9789389555110
9789380545547
9789381082232
9789381162194
9789381343050
9788188719334
9789355430458
9789355810328
9789356182363
9789356185845
9789356187337
9789356939790
9789395759250
9789389368475
9789373897073
9789382579427
9789380570259
9789380525723
9789380231242
9789352703159
9789707011434
9789390811854
9788183250634
9788182930018
9788182093096
9789325964778
9788181892218
9788181520968
9788180521904
9781444009545
9788170641032
9788170641186
9788171323852
9788171799459
9788172541583
9788173710674
9788181911186
9788185431536
9788185182780
9788185042084
9788184885385
9788184248258
9788187359432
9788187359197
9788170334996
9788170003083
9788131408995
9789385114038
9788131404119
9788126100743
9788174938091
9788174937230
9788187336174
9788187248408
9788187248231
9788187197133
9789386668431
9789386261854
9788131404782
9788178881171
9788175940710
9788175881457
9788175412385
9788175343962
9788175241633
9788175156166
9788174937797
9788178290416
9788178086842
9788174931399
9788176270052
9788176256865
9788176253338
9788175941458
9788175941373
9788179102619
9788179100530
9788178900131
9788178882246
9788178881485
9788177557206
9788174937254
9788126563319
9788127233549
9788130926858
9788131404126
9788131788622
9788170336648
9788170337058
9788170461760
9781846146107
9788178663418
9788119112791
9788121917278
9788123443706
9788125926573
9788126561155
9788126562688
9780841601963
9781137608222
9781259029189
9788183559904
9788178556642
9788055600499
9788192725307
9788189582210
9788189301637
9788188847488
9789350361665
9789348262974
9789347047008
9789339223359
9789325964839
9788198498267
9788185711058
9789350949788
9789350943601
9788125906872
9788122412062
9788122411188
9788122006940
9788120409484
9781847946317
9781107439566
9788173411786
9788194684039
9789354563812
9789353626822
9789353500474
9789352865086
9789352513437
9789352080281
9789361103018
9789360530969
9788187359173
9780070636477
9788192766508
9780070139381
9780063355118
9788187358268
9788185753614
9788184841992
9788184489651
9788184290752
9788184245035
9788193303672
9788193303610
9788193095744
9780070223691
9788188684847
9788188652655
9788187937081
9789351527435
9789351393788
9789351340225
9789350356531
9788190420273
9788189979690
9788189915360
9788171322725
9788170337393
9788170336938
9788183180610
9788182930117
9788181913746
9788178882093
9788178841410
9789387460997
9788185860466
9788185860091
9788189913441
9788171008964
9788178813318
9788177370294
9788176251402
9780070707061
9788174884633
9788175940659
9788175940208
9788175414280
9788184200591
9788188684953
9788183181051
9788173914539
9788173914386
9788175941342
9788175941298
9788186803141
9788186599099
9788189441012
9788189326814
9788188837106
9788188719006
9788183242134
9789350040089
9788126511686
9788126507887
9788126512232
9788131785041
9788126507269
9788177228151
9789373046716
9788126507634
9780373683000
9788126512072
9789356122130
9789350040201
9788181285898
9788177223149
9789360700560
9789373014418
9789373045665
9780340769492
9789373041834
9789378322136
9789378323201
9780141330945
9780723249740
9798235910850
9780431153308
9780528871139
9780861447527
9781840465716
9780864861696
9789388563864
9788181910004
9788186793442
9788186358924
9781259063787
9780254215368
9788119843817
9781645973225
9783758855139
9789334145502
9789370203402
9789380855882
9789381771525
9789370020375
9789356360136
9789356508491
9789356740990
9788172869595
9788189923464
9788194978169
9788195236817
9788198416216
9788199045750
9788199738508
9788171948864
9789334077858
9789348256447
9789351435679
9789351439240
9789355355140
9789362733351
9789365064155
9789369045266
9788173704505
9789357375917
9789359300436
9789359809632
9789361865428
9781645973218
9789394018488
9789812747778
9789389361681
9789389361834
9789394644755
9789394526617
9789393806277
9789324192127
9789383255283
9789382527978
9789390232390
9789384917579
9789390347810
9789386059482
9789392428500
9789392428883
9789390811519
9789384384876
9789390989331
9789390989010
9789391940065
9789812749376
9789390851836
9789387243903
9789387243910
9789393528209
9788131203644
9788131213278
9789392144356
9789339222703
9788189013035
9788131231104
9780199463886
9788189909826
9788168891791
9789357318785
9789349905924
9789358179774
9789347142291
9789393675156
9789392215025
9789353458300
9789391301910
9789393898968
9789382527817
9789382527947
9789383547326
9789386392176
9789386896827
9789584517036
9789378168284
9789377305246
9789377304584
9789377304119
9789377304041
9789377303969
9789380438269
9789378320866
9789377303945
9789377303761
9789377303426
9789391166748
9788196185565
9781932698169
9788119708802
9788168574588
9789372182231
9788169813273
9788176498562
9788195202294
9788179918005
9789358426977
9789358930245
9789360132699
9789363360259
9789363883857
9789364115513
9789366273860
9789360335014
9789360811938
9789361130052
9789361856051
9789377300951
9789369768387
9789369762163
9789369761470
9789374246443
9789373171524
9789373170350
9789373170237
9789377300098
9789377301477
9789377301507
9789377302535
9789376862016
9789374623671
9789376863129
9789393509239
9789386635143
9789384248994
9781899820474
9781932698091
9781234103330
9789580473473
9789352020508
9780942996388
9780143501114
9789390912209
9789381022740
9789385075506
9789352830954
9789354773679
9789392906350
9798181280656
9789814035781
9789394995789
9789392242427
9789355855121
9789384087333
9789365061000
9789365061437
9789367090244
9788182905108
9788182967205
9788184748840
9789371868006
9789374248829
9789375612827
9780007916023
9788194558187
9789355857170
9788178122335
9788177641875
9788172540548
9780311461653
9788192513485
9781403932013
9781550028362
9788170623823
9789348457110
9789348145376
9780195676297
9789386030092
9789386416797
9789386698292
9780233050614
9789385966194
9789385329784
9789351405948
9788168680210
9789392135415
9781410900494
9788181285768
9788181431783
9780373229925
9780756625962
9780818679353
9780829745092
9789371431668
9788176299947
9789390227693
9788179080085
9788177640212
9788177640632
9781846850660
9789384310189
9789390450480
9788178122342
9781595321152
9781602550902
9789388296229
9789369143108
9789386896780
9789357433334
9780361048545
9782027296116
9788123031897
9781933662329
9781596870895
9781565652903
9780811851695
9788478646296
9789391431662
9781891400773
9781844001873
9788125049197
9789377241698
9789706433633
9780769261669
9788467015300
9789370028838
9780195646375
9789376864164
9789370021648
9780195695014
9788173810817
9789356740983
9788173810268
9789393134486
9789393263049
9789381774151
9789381587942
9789394266858
9789352604128
9789392374838
9789385675195
9789312146439
9789359783840
9789359785875
9789378163975
9780230754690
9789394417519
9789356505148
9789362737793
9780071070683
9789362737052
9789382459859
9789357473590
9789349905047
9780861447640
9789395543019
9789359485010
9789370025820
9780757927829
9781932065626
9781463577780
9780843105988
9780786939947
9781402741920
9780521002141
9780743443579
9780757906114
9780201474756
9789355729385
9788199306622
9788194492412
9789354467295
9781571523495
9780230711297
9780521059572
9788177393347
9789350716434
9780941901086
9788173704642
9789385504228
9788182965713
9781499686951
9789351444213
9788184045451
9788184044416
9789351443629
9789350948798
9789390875214
9789388983723
9789388750349
9789356187573
9789351448730
9789351447436
9789351446835
9789339219444
9789325965027
9789386189509
9789385616440
9789385873386
9789385976872
9789385976889
9788131725955
9788126340835
9782701157405
9782701157375
9788131758342
9781259006203
9780141011387
9789390875979
9788132202974
9780070147256
9789352728565
9788183250207
9789389598230
9789373042763
9789373040646
9788126520152
9788126504848
9788126506385
9781401912260
9789373044491
9789358449396
9781443777827
9781844061334
9789392080319
9781443771726
9781443752305
9788182830196
9789370789692
9780230744998
9780074637081
9780752876061
9780446582025
9788187134411
9788186976029
9789350352090
9789350354865
9788187248422
9788190478823
9788189012977
9788189012588
9780070683846
9788184042450
9789354568268
9789356932968
9788178292502
9788189798871
9789385114076
9789383454495
9789339204204
9789350710982
9789370460546
9789370780941
9780070680821
9788189326708
9789375440642
9789376862559
9789395773430
9789391787752
9789390837779
9789385785573
9789385114540
9789385444951
9788131786925
9789386116918
9789386682352
9789388913126
9789327230215
9789327240498
9789327263244
9789378166518
9789386116840
9789355967404
9788178817125
9788179776278
9788180618901
9788181472359
9788181920195
9788181920270
9788182991071
9788170336525
9788170337836
9788170339120
9788170463184
9788171795680
9788173667381
9788178530451
9788131420584
9788131507612
9788131516539
9788131532171
9788131717530
9788131760505
9780810942660
9788125004400
9788128000065
9788129710703
9789354565649
9781259062582
9789352726042
9789354563003
9788183600279
9788178812274
9788132202035
9788131407226
9788131407943
9789351652038
9789380930541
9789350719480
9789368029588
9789364403252
9789384668082
9788176250146
9788131412695
9788171798261
9780230639034
9788184121803
9788186651278
9788178297231
9788178882802
9788186771235
9788170339571
9788170338956
9789386274434
9789386016638
9788170337065
9788170337119
9788170003526
9788131527153
9788184120363
9789384294106
9789381466025
9788131404331
9788123903170
9781107462236
9780074632673
9780070618381
9780199463862
9780070590960
9780198070733
9780070611801
9789356812321
9789368040804
9780070635753
9788131405697
9789355570093
9789387766617
9780440508434
9781607068198
9789382527411
9789385470448
9789352102266
9788198528162
9780763532628
9788175154834
9781572571983
9789360825836
9789353790493
9789395941341
9780237291792
9780317063103
9780582088290
9780631903581
9780646057866
9780646067469
9780852130193
9789371796811
9781843320661
9781405882569
9780007850990
9780333773932
9781405019842
9780333902110
9788119232550
9789356664296
9780333968246
9781405019859
9789349168299
9789351381778
9789350121320
9789363195318
9789369635313
9789351446613
9788131532690
9788194465263
9788177291506
9781442176539
9788194447207
9789350941089
9789351446996
9789350940105
9789350126592
9789362734204
9789388438537
9789311122977
9788194833093
9789386561268
9788121919265
9781444720129
9788188222018
9789362733931
9788179080078
9789351848936
9788171007509
9788190968485
9789385075087
9789386561244
9789386561251
9789351870609
9789366602523
9781419541643
9788168684126
9789378320439
9788188735402
9789388658980
9789378160028
9789366494227
9788190169417
9789390576517
9789352271382
9789362075468
9789355853073
9788186321713
9789357759861
9788178872261
9788185446431
9789375614807
9788169030489
9789356739963
9788448826444
9788131501368
9781876367107
9781403455246
9780413720900
9788484414667
9789324405272
9788131703922
9780199580545
9789390122882
9788174821720
9789391968861
9789393498991
9788193022665
9788184120271
9788131605097
9789378163135
9780199482290
9789358707939
9789378163555
9789348995735
9781107623699
9789392494369
9789380026824
9788173714009
9789359592633
9789348995247
9780746083505
9781588109965
9789681601911
9780736424080
9789394417960
9781603600477
9788173177347
9789356732223
9789381865668
9789367131183
9798906063656
9788176601443
9788196073824
9788181378309
9788195145997
9789377134846
9789373048970
9789358528220
9780968084205
9780531155905
9783764301392
9788179308530
9789388696180
9789373580340
9789371509480
9789312149850
9788199843202
9781423199298
9789370201767
9780230328785
9780199481378
9789356740785
9789384857455
9789350940617
9789332519237
9788195126330
9788897443421
9789384559045
9789356740969
9789385075094
9780070221888
9789356740952
9789390252886
9780552149662
9788167010186
9781862074170
9781429107259
9781429107242
9780748772940
9788195668663
9789384248987
9780449003107
9789354271397
9789376861880
9789370755697
9781845973520
9788190938556
9789334233568
9780070597020
9789362837677
9780074601235
9789391730789
9789362839091
9789354468186
9789360824464
9789384024970
9789393605269
9781444104233
9789390129928
9789385986154
9781408309773
9780237541866
9780237541910
9780237541934
9780615162980
9780689866340
9789356121843
9789356121867
9789390904556
9789356121836
9781852525699
9781841675589
9781603600453
9789353165079
9781562013455
9781562013462
9781855765801
9788125049166
9781562012120
9781562011987
9781562011468
9781852526085
9781562012250
9781562012373
9781562012915
9781888472547
9788122479072
9780955104527
9781904921127
9781604504361
9789390915293
9789390915149
9789349144057
9780852268551
9789707181533
9788190502504
9789390460632
9789354463402
9789389180619
9788194931362
9788184044492
9788184043655
9788189979874
9789386189578
9789386561695
9780738210926
9788190892315
9788193674352
9788193975497
9788195028221
9789381605462
9788186653159
9788187445203
9788177567601
9788178841717
9788181438904
9788181438911
9788184191363
9788184191394
9789354564208
9789354560842
9789351443841
9789351445883
9789351867876
9789352723386
9789351450177
9789351867661
9789350830963
9789350870556
9788896999127
9788128012044
9788129106186
9788130000206
9789360239534
9789371007306
9788119165148
9788120412644
9788189582272
9788189901868
9788190044110
9788174467256
9788175241503
9789380190068
9789381090879
9789381422724
9788187445166
9788183250115
9789381632284
9789381632307
9788131015230
9788119112685
9789382459095
9789381632666
9788188719013
9788190977128
9788170003038
9788170200055
9788170242581
9789380190020
9788175243736
9789392234071
9789385981166
9789388599047
9788175242029
9788176251662
9788176298995
9788188719105
9788176463829
9781259058813
9788173872020
9788176481656
9788177394429
9788174462329
9788174530899
9788174531902
9789381709047
9789358579307
9789352723751
9789353220143
9789353221577
9789354194627
9788181970107
9789385966415
9788172293031
9788172234768
9788170947615
9788170641162
9788176110754
9788175941892
9788174880093
9788174784063
9788170582762
9788131251331
9788189239473
9788131404881
9788170248675
9788170392026
9788173153549
9788176296519
9788189547172
9788184240689
9788185396491
9788185680224
9788187359036
9788187359142
9788187359241
9788177640960
9788177648232
9788177649734
9788131401439
9788131404416
9788176256407
9788176258920
9788170436577
9788170436645
9788185952437
9788172730277
9788179340110
9788178815145
9788189012700
9788188730919
9788187118008
9788176464093
9789376313778
9789380540795
9788131602386
9788178790305
9788178813615
9789385075834
9789385529191
9789385616495
9789382810339
9789382689041
9789382622307
9789381484241
9789381069554
9789381001011
9789380285511
9789389173253
9788170335382
9788170300335
9788196058173
9788187815976
9788189012793
9788188837403
9788176259224
9788189268404
9788189239060
9789385785566
9798126129279
9798184193311
9798189012112
9789389555875
9789389663419
9789390974887
9789391297275
9789385785559
9789386585493
9789388426909
9789388983457
9788182930162
9788183617871
9788184041552
9788176111249
9788176111928
9789325965010
9789348472038
9789348701138
9789350717721
9788190203708
9788170545804
9788170743224
9788171110841
9781932705522
9788121918206
9788126100644
9788131403235
9788131419373
9788131420485
9780143032045
9788170182658
9788170186595
9780822566724
9781108684286
9788120722576
9788120724266
9780143028857
9780531155899
9780822529736
9788131965115
9788121919029
9788121932622
9788126105052
9788126106387
9780143030584
9780195799828
9780198067917
9788189582456
9788189979133
9788131405253
9788121916578
9788186762400
9788186762417
9788189239435
9788126145584
9781905863785
9788119112463
9788126122448
9788126128556
9788126134199
9780761518846
9789391234270
9789382618058
9789375445036
9788194782735
9789351778004
9789351872344
9789352592821
9789352719518
9789353451097
9789384898540
9789386250933
9789389648164
9789374621806
9789377303952
9789378183119
9789378322969
9789363190986
9789378328039
9789381431016
9788196108441
9789384898212
9789376863266
9780091917296
9789350132661
9789350098431
9789374622391
9789355380265
9781409145783
9781409153269
9789375443957
9788198910479
9781444011210
9788177222982
9780749913762
9781847491527
9781409375890
9781444008609
9781409162001
9781409162049
9788181285713
9788181583697
9781510104037
9781847492241
9781783126347
9788126503087
9780708863206
9780708864968
9780715652084
9780746098400
9788177228847
9788126508433
9788126542697
9788131534076
9788176351768
9788177226485
9780141181011
9780670097586
9780958181709
9781612195537
9781526304308
9781527014923
9788126505043
9788126559176
9788119355426
9788126500543
9788126510665
9781526303424
9781801301145
9781841498447
9781760524531
9781788707695
9788176565288
9780143447283
9788169001724
9780241257371
9789349965409
9789350042212
9789387788060
9781409129974
9789369115181
9780070635791
9789380601724
9789386668608
9789350290316
9789387477797
9789358447743
9789358692495
9781409102878
9789358693423
9780062313058
9781409128700
9780670085231
9780708863138
9788181285386
9780349143903
9788177227772
9789373048086
9789373047911
9789373042893
9789370029323
9789350098394
9789358445749
9789358444650
9789358426489
9789356187412
9780670083374
9780593188859
9788177224795
9788177225693
9789350096888
9788896323069
9789363331181
9789354564949
9789355322609
9789332513747
9788899060862
9789309242700
9788177223477
9789373073910
9789373359076
9789325986299
9788177223439
9789348048455
9788196011871
9788177224184
9789378323591
9789356933064
9789356933101
9789371056793
9789356933095
9789371055109
9789371051200
9788180610059
9789395022262
9789358260878
9788185384733
9789353690014
9788125049180
9789375619918
9781569571125
9789390715152
9781897829738
9780074631607
9780199482870
9788122006964
9788122421194
9788189477035
9788189526139
9788189884703
9788189923167
9788189923211
9788184520033
9789373897776
9789373945514
9788190780384
9789327199154
9789334033847
9789348111999
9788187339403
9788187818397
9788187981121
9789391155940
9789386322432
9789386824820
9789387192041
9789387192386
9789387702370
9789388426633
9789390713110
9789354564062
9781780222400
9780670058532
9788131310441
9788131310502
9788131311202
9781863513647
9781904419938
9788120333154
9789354425912
9780199487646
9780230636835
9780340858196
9780521055987
9789387192669
9781741845099
9781743219737
9788178084312
9789377395933
9789348995087
9789350136928
9789350382783
9789351342656
9789351343424
9789353161415
9788176130134
9788181981035
9788182473478
9788182901650
9788182903463
9788183165204
9788177024029
9788178080307
9788185971049
9788187248460
9788178795867
9788178882253
9788178882949
9788188730186
9788188837120
9788180521317
9788180480140
9788180480454
9788174450593
9788174461094
9788174462510
9788185361765
9788185753324
9788185809236
9789396465402
9789810089337
9789814640817
9788173412349
9788173911583
9788178883946
9788178885155
9788180381133
9789812749321
9789388918183
9789388922920
9789389656176
9789389934236
9789392641541
9789393850607
9789394739116
9780195676082
9780521170345
9780521735834
9780670049486
9780670057634
9780070147270
9780070148840
9788187359333
9789380559445
9789385444425
9789385507021
9789386116802
9789386223272
9780195653052
9780195670332
9780195671056
9789350125410
9789350282380
9789350355091
9789351343462
9789354972287
9789380096315
9789380228730
9789380228747
9788183241304
9788183440172
9788173913204
9788173913372
9788173914119
9788190722384
9788192251714
9789331320124
9788131218747
9788170944355
9788170999287
9788172243562
9788172401276
9788173140945
9788131502761
9788131600221
9788131309407
9788170206910
9788170335023
9788170336037
9788170630968
9788170890324
9788125020257
9788129103086
9788121943154
9788176299749
9780070603233
9780070677234
9788173412066
9788126529865
9788126903078
9781863512886
9788187818021
9788187818038
9788187818373
9788189326326
9789388913225
9788126511051
9788170892571
9788120205093
9780070594906
9780749681289
9780752851143
9780755320493
9780857233745
9780195699289
9780198066941
9780199230679
9788129106568
9788122412772
9788122420272
9788123900575
9789387766679
9788187248477
9788187336068
9780070264168
9788126118847
9781841613208
9781846531279
9781846531552
9781859261019
9788128010545
9788129102959
9788129105226
9788131601594
9788173915499
9788173916472
9788170891093
9788170891796
9788124114650
9788124202142
9788124205464
9788171568178
9788185589497
9788185733517
9788185733722
9788185989051
9788187125556
9788181285331
9788181980472
9788131311080
9788173917097
9788174369376
9788174451613
9788174451781
9788174465337
9788174731319
9788175240254
9788123908038
9788171568185
9788171568468
9788171797073
9788172246334
9788173195006
9788173198144
9788173411403
9780230328693
9780708805756
9780721688947
9788188837496
9788188861033
9788189102630
9788189102647
9788131310083
9788173913716
9788178671062
9788178791692
9788178793368
9788178880815
9788178882765
9788175412286
9788175942073
9788170337041
9788171565245
9788129115638
9788176466837
9788176498654
9788176567534
9788176580380
9788176760973
9788131304693
9788131307168
9788126510818
9788131312216
9788131505205
9788131600702
9788131714683
9788170280804
9788181980540
9788185019895
9788185250403
9788129116307
9788129119896
9788130909585
9788131206706
9788131300596
9780761996309
9789380601434
9789380601663
9789381302460
9789381302668
9789387460171
9789387572768
9788190183031
9781107014121
9781259001888
9781403928511
9788122427448
9788124114711
9788124202449
9788124205495
9780749445140
9788177541366
9788177541403
9788178191157
9788178297415
9780521759397
9780670081882
9780761996781
9780803992436
9781405136341
9781405153836
9781405169448
9781444002317
9789390912247
9789810757816
9789810757847
9789812744517
9789384310950
9789385114991
9789382246930
9789382299240
9789385444043
9789386882004
9789812744555
9789812746566
9789380559414
9789381335154
9789381390214
9789381849224
9789382579151
9789382740629
9789388701990
9789384238070
9789383280056
9789354565861
9789355578792
9789358442243
9789372125580
9789373893006
9789386268402
9789379577702
9788190228282
9788190461610
9788190656139
9788189326883
9788190461603
9788190678858
9789381770030
9789382120070
9789359662657
9789359716756
9781444108767
9780955441554
9788197020674
9789358707885
9781405089678
9789381430620
9789356667822
9780785121565
9780785124955
9789395470216
9789393642424
9789384826161
9789386896063
9789381587515
9789383303151
9789372650518
9789369145065
9789378040344
9789375739760
9789392330254
9789389329926
9789388893343
9789389294309
9789361801198
9789361400032
9788199475137
9789364110075
9788199498174
9789347690457
9789348580337
9789366117447
9789380456911
9789380456959
9789357365970
9789358930344
9789358931181
9789359870816
9789378322617
9789380205113
9789814333504
9789356210332
9789349789791
9789348580504
9788119814923
9788169355339
9789394644113
9789394946194
9788171170067
9788189966454
9788199189898
9789813165328
9788172545130
9788171946983
9788170128557
9789388983556
9781316643235
9788175140349
9788173192388
9788189901165
9789312148303
9789350943984
9788188719440
9789350126011
9789363195585
9789369629725
9789373351155
9789377394523
9789380298047
9789381908143
9789392641923
9789355319074
9788183572439
9789386179203
9788186234211
9788194344490
9789350364161
9789350949931
9789327257243
9788178710150
9788121906166
9789352164059
9788131800836
9788175140530
9780071074032
9780199482320
9788181377333
9789356402348
9781603600415
9781403436498
9789360628475
9789363071889
9789348580139
9789393715418
9789812436856
9788185502076
9780746092088
9788131404676
9789376861958
9788193333709
9789385462207
9781897563236
9788496592056
9781846857805
9781846857317
9781847780164
9781403407078
9789353160227
9788194194415
9788194796152
9788197232411
9788199424166
