9788173819858
9780070411814
9781403928528
9789377397463
9789326193511
9788199424173
9789375611288
9789354427022
9780071333733
9788199424180
9789312144923
9788131708354
9780743992091
9780679727385
9780143001676
9781449307578
9780942979244
9780817938628
9780817955021
9780743992060
9781416960577
9780942444056
9780763556792
9780763556600
9780399231551
9780375875373
9780140950168
9781585732142
9781841677729
9780451218872
9780740722981
9781743142400
9781618652751
9781618652775
9781618652805
9789681658472
9788173178757
9781590270806
9781600760655
9781618650641
9780746061091
9780131155237
9780448454238
9780061715600
9780435086510
9781874522935
9780769239194
9780981793092
9780375873799
9780373522361
9780373521043
9780373519736
9781442491977
9781604505931
9781421531212
9781782351573
9781604501223
9781420925722
9781536689457
9781536690125
9780981793085
9780822568551
9780794508562
9789681658311
9789681658342
9780800795948
9780981793078
9780373516032
9780373518241
9780373518623
9780373519248
9780373519286
9788182835030
9789389664645
9780340210154
9789371861359
9789363559271
9781133014478
9788175940673
9788176298254
9788177646092
9789393459480
9789395483230
9798887498102
9789368026655
9789363336544
9789363337343
9789350367735
9781573061520
9789367502754
9789368022152
9788189915124
9789357366557
9789388563956
9789360829018
9789362016195
9789347944703
9789348995582
9789348995896
9788185137285
9789350945803
9789365546606
9789351447733
9789352038701
9788195240562
9788196286507
9788196418762
9788184502091
9789358179408
9780875160566
9781575289779
9781613017968
9788896325636
9788131760482
9789388563963
9789388750424
9789363335523
9788184500714
9788184500028
9780857365057
9780793583232
9788184502367
9788131755969
9788189818609
9788184501803
9788176299671
9788184656435
9788184502374
9789382527558
9788184502305
9789319103459
9789333214803
9789351445326
9788172294250
9788172743451
9788176296601
9781259058554
9788178123295
9788194105688
9788194246770
9788194920700
9788119237098
9788119428397
9788126340057
9780199491643
9789386424518
9788184502312
9788184502329
9789334182934
9788184502350
9781429123259
9788181802156
9788179306468
9788171771615
9780893143190
9780893285470
9788184094749
9781938477232
9789354563195
9789354802935
9789355004970
9788198239426
9780230632981
9788131799802
9781107618077
9788171563609
9789389466027
9780763778552
9780835933773
9789389048803
9789389174342
9789363338920
9789392641244
9781604860429
9788171771363
9788174784384
9789369113729
9789370207370
9789356216860
9780071078115
9789389048797
9781855381292
9788198736536
9789376864072
9789389195606
9789355532282
9789356739802
9788169407441
9788119368792
9789388563277
9789387208247
9789381750599
9788127269128
9788196579906
9789812402066
9789389454772
9780070153288
9788199089181
9789363888838
9789359166346
9789380422152
9789374061855
9780852690055
9789393326614
9781402788383
9780739843840
9780764807985
9780739024553
9781580542203
9780673758361
9789347098567
9789393326553
9789353692094
9781569221235
9780552122580
9781932777888
9780762420667
9780972040228
9788178902029
9789347047138
9788131407288
9788171949519
9788168846395
9788170461906
9788187359265
9789391065249
9788189012496
9788187815860
9788131762271
9780345462756
9788131514962
9788131519059
9788131237779
9789372122640
9789353627898
9780199467297
9788131415498
9788131412619
9788131404614
9788131403358
9789391155193
9788131203163
9788131221310
9789812436931
9788174824127
9788176493956
9788175941939
9788175940475
9789348179883
9788131605738
9788172730109
9788172240271
9788183250382
9788183600347
9788180612442
9788131415429
9780070597877
9788131411551
9788131420607
9788131420256
9780195658552
9780070502482
9788178664774
9788173191527
9788184048834
9780074620847
9788183579438
9788182040489
9788180611810
9788181913869
9788131505762
9788131503300
9788183602389
9780195693171
9788172730567
9780143099772
9788185234298
9788187336051
9788178813431
9788131600078
9788187359067
9781009178853
9789384668938
9789351103974
9789812550668
9788183712026
9789380151601
9789373943565
9789347047107
9789386433183
9789388855570
9789377396084
9788189301439
9788192955223
9788178813462
9788189012830
9788184764734
9789353503307
9789353501730
9789351109297
9789387153486
9789385980923
9789385785535
9789380408545
9789386006738
9789313194309
9789385114847
9789810869977
9788127219741
9788131237786
9788131405000
9788187336075
9788191014273
9788192990156
9788131407745
9789352025954
9789384668013
9788131418383
9788131419205
9788131419694
9788131420805
9781410903556
9788123923932
9788170001683
9788170333531
9788170338390
9788131406014
9788131406434
9788184484878
9788172252359
9788172730345
9788178664880
9788184121650
9780070436237
9780070583528
9780070590434
9780984702923
9781259062674
9781444103779
9781843323594
9780070600843
9780070667617
9788120903852
9788125059738
9789392282072
9789367090046
9789374620939
9789392539060
9788194644842
9789356513426
9789394683273
9788197424496
9789387242104
9789376866816
9789376864355
9788188739318
9789364134897
9789352113354
9788198265760
9789386424396
9789355850522
9789355382603
9789390715893
9789392023798
9789394417113
9781426845918
9788176373227
9789385616068
9789385529290
9789358130294
9789385875014
9789351472162
9789385616488
9789358869255
9789352038817
9789352032907
9789389368758
9780199475995
9782808197861
9780463300442
9789350719367
9789348995100
9789349625068
9789334393620
9788119208944
9789351445616
9789351444428
9789350940945
9789350719466
9789349660823
9789350238424
9789351447221
9789351445975
9789350361108
9789350367728
9789350717479
9788177395044
9789349168169
9788174464590
9788190236874
9788190236805
9789389368055
9789388863520
9789388094962
9789387827158
9789351448372
9789366310657
9789386179999
9789386601643
9789371073462
9789386482228
9789389573398
9788177395037
9789385504341
9789390060887
9788175981621
9788172112295
9789391940119
9789391913854
9789391465490
9789391308421
9789390765690
9789395355537
9789392204814
9789391942878
9789351471998
9789351449690
9789351449683
9789351449669
9789356749429
9789356059061
9789334328448
9789334234060
9798885695930
9798893221312
9789392494055
9789386601674
9789362017352
9789385244858
9789355438683
9789355931719
9789392665653
9789394515260
9789363471207
9789363198678
9789362831330
9789363198364
9789359112282
9789351449508
9789384267520
9789383746408
9789382127680
9789381224076
9788189920821
9788179080146
9789363551589
9789363473461
9788131914427
9788131519493
9788120832961
9788119546350
9788178557571
9788178556147
9789384908027
9789384337773
9789390531066
9781649190246
9781732025639
9789351849155
9789353110659
9789362520128
9789358932041
9789362520784
9789395973175
9789394264038
9789354776144
9789358429626
9789360825676
9789332540941
9789366279770
9789370636392
9789373048239
9789364314770
9789373047577
9788196908348
9789366270203
9789386345820
9789355570635
9788186569160
9788193001080
9780385735155
9789360740344
9780723249986
9780071391818
9781403489289
9781603600613
9788120330146
9788190203937
9788178123639
9788131201176
9789378169984
9788185814469
9789385965968
9780199228614
9789352606993
9781108581356
9780333926932
9788131514801
9788131407936
9788193917329
9789382291961
9789378166341
9789350136843
9788123914336
9788179308448
9789354097621
9788131421079
9789380456928
9780190132682
9789387077539
9789367090138
9789380456782
9789378320415
9789378320224
9789358934915
9788198903174
9789348235077
9788131928929
9788192425412
9789352205882
9788169244213
9789355850362
9780304298631
9788131500019
9788194370697
9789389800043
9788131505465
9788131421505
9788131421512
9780198069829
9789376866298
9789388186643
9788187339281
9788125048701
9788123417196
9788188641048
9781639049387
9788185790527
9789358422382
9788172545710
9789350388952
9788131804841
9780199464081
9780199451609
9789350385562
9789377395049
9789393134585
9789388642682
9788131509272
9789332585997
9789325964761
9789350364123
9789350134511
9789355857293
9789355867575
9798889350606
9798889230175
9789352530496
9789351447573
9789350364406
9789350364413
9789350940860
9788182835580
9798887831251
9789380803395
9789389403633
9789390129638
9789392204258
9789351443117
9789395286794
9798887723600
9789386756459
9789385814174
9789385500480
9789381089422
9789311124278
9789380269313
9798888336434
9788194163817
9788184026009
9788178840505
9788178129693
9788178086835
9781649832771
9789311123639
9788196852931
9788185599571
9781604240436
9788178291765
9780602243159
9789373041551
9789373042879
9789373043722
9789373048918
9789374672952
9789364813945
9789358931570
9789377395315
9789380456935
9789387162532
9780721447872
9780352335074
9780352334947
9780352333711
9780071070966
9789814020671
9780721448312
9789373044781
9780753822791
9780750244541
9780199463138
9781410900708
9780198069799
9781403489296
9781405465472
9781588103802
9788168795242
9788188237722
9788188646937
9789356739161
9789394266063
9780373180028
9781403441492
9789355578341
9780763558154
9781603600941
9781603600897
9789391126858
9780230704350
9780230015753
9781259025990
9781108921800
9789352723379
9780195690743
9789362731586
9789363199699
9789378168994
9789384292607
9789395362429
9789387763678
9780736884815
9780099410669
9788176755665
9789370751613
9780756514112
9780841602571
9781599201887
9781599201931
9781843229087
9781843227533
9781599202082
9781599201818
9788174826824
9788193944691
9788131411728
9788181378286
9781406215106
9781409139324
9780008310202
9781860498695
9780062417718
9781840139761
9780575085060
9780521675949
9780375764080
9780356245102
9780143066873
9780230331181
9780199481750
9780199474264
9780198095040
9780198095033
9781842559949
9780198091639
9780198091615
9780195475760
9780143414858
9780143067290
9780143067221
9780143063766
9780074633816
9780074632284
9780070660212
9780198095026
9780755388189
9780755339631
9780755315864
9780753829042
9780316196871
9780753826669
9780752883083
9780751540710
9780751540390
9780751540369
9780751539035
9781638062134
9788128614781
9788131511541
9788131511053
9788131423653
9788131423608
9788131420881
9788131420324
9788131420232
9788121941792
9788131412763
9788131408612
9788131408216
9780749940249
9781782210542
9781780223247
9781780221335
9781742118130
9780753828007
9781649833129
9781607100775
9781472344854
9781444701029
9781409139348
9780195635607
9780575085299
9788128614620
9781888472820
9788128614798
9788128616358
9788131403273
9788131404836
9781409139331
9780749933913
9781409135142
9780198091622
9780749929718
9780575090422
9780195638509
9788131414118
9788178815527
9788178711478
9788178665191
9788123928616
9788122006537
9788131406328
9788131405321
9788131405246
9788177647259
9788177642988
9788177640595
9788173871894
9788173663673
9788176297653
9789352624751
9788173099625
9788173136757
9788185330211
9788185330402
9788173872013
9788173913280
9788173913761
9788176297042
9788173916205
9788174784988
9780395574331
9788187359357
9788174938039
9788174938237
9788176251259
9788176254557
9788173914072
9788131415214
9788131415221
9788131721919
9788170002550
9788170200598
9788131408759
9788131407332
9788131414347
9788131411834
9788131412886
9788126903092
9788126903382
9780070621060
9780070636040
9780070656734
9780070670983
9780074631072
9788131414569
9788187248729
9788176564595
9788131416051
9788131416518
9788131416723
9788131416990
9788131420928
9788131419298
9780143099765
9788178665184
9788131420058
9788131420096
9788131420133
9788131420157
9788131420843
9788131418956
9788174887337
9788178295312
9788178294346
9788178291291
9789386245144
9789386146021
9789385068027
9788189582265
9788189301552
9789381630211
9789381221440
9789380937861
9789380570280
9789380570235
9789355731180
9788172331856
9789387511057
9789388437868
9789388788953
9789352530465
9788186599228
9788186618134
9788186651087
9789352036172
9788184311730
9788188661053
9788188719044
9788189901684
9788190071819
9788190328203
9788190604598
9789332901261
9788184120356
9788185024943
9788185031453
9788185179780
9788180960031
9788181290359
9788185604268
9788185604411
9788174931801
9788170236009
9788170299523
9788170742555
9788131419472
9788131419663
9788187445326
9788187502760
9788188134434
9788185971605
9789392135781
9788178882185
9788180960000
9788180960024
9789382081050
9789382705949
9788182051843
9788184889727
9788183240307
9788183242547
9788183243421
9788183250399
9789390912704
9789392135071
9788184430042
9788184469592
9788182052543
9788176294843
9788176291293
9788189012472
9789324194053
9788199157521
9788198248510
9788197224690
9788195113125
9788194966180
9788194374862
9788186771952
9788193675854
9788193307618
9789392235337
9788192766515
9788191077377
9788190987202
9788189886998
9788183332101
9788189000226
9788170999850
9788170999195
9788170998112
9788170997726
9788170339717
9788170334583
9788131419564
9788170281665
9788193223703
9789359233512
9789358893410
9789357014496
9789356121874
9789354569678
9789354567315
9789354563836
9789339205065
9789354561597
9789352532155
9789352038190
9789351766889
9789351652144
9788176352437
9789351105275
9789325964921
9789350715666
9788177641820
9788177569193
9788177567564
9788177544077
9788177001846
9788176710312
9788173712456
9788176569620
9788176568883
9788176565417
9788176356275
9789351439196
9781259003462
9788126115570
9788126106653
9788125910145
9788125908753
9788125907930
9788125904526
9788170999294
9788170999133
9788121924399
9788121402316
9788120722583
9788120408029
9788170239611
9781873746882
9788131511480
9788131423011
9780863113376
9780521727464
9788128614590
9788171582273
9788170999812
9788170999720
9780143067214
9780074638507
9780070531406
9780070263505
9788176563239
9788120329119
9788170207115
9788170182139
9788169683456
9788131770528
9788131756348
9788178815473
9788183242769
9788183165150
9788182910935
9788182749023
9788182093942
9788182052529
9788181830258
9781741848427
9788180522673
9788180430657
9788180300417
9788179940419
9788179480175
9788178990170
9788178817576
9788176253697
9788178664729
9788128614613
9780074620694
9788131403723
9788131403341
9788131400715
9788176635899
9788171321278
9788131755006
9788171001279
9781409135128
9780764145094
9789391925994
9789394559493
9789394182981
9789394075474
9789385401237
9789391775612
9789391282820
9789391155902
9789350970294
9789389555707
9789389174502
9789388426404
9789381055786
9789380212067
9789380081380
9789376864010
9789373896786
9789373896281
9789354563218
9789370789609
9789370469716
9789370463073
9789370025844
9789390915996
9789392374913
9788178665160
9788126720125
9788126117703
9788122403176
9788122006315
9781742118109
9788121914925
9788120334724
9788120333116
9781953650115
9781950654406
9781950194063
9788171321315
9788171004140
9788176250405
9788176114677
9788175980860
9788175151383
9788174451385
9788173919077
9788173918728
9788170333975
9788173669453
9788173665790
9788172155018
9788171981434
9788171567195
9781905654178
9789386179197
9789386173201
9789385444814
9789385444098
9789371183161
9789385104923
9789385075162
9789384961985
9789384961220
9789384934064
9789384410216
9789384310127
9789363331501
9789368046448
9788188719358
9788188082612
9788187496519
9788187445081
9788187359272
9788186803806
9788181290304
9788185931357
9788185930015
9788184191370
9788183795715
9788183601702
9788183600415
9788183332286
9789381144206
9789363559608
9789363338975
9789395129244
9789393781079
9789812435224
9789812403759
9789812321374
9789698665371
9789395481595
9789387747548
9789393077356
9789350640708
9789350358184
9789386416612
9789350094747
9789348995704
9789348262301
9788194374831
9789334373028
9789334117790
9789332901179
9789327278132
9789327270884
9789327267068
9789327234855
9789381849200
9789387484337
9789387257269
9789350352304
9788126507757
9781444108804
9788896322116
9788181370723
9788172081515
9789369260126
9788126507818
9788177221480
9788177229936
9788181282422
9789351192589
9780340990056
9788126505524
9789363190818
9789356189645
9788126507153
9789353502133
9789394829565
9780786855322
9789358930894
9789371866071
9789358937275
9789360820459
9789394646667
9789870407836
9789814606714
9789814357562
9789386424389
9789388386531
9789358406580
9780198835721
9789390041145
9788174824110
9788125052142
9788174766519
9789377305444
9789358406603
9789377395032
9788125048671
9788179307328
9788184833973
9780333933398
9788189928612
9788188237463
9789358400380
9780199494057
9789814418010
9788178002620
9788187359630
9789351438694
9780190121488
9789352031214
9788131605950
9788188734122
9780190127961
9789390531974
9788176755504
9788176753364
9789373583624
9789362014337
9789372445244
9789393699565
9788466613392
9788176755344
9781844892990
9789382428886
9780199487639
9789350249437
9788170947172
9789348145079
9789363553064
9781569714294
9789356129351
9788130929538
9788174468963
9788188118731
9788188466870
9788188479177
9788189859237
9788192170329
9788192801797
9788173667473
9798905407574
9798896739593
9798905405105
9798904793371
9798898799397
9798889098447
9798900235349
9798902074410
9798900549477
9789388563192
9789388754729
9789388984737
9789389048896
9789388563710
9788176297639
9788131504925
9788131758359
9788126562350
9788120841246
9788120353299
9788121943000
9788123432403
9788126562343
9788131900048
9788170085812
9788170949015
9788172111984
9788172162283
9788119032648
9788120347915
9798892331685
9798891336070
9798890671158
9798889863250
9798889595427
9798889231639
9789389691818
9789389555806
9789389471984
9789386714275
9789390366231
9789390875825
9789391598440
9789391598969
9789391925857
9789392013577
9789385919497
9789385529320
9789385529054
9789385401220
9789385140211
9789384826178
9789393726216
9789394075641
9798888699959
9789351447740
9789356182462
9789356182868
9789365541052
9789369614226
9789372198355
9789380298252
9789385966439
9789385966774
9789332521551
9789348078629
9789350367698
9789350717981
9789350941188
9789350942369
9789386585905
9788193879108
9789351101888
9789351101895
9789351105831
9789351440222
9789351440413
9789351442080
9789388426268
9789388563185
9789394689909
9789395380881
9789395451154
9789937332835
9798895193372
9798903923588
9789380336213
9789382127734
9789386761194
9789387672536
9789387672765
9789388030861
9789388182300
9789388266703
9789353502751
9789353168636
9789353167677
9789351472049
9789351448846
9789351448501
9789351038986
9789350942376
9798887838106
9798886417036
9789351442561
9789351442912
9788174532336
9788177000023
9788174530745
9788174531667
9789354775680
9789356182288
9789386179111
9789386309075
9789386309310
9789386339508
9788177224870
9788178556956
9789351446972
9788131515075
9788182964334
9788183555982
9788183558563
9788183559553
9788183768948
9788184046335
9789311128894
9789311126326
9789311125558
9789311124285
9789311122632
9788194271529
9788178557724
9788178556963
9789386585486
9789386561961
9788184975574
9788187972617
9781259064043
9781405145602
9788193559222
9780199455195
9789351446781
9789351445760
9789351444787
9789351444473
9789351443889
9789351443254
9789325965041
9789313164470
9781685862565
9781637140505
9789352831449
9780199467273
9780199468713
9788176299725
9788185319827
9789312147399
9781418915216
9781418915186
9781418913694
9781418909284
9781418909437
9781418918927
9789394346109
9789394550254
9789374621950
9789386209023
9789334043648
9788131423004
9788183796439
9789362074911
9788131421819
9788131423509
9789383627028
9789349965560
9780689837555
9780071128667
9780786837663
9780893283414
9781429107136
9780893285463
9781429108133
9781429117685
9781009443548
9781429104838
9780373517466
9780893289249
9789380829715
9780373897957
9780395520284
9781906031053
9781856753173
9788172738846
9788175156210
9781906031039
9789357367363
9789380829722
9789350871249
9789349865440
9788193246283
9781645973300
9789357559843
9780893289188
9781429122382
9781429123655
9788189966515
9789387626386
9789783956421
9789391569983
9789394644250
9789376863457
9789370028944
9789372650501
9789360827922
9789364172806
9789373350738
9789357556279
9789360823498
9789360824426
9788177397796
9789352011322
9788168793545
9789349905160
9789347027727
9789347027246
9789350133200
9780199597055
9788197223396
9788196198824
9788181807540
9788169464055
9788169464017
9788169286312
9789334400687
9788169068062
9781259026539
9789324197191
9789352602223
9789377304621
9789831364895
9789363959538
9789364111522
9780070655485
9789378801341
9789378164354
9789373072159
9789371365963
9789392641909
9789392641749
9789391374969
9789379856265
9789373171623
9788199295506
9789352906987
9789355865410
9789364116053
9789366110172
9789366274829
9789368906223
9789369525454
9789369526109
9789361592775
9789373072272
9789373075105
9789373170367
9789373171241
9789373171470
9789377303839
9789377303495
9789377300593
9789377300586
9789377300395
9789375164012
9789361130700
9789363195783
9789363123854
9789363954069
9789363360952
9789363884618
9789334239201
9789363122178
9789373171968
9780199642328
9780070704855
9789374734896
9780752107622
9781108855693
9781399435925
9788126500901
9788168637870
9789377304744
9789394494473
9789395941150
9789357319386
9789357313094
9789357675758
9789358527063
9789359548951
9789361130083
9789393509208
9780061197642
9788198971081
9780981224442
9789360823344
9789392196768
9789388809177
9789368905943
9789393509109
9788122479973
9789385071928
9781848364226
9781907311376
9781906572426
9789377135492
9781848981676
9781590122167
9781589510104
9781410908957
9789357269575
9789871156672
9789707181588
9781403490919
9780756514501
9780061205774
9781591163640
9781596351172
9781595320698
9789353697242
9789381865743
9789871129492
9789381443798
9781603600927
9789365541502
9789362079916
9781846853807
9781403488749
9781590121689
9780061197970
9789879338476
9789376468447
9788169813754
9789386896742
9789382428756
9789379574121
9789390770472
9789380456898
9789392145421
9789387788299
9788125910435
9788167100184
9789386604552
9789352270347
9789393509604
9788122479447
9789352270378
9789359773674
9789352058457
9788119665334
9789393885326
9780736899376
9780736861885
9781562014179
9781562013943
9780751539578
9781847324177
9780806984995
9788177394375
9780199460250
9788179305614
9788182966079
9788183250108
9781684669462
9789350942864
9789350944981
9788178125015
9781649512772
9789386179487
9789386585462
9789385401732
9789350366653
9789350367681
9789388707015
9781562014568
9789391064518
9789351439165
9789353308636
9789352033096
9788183326506
9788183572453
9789369738564
9789354774171
9789381283936
9789348111098
9789350361382
9789348555755
9789350366103
9789580485957
9789870004134
9789385054082
9781554701773
9781562014216
9781562013912
9781562012311
9789358915242
9789354774331
9780769236308
9781904153238
9780199460267
9789580464846
9780199461103
9780756514143
9798889862772
9798889752936
9798889594246
9798891863118
9780756514150
9789311121512
9789392212864
9789392641855
9789391389994
9789388267373
9789387763647
9789392494802
9781599202020
9781573672832
9781591163619
9781592090020
9789325964891
9789392880964
9789313194149
9789350121559
9789389798357
9781592601370
9788126514762
9788126517824
9788132204046
9788177226942
9788177226188
9789360546984
9789366835730
9788126500321
9788195715763
9789373043357
9788126520138
9788177225624
9789347971334
9788126517985
9788126505913
9788126506156
9788199306646
9780333932032
9788167010926
9781842345405
9789370782068
9789352645619
9789349499287
9780435057794
9780435057770
9780763526108
9780435057855
9780435057817
9781869596576
9780763526207
9780435057671
9780435057732
9789355851772
9780070142749
9780850841312
9780070153837
9780070221154
9788121918091
9780070677340
9788175349865
9781259028861
9788184290103
9788131408087
9789381390009
9788131408230
9789381390542
9789381997994
9789382332107
9789384294373
9780071074926
9781906497538
9788119232536
9780070435797
9788120328266
9788131407356
9780199475520
9788120318953
9788131406793
9788131420430
9788131420355
9788131420270
9789353500498
9789352866366
9788174464545
9788131407127
9788171945566
9781107644793
9781107632172
9788173190742
9781107626799
9788131505618
9788131419151
9780850841336
9788131419052
9789351430308
9788131421802
9788131424629
9788131411810
9788131408773
9781430245308
9788120320062
9788131405444
9789350236635
9789375449201
9789387925977
9780199463817
9780074632017
9788131403112
9789814715164
9788131408629
9788131419977
9788175346710
9788178294438
9788131405482
9788131405604
9789388983501
9780070603394
9788184489699
9780340982235
9780007446223
9788171795017
9788171947669
9788171994991
9780070683549
9788131762608
9788178817972
9788131415191
9788131407295
9780070621008
9788171005925
9788171323395
9788171339730
9788131408315
9788131408346
9780195656183
9780198065456
9780199481286
9788131407257
9780761997672
9788181914170
9788131406519
9788180180965
9788178817897
9780074631775
9780071074797
9780070635630
9780070601109
9788131413937
9788131419953
9780070599208
9788120327009
9789332568624
9788192869247
9788131604236
9788170002543
9788131401484
9788178817477
9788178815008
9788178814452
9788178811444
9788123926728
9788191064278
9788190938570
9788187445234
9788187317241
9789814147224
9788131411773
9788131414583
9788131412404
9788131525814
9788131531846
9788131531853
9788131403556
9788131401170
9788131400609
9788131420966
9789354776038
9788131400906
9788131401330
9780199463824
9788131405178
9788131419809
9788131419878
9788131414408
9789354566554
9788132203605
9788185164083
9788170002857
9788170281368
9788131403150
9788131403167
9788131403327
9789351070283
9789378164156
9788169001274
9788131408285
9788131411704
9789352535729
9789352728558
9789354565663
9788198082718
9788131415504
9788179305461
9788131424131
9788131505663
9788131404065
9789386646767
9789386631749
9789385999093
9789385125959
9789389208573
9789814606721
9789814606738
9788131419823
9789388386524
9788131407516
9789373358413
9788131415825
9788131416471
9788131417010
9788131418833
9788131419618
9788131419243
9788131419175
9788131407998
9788131414439
9788131404669
9788125909101
9788131404409
9788131403945
9789350515082
9789350642610
9789350716526
9788184027280
9788125910862
9788131405277
9788123926759
9788189923242
9788189530556
9788188646425
9788188132843
9789388913058
9789352029167
9789347117084
9788183601696
9788198999757
9788194491071
9789327247879
9789355424808
9789352036240
9789351769231
9789380358994
9789352033232
9780230322738
9788131234327
9789363335134
9789373356297
9789381244814
9789394060241
9788183571180
9789355867872
9788180380235
9789326193658
9789383053193
9788182836891
9789363330320
9788183186421
9789355577405
9789384852061
9780582245136
9780721448121
9789374261118
9788167010865
9789354464058
9789351610465
9780143001454
9789356125346
9789356127593
9789368525264
9789812613066
9789382410034
9781904886952
9781844897438
9780199464012
9781907311369
9780195690736
9789831365625
9780749468019
9788178557465
9788179757727
9788181374943
9788181983312
9788183552196
9788183556538
9789352535477
9780237539122
9788122413564
9788128004360
9788131909355
9788170641179
9788171093854
9788172865986
9789351447641
9789351448990
9781840590760
9781840590784
9789351999805
9789352534869
9780803993891
9781444102680
9781841652788
9780007307630
9780070672789
9788183556699
9787009700223
9788121907019
9788174827333
9788176137997
9781645460114
9781646782123
9789350231142
9789348199119
9781444000146
9781405245494
9780993456503
9780762422746
9780521700528
9780330336673
9789351444435
9789351444367
9781905503797
9781902463759
9781848568648
9781846108440
9789352032501
9789352038824
9789351445081
9788183556996
9789351446576
9789351445111
9789351446927
9789351447511
9789881740069
9789351445302
9789350360033
9789350362815
9789351443469
9789350716618
9789351449249
9789351449133
9789351449263
9789351766773
9788184020823
9789386908643
9789351444046
9789351443940
9789325980280
9788184028096
9789311128320
9788194465294
9798887839301
9789382068808
9789332521612
9798895197202
9798899619175
9798895197219
9789386820136
9789387840102
9789392641572
9789393862037
9789394841611
9789395764902
9789783956391
9789362736666
9789362739414
9789381714980
9798895196885
9789385616518
9789385616525
9789386189219
9789386306999
9789389820201
9789355030351
9789360345976
9788168688155
9798217191642
9781108434225
9789373581989
9788126578900
9788194985105
9789332535930
9789354358814
9789359147758
9789369524617
9789369895410
9789373043845
9789378379963
9789390610921
9789390640713
9789392140204
9780789318688
9780199459254
9789352729982
9780330444309
9780099451891
9788122204476
9789376862283
9780190053451
9788185054650
9788131420652
9788131420102
9788131415337
9789393459893
9789393459923
9789394550766
9789395108294
9789387572409
9788171949298
9789347984891
9789385140693
9788131411865
9788131412329
9788169729222
9788131414682
9788123912929
9789356749184
9789350387221
9789348078636
9789352534708
9788171990641
9789393459794
9789392374777
9788131408636
9788123925981
9788123925974
9788123441825
9780071321297
9788123912875
9780822221265
9780822220657
9789831364840
9780070587540
9789392641114
9780070599765
9781439184141
9789369075386
9788172082550
9788127258627
9789389806083
9788190169615
9789393456182
9789389661057
9789364551625
9789393456311
9789395973243
9788195058143
9788186730164
9788190169622
9789327256048
9788190169646
9780771096808
9781107642829
9788125942528
9789384004033
9789312143834
9788198052377
9789327251777
9789327217407
9789393456298
9789368402251
9789384004019
9788174344878
9789384004057
9789388658836
9789389663594
9789391900243
9789373045467
9788175150584
9788131415818
9789389728965
9788131407806
9788131408797
9788131405628
9781583761625
9788131405871
9781845760557
9780307348081
9788131406908
9788131424483
9788177696882
9789376862795
9788131408193
9788131416921
9789370022607
9789370026940
9780199459247
9789370029460
9789388330541
9789352602377
9789352601646
9789388323093
9789350126028
9789327240016
9789311125350
9789351763086
9789350718315
9789387320253
9788183890564
9781108401777
9788178121727
9788120417656
9788131302101
9780007269594
9780070655461
9789381227671
9789385401213
9781648693328
9781648690501
9781648505119
9781648504822
9788195844760
9789352038763
9781848795389
9781846968877
9789386179852
9780486463841
9789351766902
9798886842791
9789362078094
9789370630215
9789388632195
9789384294120
9789388632362
9789389173314
9789388240451
9798905401619
9789389173246
9780070659049
9798905100130
9780199587872
9798895199954
9798902960317
9789392131011
9789352530632
9789388323109
9781600107351
9781558381575
9788173704130
9789332902763
9788173704079
9780141328775
9781108661805
9788131789964
9781618138446
9789333212755
9780199491582
9788173704062
9788173704154
9798905401930
9789349905337
9789389520996
9789356065734
9788197181399
9789383989300
9788197181306
9788196093037
9788123905679
9789383989348
9789367197707
9788119774395
9789357554954
9789383668380
9789355579706
9789350594346
9780821761779
9780821759509
9780554016924
9780199479467
9781647600433
9789352656240
9789394724716
9789362732675
9789391003432
9788897775072
9789350588482
9789395358552
9789391659134
9789393077448
9788173703973
9789325792890
9789349789098
9789391003821
9789376860623
9789359103709
9789350588512
9789359100074
9788180611742
9789362079749
9789362078162
9789359308555
9789358939163
9789387308480
9789373042145
9789358701661
9788198372116
9788182966369
9788123922720
9780199488773
9788176294331
9788176291262
9788175342316
9789326196673
9780199482948
9788131408841
9788127267865
9788131420645
9788131420027
9788131418352
9788131414514
9788121925570
9788172293017
9788172159474
9788178815244
9788126102136
9788170336907
9788131416310
9788170203919
9788187359210
9788177332421
9788176850964
9789312148341
9788173914577
9788131401125
9788173911606
9788131407837
9788131407165
9788172761998
9788172540241
9788172201517
9788170249979
9788178770734
9788173914270
9788131404775
9788131419786
9788131417140
9788131416983
9788131401729
9788170200529
9788170170655
9788178815176
9788131423127
9788131422298
9788178814810
9788131401101
9788131400470
9788122410440
9788170950295
9780199468744
9788131424087
9788178814889
9788178813264
9788170462002
9788121924177
9788120711075
9788119452552
9788131403594
9788131401590
9788131405079
9788128833397
9780198095019
9788131424827
9788178813721
9788131420911
9788131420638
9788131420515
9788131405147
9788128833502
9788178812120
9788178812090
9788178812076
9788178812038
9788171945245
9788180180293
9788131415603
9788170402800
9789386592750
9789383754670
9789383044610
9789381221129
9789380134413
9788190401432
9788185316499
9788185218922
9789387949362
9788185475455
9788183600637
9788180960093
9788179100226
9788178817941
9788178814933
9788175240599
9788183710305
9788178812397
9789291159895
9788171413348
9788131414187
9788131414156
9788131414033
9781108401746
9788185712819
9788185701110
9788185771021
9788190429788
9789350833780
9798905101236
9789380096391
9788178813622
9788174881915
9788186653142
9789381055359
9788185116532
9789373350875
9788186623213
9788185902265
9788131420997
9788170720799
9788170545521
9788170544241
9788170437130
9789380545424
9788178811727
9788131415771
9788187775416
9788187391005
9788190181501
9788189611712
9788189573799
9788189301668
9788199843264
9788193875568
9788188652518
9788192055824
9788190809573
9788190809566
9788190809559
9788190809542
9788190809535
9788188719426
9788183710831
9788183454216
9788183453899
9788183329729
9788181378095
9788186651193
9788178812984
9788187818649
9789387484580
9789387484283
9789387484207
9789387303980
9789386561862
9798888837580
9789384598594
9788188082629
9789387532618
9788193106709
9788173712760
9789354569036
9789354563690
9789351650713
9789386179838
9789350834473
9789383811007
9788184025903
9789382810735
9788178811178
9788177393439
9788179651339
9788178817408
9788178815794
9788184671636
9788173914171
9789382810810
9788171003884
9788131421338
9788188641758
9788171582372
9788190647762
9789382348443
9789382339502
9788122005943
9789381095942
9789392140075
9789392379079
9798902698951
9788171414383
9788131415436
9788178791210
9798904319731
9789388450881
9788121933599
9788121911115
9788171001576
9788131412251
9788131408865
9789380036489
9789351439158
9789351243069
9788171004621
9788189582364
9788189012236
9788188837335
9788183713726
9788188322169
9788171563340
9788131415122
9788171008681
9788185771410
9789350230411
9789311124209
9789382339458
9788199120075
9788178811888
9781637459508
9781108401760
9789351445746
9780198095057
9780198095002
9788123431512
9788122442755
9788122006322
9788122005226
9788186398340
9788186318669
9780817610180
9788187815884
9788186851463
9788186706152
9788186653227
9788190809528
9788186398357
9788131412978
9788170410331
9789350361368
9788170245919
9788177213003
9788175981140
9788174889782
9788174881847
9788131423318
9789350833582
9789350367674
9788170245933
9788131423660
9788131423646
9788128830556
9788131423301
9788131421963
9788131420812
9788171243709
9788170821342
9788185880570
9788170545033
9788131414194
9788198152589
9788196459635
9788195423019
9788195164714
9788194346531
9788194274261
9788170640677
9788185753720
9788185234496
9788185220499
9788188693337
9788184301786
9788128004797
9789391065386
9789389857238
9788131424551
9789389187892
9789388913362
9789382689270
9789388450355
9788190423885
9788131412572
9788131412381
9788131426180
9789389579857
9788183330459
9781523085064
9788177222340
9788193274217
9788195145904
9788897443810
9789347839023
9788177229325
9788179925928
9781789092837
9780008116668
9780008122805
9780008310219
9780062298089
9780143332503
9781741827798
9788126043019
9788126047710
9788126502172
9788126502868
9781789092813
9781789092820
9780349408767
9781789291919
9788126508488
9788126508754
9788126527519
9788126541348
9781938755026
9781938755033
9781107683655
9780751568615
9781444763508
9781472145529
9781472219701
9781473698420
9780857502629
9780918963048
9781404105669
9781529301779
9781543349795
9781569571774
9781569571972
9781409156437
9781409159728
9780007450664
9780143454489
9780143457008
9780199488766
9780230330740
9780007352555
9780007525027
9780575090019
9780575090026
9780575095649
9780575098381
9780074622407
9780099538387
9788126506927
9789357769730
9789390679065
9789391968205
9789395767019
9789812531865
9789375444657
9789375446767
9780670097609
9780143429104
9780751584592
9780786854783
9780811840248
9780852263082
9780349405308
9780349405407
9788177220360
9780349410968
9781404112117
9781405252966
9781405347426
9781409120629
9780670082582
9780670093182
9781444729320
9788131729526
9788183578936
9788184951752
9788184952049
9788184954470
9788176357678
9788176590020
9789350040058
9789350041871
9788177224498
9788178530772
9789350046050
9789383263035
9788189059972
9781623173180
9781444753561
9781741859133
9781782438960
9781784752033
9781785787713
9781474605267
9781523085033
9789356295582
9781523087211
9781805280095
9781838776039
9781856753166
9781857886719
9781586421342
9781594774096
9781953650122
9789350041154
9789378323027
9789380200644
9789380868684
9789381045268
9789355184481
9789356187825
9789386228215
9788126576036
9781953650139
9788170297901
9788170298816
9788170949213
9788174822918
9788126503377
9788126505890
9788126507948
9788177223019
9788177225471
9788177228298
9788177228779
9788126544165
9788126556977
9788181289209
9788126514687
9788126518890
9788126519804
9781405932059
9788125055792
9788126505845
9788126505906
9789387280533
9789389648751
9789350041123
9788181902573
9789350290699
9789351038993
9789351069553
9789351770213
9788184955644
9788184995497
9788190944120
9789360706296
9789371233859
9789374623169
9789375006565
9789347971419
9789349168282
9789375449270
9789377131470
9789382299790
9789382947042
9789386918253
9789814403467
9789994992133
9781847493316
9789383263042
9789386206497
9789386500205
9780143415862
9780143420330
9781259025655
9780070531079
9780143332596
9788177221053
9788177222388
9789352028672
9789352020072
9788173704659
9789355961709
9789355961808
9789355961723
9789355967114
9789354335525
9789355961785
9780199488759
9780769214030
9789812140746
9789355850942
9789390955855
9789812431288
9789350653524
9788184495171
9788131254981
9788119232598
9780070670587
9789325790797
9789386016645
9788186599358
9788189988630
9788189915285
9788189915544
9789384310776
9789382740322
9789382127871
9789353226091
9788174453297
9788177080179
9788173917325
9788173913341
9780070080843
9780007307432
9788173411809
9788173191473
9788131316207
9789384170080
9789381945223
9788188837502
9789385880179
9789385868504
9789385556036
9789376468584
9789334267990
9789383454846
9789383446087
9789389242713
9789379575555
9788199120259
9788199080614
9788189066390
9789380937540
9789380143118
9789386056825
9789385904769
9788190620567
9788190575027
9788190482561
9789144039831
9789359597805
9789359205120
9789358988222
9789358867480
9789350940068
9788186332108
9789356166950
9788180612688
9788185167145
9788183553124
9788183506281
9789380228044
9788178000558
9789354564017
9789354561580
9788176930062
9788182901575
9788181980793
9788181980571
9788181980267
9788175083295
9788181474759
9788180613395
9788183241335
9789380228495
9789380228433
9789380228297
9789380228150
9789380228068
9789390450442
9788189000066
9789351848882
9788188661510
9781897829493
9781897829189
9789354561184
9788187336518
9788178295466
9788189000028
9788190420228
9789356055193
9789366659985
9789364109574
9789364023221
9789363885110
9789354566318
9788189000073
9789812744487
9788187649663
9789379573711
9789378162299
9789376862023
9789358165722
9789373355450
9789370782563
9780070606258
9788177699005
9781403909527
9781403924032
9789348995407
9780099511342
9780074638958
9780074634721
9788190378307
9788174460639
9789334153989
9789333212588
9789350141786
9789349586109
9789349584518
9789349136038
9788171945801
9789351439257
9789350940532
9789334299786
9789350911846
9789350684429
9789350350270
9789355001719
9789385152566
9789386550606
9788187972983
9789379574473
9789812744470
9789348399571
9789348262615
9789352036424
9789369617036
9789383369270
9789383280155
9789382302087
9789381979310
9789363336049
9780199469017
9788187966159
9789394417373
9789363194847
9789381868157
9789381005866
9788173911934
9798189473166
9789391399351
9789357603911
9789812744463
9789812653123
9788129109033
9789354567735
9789354567513
9788123927084
9789394176836
9789393232786
9789393096531
9789388594394
9789388397636
9789387444355
9789381570173
9789348555168
9789354568473
9788195756001
9788194074724
9788193819333
9789348153883
9789347984303
9789347047985
9789339220075
9780199467556
9788130906058
9788130900889
9788190794121
9788173192920
9788172610647
9788171794560
9788171671021
9788173411908
9789380228716
9789380228693
9788190794169
9789381868195
9788188837311
9788188000500
9788129711007
9788129114570
9788129113887
9788129112798
9781854106858
9780070655447
9780070619890
9780070594036
9788183160155
9788129106155
9788128025266
9788126118403
9789327239485
9788170367628
9788131762745
9788131502556
9788181476470
9788123921914
9788185733395
9788185599489
9788189833374
9788189326944
9788189320126
9788189239008
9788170369912
9780670049981
9780521743792
9780521188456
9781445428406
9781403924094
9780755386901
9780755349500
9788131211069
9780143028970
9788174363596
9788173916816
9788129115652
9788178672410
9788178530017
9788178291420
9780070499287
9788171567522
9788171563548
9788170761044
9788175940932
9788175741188
9788175544024
9788175251069
9788180381683
9789392144882
9789391596071
9789385444937
9789390989027
9789390585564
9789390227365
9789814418195
9789386212108
9789386206534
9780070635173
9788129111937
9780670058051
9780198084914
9780195695038
9780195685275
9788172233921
9788187162032
9788129111159
9788198518941
9789359985183
9789395518406
9788124117859
9789352020980
9789380559315
9788182903166
9788182902305
9788182901957
9788187853039
9788187321408
9788187134473
9788186898987
9780195698459
9780755331819
9780753712566
9780751529043
9789392230196
9788120328891
9788120316966
9781943614103
9780199468720
9789395117753
9789395108997
9789394704930
9789387192355
9789814125048
9789360625092
9789392445330
9788120340497
9788186852859
9788186190982
9788184290141
9788184120783
9788183243513
9788183241618
9788174463289
9788129108128
9788126903993
9788125907855
9780199475629
9788171569113
9788170892168
9788170337782
9788170336570
9780074622605
9780749940942
9780719524806
9780706989595
9780706972207
9780070447509
9781848777026
9788129110893
9788170893714
9789351506041
9789351431732
9789350949436
9789333211703
9780071070959
9788190794190
9788130901732
9780195652017
9788190287661
9788189582487
9788189557027
9788178241067
9788189239022
9788189000202
9788181981905
9788181980274
9788120415560
9781907219573
9780670049257
9780521718080
9780521016773
9780070591189
9780199470594
9788189239046
9788178880945
9789380228631
9780190938253
9781108691451
9780803992207
9780670049325
9781840674279
9788175741607
9788174763952
9788170998457
9780070474086
9780070444980
9788180381157
9788179925621
9788179100240
9788131800331
9788131602799
9788187248644
9789380228501
9788178000541
9788176630672
9788175940291
9788175940253
9788181582447
9780070403147
9780007309559
9780340933343
9780340887844
9780316858229
9780199470600
9780140270501
9788171678839
9788171675340
9788171569144
9788171339808
9788178881515
9788170998914
9788125042686
9788170943938
9781838520410
9788126118137
9788125048657
9788125027423
9788125026334
9780755340507
9788121923583
9788120341418
9788170999270
9780781721646
9789353694524
9789373944791
9789376861941
9789356064713
9780408014823
9781841611105
9780950249513
9780754400301
9780394480312
9780135329450
9780002189576
9780727814272
9780712695688
9789357477628
9789356128859
9789362189882
9789362074270
9789369142651
9780756750916
9781850582281
9781852272197
9780854327492
9780861831623
9780435120610
9780906774618
9780863391767
9788196066208
9788897242192
9789351611950
9780470206553
9789354775819
9780851192390
9780435210038
9780746095249
9789356126572
9780004724676
9780552540759
9780907164210
9780589014674
9780273019329
9781566860901
9780764531040
9780905031385
9780099452843
9780199141500
9780333720035
9780439871938
9780721463834
9780744594362
9788195834976
9781405034913
9780333762899
9780333762882
9780333687246
9780333720028
9780752264943
9780333659724
9780007120543
9798903196050
9789385616389
9789385980336
9789390851171
9789390875443
9788177640410
9788183333504
9798900236193
9798892330695
9798905401725
9798905405259
9780078813498
9780199461639
9780531187180
9798885308250
9798887171838
9798902317340
9798887044552
9798887046631
9798905108143
9788185250311
9798887172606
9798887042848
9789392657771
9798889091967
9798889751007
9798887172163
9789386820655
9789386601667
9798905100314
9798905100529
9789371862752
9789388788939
9789387444645
9789387660649
9789389208580
9789389173529
9798902070238
9789351765660
9789352029198
9789386309938
9789356187597
9789358930320
9789351448877
9789351449324
9789311128856
9789325964938
9798887173221
9798887171739
9798887171715
9798890025951
9798887042640
9798887042589
9788131718292
9788131408063
9781405080774
9789350133569
9789387000759
9788185599564
9789389308563
9788183559928
9788190309608
9788125012610
9798904794996
9798904315504
9798903628360
9798887170008
9798887173771
9798905603808
9798887172620
9789350940990
9788190775915
9789351443926
9788184930498
9788189923235
9798886676044
9798887042572
9789387919969
9789388323086
9789388330534
9789351446385
9789351447139
9789351447429
9798887044224
9798887044422
9789391567026
9788182964723
9788183250122
9789325978461
9789327265156
9789350271940
9788174532503
9788175140493
9781639749539
9781642490176
9781647334994
9788177644364
9788178554501
9788178555744
9789382841760
9789384598396
9789351449492
9780071733915
9788173669088
9788170641117
9788173669811
9789356182110
9789352033195
9789356185463
9789351443971
9789351444138
9789351445562
9798887042886
9798887042916
9798887044149
9788181377234
9788181378774
9788131732311
9788170167884
9789386189066
9798885462877
9798886069532
9798886296730
9788183333528
9788170640899
9788183320627
9788131412800
9789352039203
9789356180307
9789325975484
9788123417554
9789381156339
9789380240978
9789371869102
9781259064029
9780945747338
9781636062679
9788119268436
9788121929837
9788198356796
9788192320663
9789311122434
9788177394856
9788131416495
9780199491537
9780198091769
9788121935562
9788183572460
9788183578677
9788176290067
9789311123585
9788177640083
9788182964358
9789311123578
9789387208223
9789362076298
9789355541598
9789332502055
9789381045251
9780321398406
9788131405864
9788131421536
9788131415962
9781846961991
9788131407264
9789354469596
9780806996721
9780199458103
9780937064795
9781416914990
9789707184541
9789709726992
9780769239408
9780806996707
9788131420799
9788131415696
9788131420409
9788131420188
9788131416327
9788131415689
9788131414507
9788131408919
9788131408568
9788131408353
9788131408322
9788131407073
9788131406298
9789378320163
9789378320316
9780071735605
9789392594854
9789387153578
9780843189223
9781442431409
9780521796071
9780375854453
9780785153962
9780843189216
9780768226331
9780769656182
9780768224610
9780768224672
9789387208995
9781604502824
9788169729376
9780375873904
9780486788128
9789350293577
9781137464675
9789360942618
9789369142538
9789361315152
9789350992685
9781259027192
9789359233185
9789394550827
9789389749755
9789386243157
9789348995223
9788179309315
9780230745605
9789391543853
9780230638426
9789348912442
9789350389423
9789370461918
9789385075124
9789378168833
9780199699230
9789393459503
9780199491001
9780199482955
9789392144660
9788131303030
9788173814426
9780070670778
9788189027049
9788173702631
9788173814341
9788121906500
9789334328677
9789348396969
9788297860644
9780195667981
9783278585790
9788173703102
9788173704116
9788173703966
9780804858236
9788188719037
9780199478477
9788184311778
9788177585261
9788184121285
9789387000742
9789387763555
9781499267211
9789393766007
9789363331518
9789357477369
9789363330566
9789390460182
9798891710542
9780739064399
9780764155796
9781853903748
9781429107228
9780910142182
9781575605906
9781607278368
9789389744606
9789387483187
9788181806826
9788182110199
9789392330575
9789392958076
9789393853851
9788119000685
9788168519589
9788126340408
9788187250401
9788193919217
9780739080597
9788185860473
9780769252230
9789351672852
9789309952487
9780757900310
9789358930177
9789358325829
9789363385108
9789389552133
9788168740846
9789352075959
9781550416350
9789812613462
9789394644502
9789381066348
9789377305369
9789377304751
9789391544881
9789392330407
9789390770694
9789389454499
9789381587799
9789374241097
9789381066355
9789383624072
9789360824501
9788175156203
9789363385726
9789386309822
9780769260037
9789386896940
9788195947829
9788199268746
9789359545998
9789385720864
9789385500503
9788172737702
9789373171487
9788195022731
9789373171975
9789370200975
9788184409154
9780199461110
9788184503067
9788897242345
9788176297851
9788176297707
9788189912499
9788184841350
9789373047591
9798890265210
9789385401190
9798889758341
9789389339123
9798888693698
9798887722818
9798895192153
9798890661593
9798888691458
9789311127798
9788184500967
9788199137301
9789388788984
9798905400339
9789389872859
9798123908860
9788178121734
9788198605580
9788197443602
9789350366066
9789387308077
9789385868559
9788183711234
9788183990752
9788184026542
9788168637825
9788168637832
9788168837997
9788184502503
9788184502879
9788174826770
9788176295505
9788176295963
9780070620322
9780198091752
9788181372222
9788181372239
9798885462259
9798886674255
9798886677430
9789371863728
9788168848139
9788174825582
9789387444409
9789388563987
9789388788946
9789354335730
9789355533609
9789356214378
9789390718146
9789348749970
9788190655361
9788185873244
9780199461080
9789350942345
9788184500981
9788184501759
9789350515020
9789349905412
9789351443933
9789351447887
9789351447894
9788193824788
9788194882985
9788195947867
9789361103346
9789361103629
9789363331884
9789363479159
9789368531050
9789387997677
9789383572038
9789386385017
9789810747381
9789332575691
9789580494065
9788171565214
9788170742227
9781642495140
9788131503461
9788126435043
9781648690297
9780761932857
9780571222179
9780747242284
9780755341207
9780836843736
9788899619084
9788177223729
9789373041391
9789351870982
9789309247583
9788126504350
9789381045244
9788126530922
9788126505951
9788126531103
9781416998327
9781416906971
9781573671804
9780198090700
9789355850423
9789354551710
9789350473184
9789350472897
9788198518934
9789708280037
9781416968047
9788119917365
9788195808441
9781590121610
9780812063066
9780689859724
9780440244257
9780199476763
9780190134211
9780071733878
9780071735483
9789377510527
9780071735582
9788131754108
9780071733861
9780071733892
9780071733885
9789388605144
9789393699053
9780071735612
9780071074810
9780516262161
9780198098928
9788183287272
9789349905825
9786074370034
9781576440063
9788178812267
9789812436832
9788131423400
9789395565417
9789357265072
9789357266680
9789358445336
9789348070111
9789348137234
9789393134639
9789349189379
9789350710227
9789392295065
9789391948993
9788178813011
9788178882741
9788131424940
9780751536744
9780751534351
9789327240757
9788170336594
9788170408352
9788171566303
9789386635662
9780862886608
9788170335207
9788170335801
9788194984627
9789380097381
9788131788509
9780070444997
9780070668058
9788173813726
9789390906970
9789391596095
9788131421697
9789380571843
9788131422199
9789812740953
9789812744449
9789810725600
9789327253931
9789334018295
9789347047916
9788131504352
9780070229518
9780070648135
9789350947135
9789352034819
9789352037292
9788181984487
9788182093744
9788170461814
9788184780543
9788185067940
9788131423257
9788131423738
9788131424414
9788187336709
9788187477921
9780070153233
9788189530730
9788189780616
9781259027109
9781259027130
9788182992061
9788198774002
9788896325148
9788131420669
9788131420737
9788176494823
9788178810881
9788178812182
9788180380617
9788180611889
9788182910607
9789368025573
9789370020252
9789376864720
9780199491629
9780521189224
9788184120127
9788186299357
9788131422113
9788189530204
9788174450333
9788131421291
9788131401668
9788131406427
9788131416044
9789810725624
9788131414460
9788131401088
9788131401026
9788131208946
9781259027055
9780863110849
9788123909516
9788179927489
9788178880044
9788178817217
9788178293189
9788187359111
9788176464024
9788174931788
9788183600866
9788131415078
9788131421956
9788131422038
9780198091592
9788131416761
9788131418871
9788131420591
9788131417034
9788131417416
9788176130295
9780706989526
9788178812199
9788178880020
9788181912695
9788131416143
9788174764881
9788175342705
9789387145658
9789386506702
9789810725648
9789810725655
9789386433114
9789386433381
9789391636975
9789391807924
9788124113097
9788131411803
9788131414651
9788131415467
9780199491612
9780199499670
9781648928628
9781840329674
9780143063179
9780074635667
9780749933944
9780198091608
9780199491605
9788131424698
9788131424995
9788131518441
9788131534069
9788131421215
9788172543853
9788173716294
9789391895617
9789386433688
9788131420973
9781403931993
9788194465225
9788170335146
9788131726150
9788131709894
9780074632468
9780070681842
9780070669192
9781575210186
9780550101754
9781405836111
9780230636262
9780751528572
9780316725194
9788195380756
9789385444463
9789385155062
9789355231246
9789356735859
9788186099278
9788185989563
9788131221853
9788131401040
9788188222186
9789386374738
9788131411735
9789387484023
9789387484153
9789387572515
9789352728541
9789352990023
9788198518965
9788131408902
9788190257107
9788189923396
9788178811390
9789385075070
9789355230980
9789382908197
9789368023463
9789361852053
9788187248088
9788131401569
9789358447149
9789358445428
9788176251594
9789380089065
9789390081967
9788190493901
9789387925687
9789358578447
9788178811369
9789393555687
9788178661063
9789380712819
9789388373357
9789388395519
9789381420546
9789388386517
9789393498748
9788178669861
9789812744494
9789812747761
9789358445152
9789348274427
9788169891295
9789376862139
9789334374407
9788126040216
9789376023363
9780195687590
9780071735629
9789373352329
9789360700027
9789374620120
9789373356457
9789376021444
9789366650975
9780199476756
9780812936285
9788170772279
9781564020314
9788181311368
9788196258856
9789384761035
9789386908872
9789389700961
9788195541980
9789393766069
9789391726263
9789358930214
9788181378996
9789386585387
9798885461818
9789386633552
9789386882288
9789390128259
9788181374325
9789388632218
9780198090694
9780199469000
9780330504270
9780198086383
9788175154414
9788185268842
9780199450992
9788123906201
9798888833193
9789831365366
9789389579529
9788178127088
9788183250139
9780070672826
9780070681019
9788173702624
9789350124581
9789350620649
9788125041252
9789387763548
9781403433305
9789311128474
9788121929851
9789388983211
9780199461622
9789347117688
9788199793989
9789389546002
9789353626990
9789388983242
9788131902400
9788199843240
9789357261685
9789388750936
9789351382973
9798894757025
9798894984575
9789385980558
9798890021847
9789350389874
9788183556002
9789388750790
9789313193821
9789369586080
9789311123615
9798904517175
9789388750752
9789370029859
9789357606301
9781848981836
9789351871729
9788126051885
9780199475759
9788125063667
9788125044352
9789391726720
9780071735513
9781595910257
9789388734097
9781595910240
9780199476749
9780198088585
9781595910325
9780070699397
9789349905498
9788125927990
9788187134718
9789387153332
9789386771919
9788189923488
9789353628819
9789383646982
9781259006241
9788125919094
9788167211880
9789380269405
9788183486002
9788175156135
9788183890571
9789390906598
9789352830985
9789355865335
9789378162992
9789391126841
9789327233995
9789395941662
9788173812231
9788175441859
9789387153998
9789988840891
9780199480258
9780199464005
9781108676489
9788131733295
9780199463992
9789347984686
9789393459749
9788178817651
9780060510237
9788131412749
9789352170999
9789376862900
9788120345157
9788122406115
9789350637524
9789382705185
9789358444902
9789382459958
9789356121898
9789358695069
9789387994461
9789387840072
9789389286717
9789388437370
9789389707274
9789389707311
9789385303463
9789353698294
9789812140142
9789363557420
9789383746637
9789383866069
9798904796969
9798898541613
9798905602115
9789395773270
9789351442073
9789351441984
9798885694476
9788167910400
9789391155469
9788131809204
9789381638668
9789384175429
9789386179845
9789386243522
9789385556869
9789385616501
9789386416124
9789358387766
9798885916196
9798887728599
9789350718483
9798888690734
9798888050699
9789390659043
9789390645893
9789351446408
9789351447245
9789390041152
9788195464333
9788195076222
9780199470549
9780070706958
9788184691245
9789325987548
9789325964860
9789395677820
9789394929791
9789394607408
9789394200104
9789393542694
9789392494161
9789391145682
9788171568192
9789391446260
9788171320646
9780745175669
9781636060736
9781645462194
9788120821354
9788123429304
9781859859728
9788196973063
9789311124537
9788178555638
9788178555645
9789352511266
9789352534210
9789392135897
9789311122175
9789311124216
9789353697709
9788177644968
9788177002263
9788178126678
9788170086642
9788172545260
9788172748401
9788197390395
9788227893698
9788183559294
9788183577823
9788184021134
9788184027693
9788184027938
9788175151871
9789371117449
9789373942100
9798890262325
9788183559041
9781637452363
9789360749811
9788120345676
9789363194977
9789359102801
9789363331150
9788178555256
9788178840192
9788184924565
9788189966850
9789360827465
9788178555836
9788178557335
9788188327102
9788183990516
9780021206001
9788183711289
9788183335492
9788183333771
9788121905350
9789392135767
9789389286359
9789393232113
9789391547929
9788196388003
9788196364410
9788195725434
9780199474158
9789332538917
9788125048220
9788176372879
9788129700223
9788131805541
9788177001457
9789384310400
9788176567015
9788176569101
9788176569828
9788170127734
9788183332859
9788173809484
9788174829580
9788176355384
9788173669347
9789384175658
9788183557573
9788183334525
9788182966055
9788179308646
9788183330718
9798894758107
9789351448341
9789390760473
9789351447535
9789382740100
9789351444503
9789351444831
9789381849149
9789382705024
9789390760923
9798891864917
9789386416537
9789382443360
9789351446149
9789350637586
9798885559881
9789386860910
9789386620033
9789382740278
9789351447986
9789351449348
9789351738817
9789351761075
9789352033164
9789352038800
9789327272383
9789350362952
9789332575103
9788175544338
9788131401293
9782355743566
9781902934242
9781107639553
9789388800976
9780425134689
9789355936271
9789363888050
9789356266209
9789373045023
9789347098499
9788188453894
9788195326785
9788197024825
9788197060120
9789386290182
9789387208216
9789381587812
9789334238938
9789354551512
9789381970157
9780367264475
9789359119519
9780199459230
9789353625580
9789387153080
9789387153592
9788898542710
9788171338719
9788188511730
9788171337026
9789017015016
9788169777438
9789352534449
9788169729345
9780070604476
9789831365618
9788188511907
9788171338498
9789389749687
9780199463954
9789354972881
9789313192275
9788188734153
9781316643228
9780199461844
9788131515501
9781845660550
9789356529250
9789349905139
9789326193450
9789386741608
9789392215278
9789393462909
9788194528838
9789363330412
9789363330450
9788194492450
9788129111142
9780198090953
9789384223731
9789381587089
9789378162527
9789363330504
9788198903150
9789369894154
9789326193436
9789392239977
9789371119306
9788171563920
9788172763008
9788176566865
9789385315503
9788183823630
9781588108616
9789386769572
9782120812701
9788131503324
9780198072607
9781107668232
9789377300326
9788170793342
9789377301644
9781403475527
9781403433275
9788131424339
9788170207702
9788131715994
9788173410024
9789395117937
9789812142184
9788170172925
9789391088064
9789391913472
9789391469214
9788170020974
9788173413452
9788131421048
9789384646950
9789384456214
9789388002943
9789391913717
9798904310158
9789352621767
9789386860392
9789386820037
9789386179791
9789390450848
9789812435064
9789395117524
9789388323888
9789388269285
9789392753053
9789355865564
9789375446828
9789311124292
9788899290832
9789375437536
9789352510573
9789351921325
9789351748083
9789364404853
9789380743844
9789347117800
9789347047503
9789380089768
9789358529883
9789358381412
9789388134484
9789392581205
9789383506323
9789383278107
9798890027399
9789390825721
9789390811717
9789390521395
9789812530851
9789385980527
9789385529092
9789395107341
9788170334729
9789392581342
9789383067442
9789385075643
9789812552150
9789812542434
9789384238094
9789387840089
9789353572891
9789352878000
9789386871893
9789382986119
9789382609162
9789382299929
9789386179098
9789389648874
9789362077998
9789359108971
9789388384704
9798128002280
9788125908630
9788122503364
9788122006353
9788122005912
9788131408179
9788120720794
9780198082378
9780198074618
9780074638200
9780074632925
9780198061946
9780074635711
9780071072762
9780070447776
9789358448870
9780008128081
9780000315960
9780198084938
9780198074588
9780143029861
9780070703582
9780000155917
9781407584362
9780198061168
9780143414162
9780143064060
9780340963289
9780749952884
9780749936945
9780062313003
9788173918704
9788187283225
9788187134756
9789350351734
9789339213138
9788186803332
9788185936697
9788193218013
9788190426923
9788190133104
9788189917302
9788174935366
9789380444581
9788187818625
9788125909446
9788174450258
9788174450012
9788176485838
9789350354667
9789350352489
9788175440036
9788175345362
9789332575158
9788131306642
9789810995737
9789387511521
9789385976902
9789381822470
9788174451989
9788120409026
9788187731221
9788175101999
9788170997306
9788170445333
9780143066095
9788174935007
9788170334316
9788170220862
9781907219627
9780749444044
9788173915222
9788173810732
9780199482191
9780199478934
9788173017759
9780070634367
9780195659092
9780143414735
9788120327054
9788175240698
9788175240209
9788175240025
9788179290132
9788174964335
9788174935755
9788178811925
9788178667515
9788170999911
9788131309605
9788131308226
9788170404002
9788171569809
9788177647563
9788177646580
9788177642261
9788125931515
9788176254748
9788176253369
9788183243520
9788182747463
9788180611834
9788180480232
9788179306772
9788185731186
9788178882192
9788178814773
9788171548545
9788185163215
9788127240332
9788126907878
9788126900442
9788170185499
9788184080544
9788183320818
9788170020752
9788131718964
9788185880921
9788190133159
9788185604787
9788185495477
9788189013301
9788188837069
9788131306987
9788126706365
9788119032853
9781404112100
9781405054034
9781405228893
9788120334700
9780340812945
9789372125184
9788120412712
9781842556078
9788167270078
9788168799615
9788170020776
9788173714559
9788177001365
9788177560473
9780340921913
9788170282242
9788131423189
9788126713745
9788119624935
9788120329522
9788120331273
9780241247921
9780575080645
9788131701539
9788129507389
9788120730656
9781857236286
9781857998009
9781895383683
9788123000527
9780575080614
9788131511114
9788126717767
9788126725502
9788127214012
9788131511084
9781408302071
9781444903690
9788131717868
9788174451194
9788176254649
9788176351669
9788176506397
9788179927793
9788184028560
9788184043426
9788181370686
9788177641615
9788129704580
9788170288954
9788131423820
9788131424605
9788131501191
9781407554792
9788175040021
9788175940482
9788131423516
9788131765586
9788129705266
9788131015254
9788131207970
9788170081937
9781953650016
9784915831751
9788170288206
9788172866150
9788184841459
9788185107950
9788185116471
9789350355695
9789386173096
9789386555243
9789388594042
9788170174981
9789810193966
9788186803585
9788186852538
9789814147859
9788184240351
9781445417028
9780753824115
9780761997870
9789810158507
9788185398587
9789812552143
9780070677364
9788121929004
9780198069669
9780199461837
9780199468683
9788187380757
9788125907756
9780230330795
9780749443153
9781107653245
9789351369547
9789355322562
9789358442885
9788187445227
9788125900832
9780521683227
9780575077591
9780785382775
9781259027079
9780575080102
9781107400184
9781259003783
9780785347545
9780198091998
9780199468997
9780199485871
9780199562008
9788121928878
9788122431780
9788122439441
9788131307632
9780575080669
9781906497491
9788123441894
9788125907978
9786054092307
9781403909954
9780575080980
9780749445317
9780446345156
9780749909604
9788120334854
9788120342347
9781626568617
9780753816790
9780749934569
9780751544619
9780340981306
9780749451592
9788189582111
9788184993837
9789350945094
9789350945100
9789351033585
9789358695649
9789380117690
9788174762986
9789363473829
9789351443957
9789349168114
9789349965300
9789350294192
9788184924176
9789375444350
9789375445111
9789380154657
9789350836255
9789313164197
9788189611378
9788185212685
9788185605036
9788185749242
9788192627137
9788178294476
9788180381232
9788197155642
9788188661442
9788184501711
9788184766431
9788184834246
9788189320072
9788178290652
9788180300578
9789375449331
9789377300210
9789380016702
9789385080852
9789388395939
9789389000757
9789386054890
9789354336058
9789364408868
9780198065425
9789373948140
9788892225541
9789387484573
9789387763531
9789384038052
9789375448044
9789381350034
9789350945087
9789334360998
9789347047046
9789347047183
9789351063889
9788187374152
9788188429899
9789327210880
9789348740380
9788197862991
9788199169760
9788199412026
9789350387535
9788184950458
9788184953107
9789350945070
9789351069614
9788170998754
9788174968197
9788127258580
9788127267339
9788176130585
9788173029738
9788183614139
9789350834688
9788183640527
9788185813714
9788192674315
9788195315772
9788188641567
9788184500110
9788181372543
9788181375032
9788183614221
9788174767509
9788174884848
9788127248727
9788181378019
9788182091306
9788178790589
9788176130592
9788170336235
9788173662966
9788173663796
9788176563727
9788131405123
9788131421031
9788177581607
9788174465054
9788170336020
9788173281006
9788171796885
9788171797370
9788183558730
9788178810874
9788189988807
9788190817929
9788192129723
9788181377975
9789351066224
9789351066507
9789348137616
9788197862922
9788188685011
9788189220693
9788189301934
9788178087825
9789347047350
9788171568772
9788189511043
9788189511159
9788184954616
9788183602280
9788178817774
9788178901190
9788181378002
9788183713108
9788173871214
9788174341037
9788184192551
9788181371508
9788177642681
9788177699814
9788178086033
9788179651964
9780670088102
9780670082476
9789373048574
9789389750188
9781408500019
9788177222548
9788895884165
9789348544124
9788180564932
9788194944423
9788181284075
9788892224551
9789373942209
9789360544980
9789375006589
9789376860944
9789377139872
9789362073723
9789360681142
9789362074645
9788126575091
9789390066070
9788126577712
9788126578856
9789378324482
9789385529429
9789388277419
9789388757393
9789373359977
9789376868278
9789392546792
9789376861262
9789376867288
9788177222890
9788174090256
9788169235044
9781408500224
9788181285492
9788177223026
9788180564963
9789356187467
9788126578955
9788177226829
9789362076113
9789370021464
9781509816057
9781740511384
9789370022973
9788132201021
9788131901021
9789359489568
9788126569250
9788126504800
9789350041833
9788180564970
9788168604605
9788180564949
9788180564956
9788167290298
9788126503131
9780263828177
9781596950054
9788196236038
9788198723093
9789386376053
9780263800722
9789380122885
9789357478083
9789372907964
9780210222058
9789391388157
9789385022876
9781862092204
9788199128101
9789356217300
9789351672029
9780198090946
9788184249972
9789812749680
9789384226268
9789644380914
9780230639010
9789352719501
9789383646975
9781316643211
9789387153325
9789812557131
9788174827470
9789812740199
9789352534005
9789382877790
9789359717463
9780521744874
9780198061939
9788178124292
9788896323083
9789351445814
9789352723201
9788119114122
9789351248200
9788190133128
9781403909473
9789812749673
9780195672558
9788190127837
9788193270202
9788125063650
9788179915264
9780198841692
9780195684100
9780199596430
9780521744881
9780230328242
9780199481880
9788125908852
9781108402156
9780521744843
9780199467631
9780195671759
9780071735599
9780071735551
9780071733946
9780071735353
9780071735520
9780071733908
9780071735568
9780071733922
9780071735544
9788168780200
9780198082514
9789370020894
9780071733236
9780071735575
9780071735537
9789363337954
9789351673347
9789388478779
9789379230072
9789349905092
9788181311351
9789360828219
9789364310338
9789364314374
9788172868956
9789364314527
9789351671800
9789380712390
9780071733939
9780070153257
9788177292220
9781637817193
9781843324393
9788175156302
9781844540327
9789383547975
9789383335480
9789392569197
9789392379383
9789384826086
9788183326957
9788183326940
9788183323536
9788119132782
9788183572934
9780199461615
9789390869213
9789391076818
9789378491825
9788172861988
9788187502357
9789358708516
9789352513864
9788182967465
9788182963573
9788170640554
9789350944523
9789350946220
9789378491283
9789364020534
9789348521170
9789350944264
9789357267939
9789357263962
9789354771071
9788187629092
9789378491450
9788199043961
9789357423434
9789389018776
9789332588097
9780198066170
9788119625987
9789348457929
9789359115818
9788183795777
9788131718957
9788184691160
9789348070418
9789388528245
9789387918832
9789814147705
9789814147743
9789378491221
9789355866677
9789356930544
9789392641428
9789383335466
9789383335473
9798889752080
9789380271408
9798901125090
9789385888366
9789369269303
9789370462588
9789378491177
9789378491214
9789391153632
9789378491795
9789311124896
9789311124308
9798887837253
9789352870820
9798887830773
9789352870837
9789388395588
9789348995629
9780199467792
9780486276915
9788119792412
9789358445343
9781408508640
9789812549983
9780198090670
9781589257412
9780913277164
9789356734609
9789348013286
9789348037190
9789374246283
9789831364888
9781575090597
9789384223304
9789709726503
9780470905760
9788170582472
9781888472530
9789709726442
9781848102545
9789384469924
9781841932071
9789355019868
9789363703124
9780757307324
9788125063674
9780099417170
9780195684162
9780099417163
9789355573711
9788120325043
9780812543254
9781107649316
9788125914358
9788131514788
9789352722938
9789360547073
9789360626952
9788125063643
9789810721619
9788181421036
9788131700754
9789350132333
9788186332641
9789352035533
9789362075611
9788188553006
9788187721703
9788177091502
9788169729178
9789347984266
9789810721626
9780199459858
9780070435650
9780199459841
9780198091745
9780199460564
9789810879389
9789810721633
9789810747374
9780199481866
9781259001222
9789348995117
9789348995827
9789386925442
9789392641671
9789378164200
9789363196698
9780070601604
9780333916162
9780439718288
9780439722261
9780375842191
9781589256910
9781563127823
9781929945696
9789377514440
9789380514628
9789393699411
9780198093091
9780198475569
9780198090717
9789354801709
9780198081890
9780198090663
9788174530691
9781685635985
9781685093914
9788181375629
9788183689397
9788183572927
9788183572910
9788183556873
9788177642001
9789311124926
9788181371898
9789311123592
9788182964624
9788182964655
9788177002249
9788183326919
9788183550154
9789351033684
9788178126968
9788178556611
9788181370679
9788181371577
9788173713798
9788181372826
9788181373045
9789350947258
9788182680401
9788174450296
9788174530684
9789350289778
9789351443742
9789351443964
9789351444794
9789351445128
9788193445952
9789350947357
9789351030041
9788194712657
9789351033714
9789351194699
9789351213208
9788195737239
9788184302677
9789349168879
9789350042205
9788186299180
9789350712757
9789350719091
9789350719848
9789350943762
9789354771156
9788193846247
9788193975930
9789355865328
9788177228250
9789311123196
9789351416135
9798903922154
9798904312268
9781638506911
9781638068280
9781636339276
9781107647312
9789354972874
9780330506335
9780199481859
9788172160630
9780761995678
9788173668432
9788171009848
9788181373052
9788183330565
9788185902166
9798888695319
9798889350200
9798889518303
9789392641282
9781645468486
9788120752337
9788120779761
9788120840836
9788121917117
9781009792868
9780761997016
9788177648089
9788177228540
9781637458624
9788187725268
9788187928324
9788188641161
9789311126944
9789386625649
9789386649188
9798890670892
9798894984674
9798895194577
9788170189367
9789332539969
9798903191338
9798905408090
9798905602634
9798888055038
9798888330463
9798888499320
9798888691052
9780199455348
9798889758884
9798905107320
9798887832944
9798885918541
9798886066494
9798886068337
9781639748457
9798886296594
9789370927896
9789376860937
9789391549978
9798886413489
9798886842500
9798886844016
9798887332321
9789387894280
9789395245388
9789831365502
9789388676755
9789937263801
9798885308816
9798885309042
9798885690324
9780199472604
9789391126834
9789391437572
9789386714473
9789391913496
9789392379086
9789392379109
9789392624872
9798905408052
9789388107303
9789388107310
9798905603631
9789389173406
9789389173451
9789389310078
9789390157013
9789386561008
9788192089911
9788183166058
9788170948278
9788174530776
9788174532169
9788174532473
9788176290197
9781684942541
9788172335106
9788173138157
9788125040095
9788173669132
9788173669149
9788173704086
9788173704093
9789390767816
9788170640974
9788170820611
9785134136481
9788170976257
9788171008728
9788172110864
9788172131265
9788121926300
9788121938846
9788122448702
9788183553391
9788125953012
9788126559763
9788126563241
9788128003714
9788170640820
9788184303445
9788184777611
9789352534692
9789380397481
9789380707600
9789380761527
9789380896397
9789351445630
9789355315816
9789355317315
9789351447061
9789355867506
9789355966513
9789356185500
9789358543384
9789384668068
9789352510542
9789352511235
9789351441694
9789353168629
9789353611293
9789353692124
9789354338830
9789385980497
9789351446033
9789351447047
9789386379290
9789351447726
9789351448921
9789351449164
9789352032938
9789351440260
9789351440277
9789351440925
9789385616822
9789386835222
9789386850799
9789387660748
9789387672420
9789381162309
9789386105707
9789386309051
9789382110873
9789386379771
9789386500335
9789386500489
9789386516510
9789352038084
9789385244209
9789385616365
9789378166327
9789385875281
9789385914874
9789385929670
9789385966422
9789394200524
9789381162897
9789381514009
9789831365564
9789382127079
9789382993346
9789384061388
9789384310202
9789364315777
9789358444551
9789377139964
9789347971945
9789393781536
9788126507313
9789389798661
9788126509607
9788177226478
9788126505128
9788126507252
9781847384164
9789390229529
9780199450800
9788193919224
9789390377213
9781848794627
9780198387152
9789381729281
9782958347444
9789384765637
9789357558334
9789355541116
9788131731734
9789351739630
9789351200642
9781846461071
9788198577535
9788195693092
9788195676002
9788195582570
9788188752140
9788188751020
9788187213628
9788183156103
9788176603157
9788170589730
9788125061328
9789332516892
9781844221356
9781844225392
9780198076025
9781405091527
9789394644120
9789354468032
9788195393107
9788187348610
9789373359311
9789387441408
9789361809514
9789387503373
9789387077294
9789375739722
9780143478874
9788194215882
9788125035909
9780198081883
9788190599597
9788190332347
9788189635169
9788168638631
9788168638600
9788169522014
9788131724019
9789388893923
9789378040139
9788168637894
9788168598621
9789363952263
9789373070087
9781416953876
9789373171838
9789353452018
9789380848280
9789382111061
9788169819213
9789377301514
9789373175867
9789373171951
9788196447960
9789373171685
9789373170985
9788194920052
9789371551137
9789371437448
9789366659169
9789363952386
9788182527225
9789357492720
9789353456030
9788195173044
9789377303006
9788168848153
9789353029180
9789352923618
9788198372154
9788197891878
9788195676088
9780195664850
9788183577427
9788177698206
9788182810549
9788183852128
9788184952216
9788183858175
9788184042269
9788186099247
9788180300585
9788184313765
9788179917527
9788179776599
9788184081855
9788175341593
9789347047718
9789347047534
9789332541559
9789332514669
9788189443030
9789327250923
9788120328082
9788187694120
9789327221862
9788172867416
9789313193838
9789311125336
9789376863938
9788199120211
9788184083347
9788184082036
9788190856553
9788189530235
9788189530006
9788183711821
9789327215625
9788182055711
9788181912343
9788181281272
9789350942192
9788180300240
9788172866570
9788178710471
9788178531052
9788178330891
9788178222479
9788192709901
9780198063452
9789327236293
9789327227307
9789352831906
9789352667833
9789351472810
9789350948125
9788898262304
9789350641941
9788193811320
9788169729109
9780755315307
9780143030980
9780070261013
9789812749741
9789814107433
9789386668172
9789387153363
9789386016256
9780070589285
9788128816987
9788184317060
9788131202654
9788131208731
9788131219317
9788131713143
9788189443047
9788131769553
9788174766229
9788174464682
9788173816529
9788173811364
9788130704388
9788173136412
9788120324336
9788125012207
9788172732219
9788172055592
9788171946488
9788170088516
9788120342118
9788169729093
9789350350942
9788128020537
9788187248248
9788187477471
9788183486613
9788183571111
9780144001507
9789812552136
9789814147378
9789354493478
9789380408095
9788183481793
9788184121773
9789707126077
9780330523233
9780340946923
9780446613088
9780670058389
9780521121866
9788123432564
9788122423792
9788121925488
9780230328020
9780007360864
9780198093374
9780071074506
9780198093350
9781933338194
9781932777512
9781846840951
9780143100102
9788173714702
9780099506621
9780099504030
9780198093367
9789812552105
9789812552112
9789812552129
9788178790428
9788178790442
9781563127892
9780982020067
9789378490996
9789378491726
9788186299708
9788170127710
9788174935205
9788175346055
9788176117395
9789364400282
9789350357286
9789353225766
9788178790459
9788182811195
9788170993445
9788184312980
9788184766165
9788185421360
9789383454549
9789385039003
9789385114526
9788186599501
9789327222999
9788175940260
9788176117371
9788178665542
9780070700697
9780785123088
9780199485864
9788121510639
9788131900291
9789382332497
9788120336339
9780070703735
9789332537958
9789339213008
9780195798968
9780198089865
9780199485611
9780330470346
9780070595132
9789810619640
9781403924049
9789381608654
9788124204955
9788131404942
9788131417454
9788131502396
9780070612112
9788171797530
9788172252014
9788173913778
9788174464835
9788131516584
9788131758779
9780091897321
9780195632149
9780789153333
9789355962300
9789355964038
9789355966179
9789355966346
9789350230800
9789350518649
9789359981642
9789363336285
9789363470064
9780070667723
9789364400299
9789353623289
9788175348967
9789364409988
9789350352618
9789371051927
9789371052528
9789371054690
9789371058780
9789357268455
9789359486550
9789373890227
9789363335752
9789378165733
9789378166815
9789378169731
9789378490958
9789364404471
9789364409025
9788120340541
9789355962270
9789355427892
9789393224354
9798170284559
9789355231208
9788189443023
9789371051682
9789380097442
9789380408224
9789381390559
9789381390566
9789372121315
9789373353692
9789383646968
9789384447182
9789386233219
9789327257083
9789387763562
9789378490989
9788187853244
9789390389278
9789378492594
9789812550200
9789812550644
9789812551801
9789814035392
9789382070023
9789382792697
9789384197551
9789389656480
9789389749694
9788175981225
9789386824899
9788183323901
9780740719172
9780753462027
9788177398199
9788177398175
9781416939863
9789357366861
9789361215957
9789580498421
9780340329443
9789386376022
9789394095915
9789376869831
9780439843683
9788122448870
9780333909089
9789363470149
9781560109709
9789810613655
9789391064433
9788172734718
9788178815336
9788167100078
9788131998946
9789379570178
9789380456942
9789388332293
9789358164886
9788176499347
9789358167665
9789352075966
9788181915290
9788169796576
9788131999332
9789352072118
9788193559741
9788449320293
9789351671367
9789390459711
9789389824155
9788169488402
9788169742603
9789388859073
9780757981081
9780198090915
9788131728420
9789359572949
9789357865876
9788120909397
9781732043305
9781646781256
9781403909251
9780761993865
9788175881327
9788172543051
9788121917650
9788184021080
9788184983203
9788186019139
9780199480241
9789347704451
9789385873454
9789384564827
9789384089252
9789382641520
9789369616442
9789375439653
9789380864662
9788183326872
9789387672932
9788174469656
9789381283967
9788181370082
9789391554385
9788183326834
9781108432139
9788176299916
9789386456496
9789395404297
9788178126982
9788183326889
9789387333147
9789384583002
9788189547080
9780198089889
9780199457700
9789356212930
9789356180901
9788189747473
9788189359492
9788183507974
9780199457762
9788172749743
9780070660304
9788189915698
9780521616621
9789334071580
9789325993952
9788171007899
9789392379178
9789325986664
9789355480651
9788173196836
9781403929426
9798890672810
9798890028327
9798889235361
9788182963566
9788198111197
9789350948743
9789350790823
9789350065174
9788190982818
9788194881148
9788190461412
9788183326896
9788183795050
9788896737224
9789311123202
9789325973350
9789351247494
9788172545697
9788189800208
9789384285364
9789389889673
9789393134394
9789393063328
9789388151290
9789394591257
9789351381495
9788181374806
9788181374813
9788181374912
9788181374905
9789395263719
9789395117494
9798887726441
9789387276321
9789386202062
9789355334275
9788181374929
9789352723218
9789352038749
9789351766988
9789351441649
9789391940805
9781648507632
9789382527596
9789382527251
9789382527213
9789359573144
9789361102684
9798885216449
9798885214407
9798890678980
9789386433305
9789812740151
9789381659151
9798887333328
9798885219730
9798899840715
9789392641633
9788183893909
9789389798807
9789373948232
9789354802980
9788177581409
9788183897211
9788124112878
9788183602235
9789395543026
9789386376282
9789380422183
9789391064419
9788196737092
9780198081586
9780198081593
9780198081623
9788119665143
9788176602921
9780198080084
9780198081579
9780198081609
9789393766199
9789393480835
9789393480743
9789357362399
9780198081876
9789350126110
9789351410577
9789352728039
9789353163846
9789378165061
9788186332320
9789831365854
9789354710520
9789381390481
9789371796101
9789371799744
9780199455324
9780230226173
9788170820932
9780198066163
9780190130725
9780333936801
9788131405895
9789352021086
9789348230799
9789347984433
9789357824583
9789363193710
9789357269735
9789356217256
9789394613614
9780333937945
9780230321878
9788121927154
9788131718933
9788131407875
9780199468980
9780199455157
9789348995742
9789384837327
9780198086369
9780006281313
9780006754954
9789351670803
9789373354972
9789375770220
9789380803463
9789388550918
9789386290380
9789814437547
9789366659527
9788131760512
9788190986489
9788182669079
9788187339588
9789359034416
9788169162753
9789359034515
9788181910868
9788195487363
9789355579775
9780373745821
9789373359922
9789355838872
9789388013390
9789394027138
9789390785353
9789390707225
9789364551861
9789376861019
9788193811177
9780195665208
9789390616381
9780070589520
9780199474745
9780195665154
9788131216811
9780375754593
9780071329026
9780070589599
9789366655895
9789361977725
9789356054707
9789356059917
9789356180833
9789358381320
9789358865646
9789359303642
9789382741787
9789381530672
9789380262543
9789384463403
9789388676182
9789388563932
9789380386805
9789392474422
9789390869138
9789390572458
9789389774092
9798889757184
9789395518796
9789395300704
9798887832388
9798889517962
9789389048773
9789388750769
9789391126780
9789389718355
9789355364906
9789355315281
9789392593437
9789351445364
9788188739950
9788190598842
9788174531940
9789385616426
9789385616471
9789385929090
9789385980329
9789386189240
9789386189288
9789386309020
9789368184027
9789392803857
9789393679475
9789394752429
9789350947197
9789351441397
9789351443728
9789351444466
9789311123554
9789325984301
9789325987500
9789327248340
9789332588073
9789334320343
9789349183209
9789350123782
9789386309037
9789386309068
9789386379122
9789386668073
9789387918177
9789387918184
9789354469268
9789353623234
9789352834860
9789352830893
9789352623266
9789352054114
9781639970247
9781637141915
9781636067742
9781543344912
9780739865453
9780739825754
9780739825266
9780739825259
9788173712180
9788173669286
9788131514559
9788125953067
9789378490941
9789373944913
9789371055444
9780395778289
9789351445890
9780739825228
9789352021826
9789350620694
9789350718353
9789351446095
9789351447146
9789351449416
9789351449515
9789351449546
9788187339328
9780199461073
9788125950868
9788122507973
9788121916899
9788120770386
9788178554235
9788178121178
9788177394825
9788177229257
9788177220797
9788176603201
9788175968066
9788187863472
9788183713030
9788183329088
9788181376688
9788181374721
9788178555799
9789350941430
9789350719138
9789350944080
9780070597624
9780198093084
9780739825440
9789313191094
9780199457755
9788193919231
9780739825457
9789351848905
9789394265486
9780199467433
9789371324311
9780198099680
9780195665192
9788125059608
9789386070081
9789380231297
9788131728413
9780199450794
9789380896342
9788181803139
9781108688116
9789351675358
9789351676379
9780744304312
9789353692315
9789325980198
9788172867768
9789357476980
9789386824219
9789389755190
9789391070182
9789394900172
9789350594858
9789394792555
9789386824882
9789392591914
9788123417189
9780199476404
9780198089872
9789384837310
9789357552325
9789366498508
9789375675907
9789392549540
9780199455164
9788197138133
9789353629496
9780739843901
9780739843796
9780739843888
9780739843895
9789363322417
9780744304015
9780195668223
9780198099697
9788184300802
9788186706589
9788186299845
9788186237021
9780199479740
9788187100072
9788186773710
9788178810195
9788178810188
9788178810010
9788178271163
9789352830886
9788177642599
9788177370256
9788178810645
9788177640557
9788177331707
9788177291155
9788176492522
9788178810287
9788168923331
9788168272163
9788131944493
9788131509616
9788173156557
9788173156540
9788178814780
9788178814568
9788185880587
9788187100539
9788185475615
9788170246459
9788170170815
9788172935917
9788172540623
9788172380014
9788176485418
9788176463263
9788178814223
9788184832884
9788185517230
9788171640355
9788174784209
9788173813597
9788183452540
9788183452342
9788183326827
9788182882188
9788126704125
9788122006094
9788176252515
9788175252721
9788178811383
9788173099199
9788171414253
9788171180721
9788173910555
9788173664960
9788173170706
9788172960032
9788172545574
9788122005318
9788122005301
9788131302736
9788173153358
9788126132997
9788178811246
9788178810997
9788178810966
9788178810904
9788121928359
9788120705944
9788131600887
9788131407554
9788131307342
9788131305843
9788172244385
9788131303184
9788178810362
9788178810348
9788171004584
9788170863151
9788170559542
9788170445005
9788170416449
9788170333401
9788178810829
9788172543785
9788131303641
9780439994767
9788183166645
9788180940439
9788178815312
9788185194561
9788185182971
9788185182667
9788187228448
9780460313483
9788189917371
9788128830242
9788178810461
9788131403365
9788131303627
9788131302842
9788129508942
9788170703822
9788170546061
9788170460299
9788170444947
9788170333340
9788189755348
9780198079941
9780198082323
9780198082330
9780198082347
9780198082354
9780198082361
9780198082989
9780198083023
9780198085553
9780198094968
9788183711784
9788121923842
9788188661404
9788121924191
9788188060382
9788187775348
9788187445197
9789325982666
9788190881777
9788190143677
9788185027623
9789386394569
9780199475834
9788178810539
9788178810515
9788188661343
9788188267880
9789385125904
9789381221471
9789380945736
9789380527062
9789380408422
9788172543747
9788170288701
9788172154004
9788171823550
9788171793440
9788178815022
9788178814995
9788128833670
9788176463409
9788128829802
9788128811685
9788126152902
9788172542689
9788170247227
9788170245322
9788177645675
9788185251035
9788185218786
9788176569002
9788176489041
9788171561735
9788171381050
9788170950479
9788178810607
9788181423238
9788180960086
9789350718506
9789350270226
9788178815251
9788178815190
9788185116167
9788185031880
9788171563173
9789814107426
9788178810621
9780006903673
9789366960241
9789364172691
9789361861918
9789356738348
9789355483874
9789381293232
9789381283141
9789380618487
9789380545851
9789380540405
9788175940949
9789380422107
9789380292588
9789383763696
9789383335459
9789382901334
9789382778196
9789382741060
9789381981191
9789381975305
9780201325652
9789380540221
9789327288278
9788896325032
9788895884851
9788415622116
9788199210080
9789350948965
9789350945780
9789350726785
9789350686171
9789350500132
9789375440871
9789350174142
9788181370662
9788184027198
9788184025248
9789354551932
9789352891979
9789381632253
9789386594617
9789386592217
9789379740090
9789375448716
9789350366639
9789392542138
9789349905566
9789355264848
9789354553837
9788121924719
9789812359636
9788187100720
9788183578363
9788187737063
9788182091658
9788194227236
9788125930754
9788125023012
9788125011651
9788124500514
9788120725720
9788119421657
9781913553708
9781636330914
9781592236787
9781563331497
9781108678414
9788122006216
9788192807225
9789386209276
9789385676963
9789387840041
9789387840027
9789387763593
9789387747319
9789387672437
9789387532540
9789387532366
9789392867910
9789390579259
9789390006991
9789389820386
9789389637199
9789389637168
9789389637120
9789389637069
9789389637007
9798885690379
9780975847831
9789393134103
9789387303966
9788180402326
9788180311611
9788179770221
9788179652411
9788179651513
9788179650752
9788179480618
9788179460696
9788182812970
9788182811041
9789334094749
9788181984814
9788181740106
9788181740021
9788181375957
9788178810652
9788175245983
9788175240216
9788183711098
9788183684910
9789352592777
9788182091801
9788176126076
9788176110747
9780987513618
9788175700581
9788175240421
9788175240414
9788176488600
9781932705775
9781590590751
9788178190396
9788178810676
9788190688642
9788190456302
9788189919702
9788189532017
9788179331767
9788178900407
9788178837390
9788178814858
9788178814629
9788178812342
9788178811024
9788178110264
9788188082186
9788187988434
9788174885005
9788178810546
9788178810294
9788192718675
9788191077711
9789390886401
9789385556029
9789385507984
9789352341139
9789384302290
9788197481529
9788196971328
9788196430047
9788196174156
9788195979882
9788195522859
9788195036820
9788194983378
9789349704534
9789349183056
9789384598488
9789351848875
9789351260639
9788184488494
9788184305401
9788184191127
9788184121162
9788184042528
9788184042238
9788184040463
9788184027495
9788188132669
9788186618066
9788186089217
9788185799575
9788185602844
9788185431581
9788185378824
9788185234229
9788189430207
9788189000004
9788188826292
9788188429844
9788186982266
9780071074001
9780099533788
9780143029151
9780143064084
9780195668216
9781542030328
9781408350799
9781722506650
9781609947675
9781403922496
9781569570708
9781569572153
9781626561311
9780007361618
9780070589667
9780230638051
9780230634893
9780230632943
9788184749410
9788184950069
9788184951295
9780746075708
9781542032063
9781542037051
9788183579988
9788184748499
9780747544777
9780753731376
9788174825506
9788177221336
9788126500055
9781523095353
9781472215260
9781447223085
9780670081837
9780552558235
9781840112474
9781780554945
9781780554938
9780733621079
9780708864791
9780670097593
9788131532430
9788126514335
9788184955620
9788184953343
9789373354323
9789373353722
9789370025998
9788897778172
9789364311137
9788174820198
9788174821423
9788174822482
9789348995353
9789349168503
9789357557733
9789357550765
9781848545489
9781846530517
9789356664005
9789354897818
9788183578523
9788180563973
9788179926345
9781849418355
9788172248093
9788184952346
9788184952421
9788184952698
9781842557259
9781845876869
9788131718339
9788131732502
9788170602156
9788131789360
9788190751322
9788184996517
9788184956788
9788177226461
9788177224382
9788177223262
9789386206213
9789388757072
9789814274746
9789814294508
9788131716984
9788131787779
9789380834450
9789380848808
9789380942971
9789381639276
9789382951636
9789999975797
9789385936098
9789386233196
9789377132958
9789377135386
9789377305505
9789378322174
9789378719189
9789391234690
9789385888359
9780143415923
9780143429586
9780199475087
9780333932704
9789814344708
9788184001822
9789352712618
9780143103844
9789381398548
9789381431122
9789386206206
9781845876937
9781893115354
9780070700840
9780143064510
9780143065678
9780007399642
9789349965508
9789350098776
9789350361566
9789380422268
9789380480411
9789380708799
9788199419254
9788895884127
9788896328972
9788897443803
9788184956153
9789351192008
9789351293880
9789353380601
9789387456815
9789388605380
9788184956078
9788184956139
9789389664058
9789390247004
9789812553317
9789391350598
9789347971303
9789334039658
9789332514966
9789390782000
9780143100638
9780333934364
9780465055739
9789813005990
9788126502134
9788126506798
9788170215844
9788172237417
9780143066361
9780143066859
9789356932074
9789356932043
9789365572773
9789358409277
9789365573053
9789378491672
9789356932494
9789365578188
9789371053150
9789371052061
9789354952326
9789355962324
9789355965295
9789378491153
9789378491160
9789378491207
9789378491245
9789378491252
9788172345068
9788184881899
9789371054898
9789371055802
9780764158872
9789356931480
9789356931831
9789356931855
9780333936429
9780395287538
9789358408515
9789356932395
9789378490910
9789378491009
9789356934085
9789371058858
9789358408980
9789371057196
9789371058438
9789371056106
9789358405606
9789355969132
9789356930063
9789356930230
9789356930261
9789356930537
9780198080077
9781403929662
9788198111180
9789348544704
9789352621446
9789352621637
9789352625819
9789358401622
9789358404500
9788173178870
9780195671100
9781259064074
9788176566872
9788176560924
9788186822050
9789347971792
9788175965317
9781902915081
9788126121458
9788129114556
9788129112026
9788124116753
9788129110633
9788129110008
9788129108876
9788123925172
9788129103130
9788129102980
9788129102393
9788121922999
9788128001109
9788126149629
9788126143993
9788173814488
9788172867409
9788172867058
9788172252977
9788172236373
9788124116005
9788124112625
9788129116529
9788120318786
9780755343133
9788120317420
9788120317185
9781849153133
9780670891702
9781420104516
9781408311707
9781403928696
9780356256788
9781259027277
9781107642157
9780791079751
9788130906041
9788130906928
9788170087557
9788131788578
