9788125912040
9788173011825
9780670837878
9788173011801
9788171568659
9788123430348
9788184992045
9788184885729
9788183500951
9788171948826
9788171945924
9788171798872
9788171794614
9788171794492
9788171790234
9788171567935
9788180180316
9789357263603
9788171423484
9788170461487
9788170287049
9788170164029
9788183711173
9788183600682
9789327247572
9789348194268
9789347653926
9789347047442
9789347047121
9789333214087
9788171567324
9788174461735
9781843317159
9788175966048
9788173356902
9788173353826
9788172291846
9788172247140
9788172247119
9788172247102
9788175643017
9788175545090
9788185586519
9788187248293
9788187169666
9788187057994
9788187057970
9788186852866
9788186852569
9788186838259
9788171567591
9788186184639
9788186141380
9788185860947
9788185860442
9788184883718
9789350091555
9788184777048
9788184682281
9788184681864
9788184190533
9788184121469
9788184083590
9788184082494
9789327268461
9788184081763
9788184081046
9789327289336
9788183820943
9788183711531
9789350246207
9789350140352
9788196934866
9788194869153
9788191007695
9789383110919
9789382562474
9789381828991
9789381639184
9789381639139
9788184021035
9789327269703
9788178090092
9789327264999
9789327261790
9789327259124
9789327254662
9789327253771
9789327253382
9789327248371
9788187890027
9788178092423
9788178092409
9788184081824
9788178091846
9788178090870
9788178090535
9788178090139
9788186822753
9788178090030
9788178082592
9788178001036
9788177240153
9788176590280
9788188452118
9788187949053
9788178092355
9789372904000
9789380842479
9789361806018
9789383700363
9789382038078
9788131730195
9789372900033
9788125031086
9789355793287
9789352100194
9789386811288
9789388277730
9789389356960
9789392941801
9788199425484
9789377136321
9789362073228
9788131728888
9789387477384
9789362070104
9789370781498
9780195679724
9780198060697
9780195694659
9788178127132
9780198067085
9788121919869
9788183559218
9788184045390
9788178126203
9788123926094
9788123926117
9781646619153
9788183990776
9788125002833
9788130920115
9788178557076
9788122438277
9788122314083
9781636691190
9781636339740
9788121936125
9788121920278
9788121619738
9788121613484
9789325981164
9789311121598
9788125013396
9788125000693
9788183325295
9788189261566
9788188511143
9788185137735
9788184777789
9788184302219
9788122313321
9788121939508
9788183552356
9788192226989
9788183325271
9788175735941
9788175544512
9788190210522
9780199454785
9781646784400
9781646782963
9781646782727
9781646782468
9781646500277
9781639741564
9781639579983
9781639572786
9781639572762
9788125042860
9780834178359
9780834177314
9789352033980
9789352031702
9798889235255
9798889099321
9798889093046
9798888830437
9798889594147
9798889592778
9780001063426
9788185614472
9788131807682
9788131806227
9788185448244
9788184465839
9788126316076
9788126002597
9788125048084
9798890025968
9781637142882
9780199454792
9788123926056
9788121930000
9798903927661
9798903925896
9788177393088
9789351448273
9798902962052
9798902071532
9798887330716
9798887175904
9781636691206
9781648501487
9781648501234
9781639049080
9781639049073
9780198070559
9781947697447
9781850159315
9781702359504
9781685630379
9781685236083
9781647604790
9781647338756
9788123722078
9781639409327
9781639407477
9781639405015
9781639209682
9781639209408
9788121501064
9788120781160
9798886419689
9798886414752
9789350946145
9789350945421
9789350835890
9781639409419
9781648282348
9781648059520
9781648055751
9781648054396
9781648050367
9788170709435
9788170117506
9781639204045
9781639203925
9781639201761
9781639200894
9781639200634
9781648502064
9781648500329
9781648289057
9781639048823
9781639048588
9781639048236
9781639048229
9781648698606
9781648698439
9780198099369
9781639206124
9780198070504
9781648507533
9781648505645
9781639049233
9781648921414
9781648920776
9781648698774
9788174531049
9788172540487
9781649515834
9781649511928
9788170081647
9788131964750
9788131964729
9788131960974
9788131949160
9798886069235
9781648925184
9781648924774
9781636333663
9781636068732
9781636067605
9781636061283
9781636061030
9781472389688
9788128020056
9788127252496
9788123926049
9788123926032
9788123922089
9788131809037
9781639570959
9781639570096
9780007452736
9798885692946
9798885217484
9798885211673
9798885034968
9798885469340
9789352512843
9789352240128
9781685231880
9781685099312
9781648922633
9781684870356
9781649836472
9781649519023
9789311121581
9789311121574
9781649511553
9781649197153
9781648991370
9781648990571
9781648928611
9781648925795
9781685235352
9781685232108
9781684876280
9789386516831
9798885463676
9798885307994
9789386035370
9789386035356
9789354956379
9789354805073
9789354338625
9789385877407
9789325990289
9789325987463
9789351416166
9781637812181
9781637811801
9781637457771
9781637457405
9781637148136
9781648695322
9781648695209
9798888499184
9798888495162
9789384266066
9789383828838
9789382821069
9780070144835
9789327241754
9789351104025
9798886672466
9798886671759
9798885467520
9798885467032
9798888494257
9798888491959
9798888331958
9798885463751
9798886068498
9789351449140
9798885306263
9798885302876
9798887830889
9798887728582
9798887727035
9789810775698
9798885469227
9798885467933
9789389173352
9789389173345
9789351764632
9789351472537
9798885918114
9781639209354
9781638867067
9786541250104
9781648694677
9781637818459
9798885910040
9781648286605
9781647338404
9781647337926
9781647331283
9781646788859
9798888330623
9788121503907
9781647837402
9781647834319
9781647833190
9781647833183
9781647832810
9781647831103
9781647608941
9781647605445
9780198099352
9780198091691
9780198084228
9788121610056
9781638062998
9781638061786
9781639044566
9781638867784
9798888154090
9798888057001
9798887838120
9798887836522
9789390770809
9789389225761
9780198070573
9788170088417
9781638737797
9781638733416
9781638326779
9781638320388
9781638064695
9781638064534
9789384501112
9789381920688
9789381095676
9789380155074
9788172540067
9788170172895
9781638860242
9798886844542
9798892775298
9798891333499
9798890260451
9798886677218
9798887494777
9798887494722
9798905407697
9798903928217
9788182964563
9788182963665
9789327299533
9798887044842
9798887044750
9798889510185
9798902962519
9798889864592
9798889750109
9789351441052
9789351440420
9798905604423
9789350946206
9789350946190
9789388973878
9788182960527
9798890023780
9798888499429
9789351419754
9780198084211
9788180566912
9788180140556
9788178563046
9788178562971
9798888830147
9798890028303
9788177391572
9798887044330
9789351447412
9789351444589
9789351441069
9798887332628
9788174721792
9788181377173
9798887494616
9798887492698
9798900230269
9798899619052
9798899614682
9798887174990
9788176290357
9798886296440
9798886290684
9789382174912
9789386202307
9789386035387
9789380644721
9789380298108
9798885551601
9798885469470
9798885469418
9789352530007
9789388973199
9789385750465
9798901368817
9798900548227
9798885467018
9798885465656
9798885464697
9798898260279
9789381319796
9789381033425
9798893220346
9798893220094
9789349905122
9789385750472
9789387320468
9789350631928
9798896101673
9798896101390
9789350246320
9789350176429
9789385935107
9789385902451
9789385888120
9789326355353
9789350978658
9789350975930
9798886413267
9798889237730
9789350512890
9789350367018
9798888699508
9798888697269
9798886843071
9798886842111
9798886678154
9798887726137
9798889350224
9789385750458
9789385497759
9798889239789
9789351272069
9789351871040
9788126500895
9781861683397
9788180040023
9788126513123
9780195672749
9788177223446
9788181983787
9788173703348
9789814399579
9789388605724
9789381576526
9789380397597
9789367194386
9789361803185
9789357422123
9788196173036
9789350594070
9780195670738
9789361566035
9788131728871
9788173178801
9788129121042
9789361562631
9788129135308
9789350365236
9789357027953
9780195686425
9789382578680
9789387369023
9788125904076
9780230633537
9789387702738
9788125017165
9788122911183
9788173711787
9780070620834
9780195671803
9788188511167
9788188458820
9788173711428
9788174824639
9781844286737
9781882854332
9788123425146
9788125038399
9789380097183
9788187248002
9788187248347
9788187125808
9788184469530
9788176569514
9788183482448
9788175441590
9789327287141
9780966524581
9788192960906
9788892330726
9780834195059
9788173711190
9788184230789
9788185198637
9788131714584
9788178089515
9788177640564
9788176568487
9789380848877
9789380743837
9788183854122
9788182522046
9788178121994
9789386882905
9789350465332
9789362836731
9789350992890
9789350945698
9789384535148
9788186299234
9788130926704
9788131217689
9788148579015
9788170282662
9788170282358
9788172252571
9788170288497
9788174820945
9788173811890
9780199671762
9780198072898
9780230328747
9780195682649
9780195681710
9780195682526
9780195682496
9780199486762
9780195681789
9780307247056
9780230708143
9788131730744
9780307247117
9780834176225
9780834174641
9780333902547
9788187328506
9788192374796
9780861310975
9780230531529
9781107635999
9788189923068
9789351651017
9789351410270
9789393570543
9789388809269
9780195694642
9788122443028
9788119587353
9780195694628
9780195694635
9780140815672
9788194765226
9789394102231
9789359241210
9789358318975
9788174823564
9788193974803
9781730140358
9785551315995
9789394644779
9789394644793
9788131502914
9788131504314
9780198093770
9789356732407
9780721456591
9789377511142
9789349905962
9789389755008
9789384201821
9789384201807
9789390886715
9789384201852
9789395355643
9789373045351
9788123737515
9781107661790
9788125031048
9788125031055
9788131728864
9788169617567
9780002120081
9780713521870
9788125013372
9789362078896
9789814133852
9789814133814
9789380712567
9789383717064
9789384197063
9789380051604
9789385471896
9789385965197
9789812140241
9788175413825
9789332542006
9788179254370
9788182960855
9789385104169
9788170998211
9788170212782
9780198081463
9788173175763
9788173704697
9788173916625
9788174090850
9788174344663
9788127201555
9788178840222
9781890867072
9788175440173
9788175960756
9789327264685
9789327279535
9789327287622
9788185731070
9788186361023
9788186361108
9789350136768
9789350240564
9789350246177
9789350364710
9789350364727
9789350364734
9789350460382
9789327251005
9789350460412
9789350513057
9789350947821
9789351440109
9789351441380
9789351444145
9789351444596
9781107634251
9788178555980
9785111106483
9788120722613
9788121906340
9788121926096
9788121939522
9788170217701
9780521137867
9789351871446
9789352033997
9788172543877
9780195667295
9788181378408
9780143103219
9780195660562
9780198063841
9781107690776
9781846841422
9788173029790
9788170944850
9788170947448
9788170947783
9788170948001
9788170948414
9788179480397
9788179660027
9788180522499
9788181374165
9788183327633
9788181378361
9788121939539
9780786819102
9788121939546
9789387516380
9788172933890
9788173012594
9788170969952
9788173916847
9788174090553
9789390041572
9788175412125
9789393099037
9789395523974
9789832584995
9798176130171
9788131734476
9788181378422
9788181980120
9788121939553
9788121939690
9788121943369
9788122206159
9788122439625
9788170822554
9788127204471
9788127236182
9788127242350
9788127245467
9788127260019
9788130405681
9788130920108
9789327246643
9788131805091
9788170350309
9788170702702
9788170702719
9788170702726
9788170709411
9788170709428
9788174464583
9788194818052
9788199844728
9789311121833
9789311121864
9789311121925
9789311126647
9789327241907
9789350460399
9789352513550
9788175967113
9788176110273
9788176350723
9788176635271
9789327247107
9789327247114
9788171085804
9788171086214
9788178557281
9788178562599
9788178562759
9788178840048
9788175155640
9788175411111
9788184152234
9788184763775
9788185316444
9788185421568
9788185683027
9789327265101
9789350127872
9780521137812
9780198066125
9780198093763
9780198099338
9780198099345
9780333923245
9788172860721
9788171087754
9788171945078
9789352621125
9789353431730
9789353431792
9789377510053
9789380712314
9789381348666
9789384028428
9789384703233
9789385471681
9789385529139
9789386025333
9789386179708
9789386433862
9789386555311
9789387073050
9789381319673
9788188646821
9788188739615
9788188893232
9788190080132
9788193992005
9788183327466
9788183327626
9780198089902
9789327258165
9789327258851
9789352034000
9789352101382
9789352512829
9788177390216
9788177390223
9788177698060
9788182961203
9788182962538
9788182964556
9788182965744
9788183325257
9789351445289
9789351445678
9789351447702
9788183454759
9788183572897
9788183577892
9788183710602
9788184153064
9789352512836
9789352512850
9788125907633
9789390782314
9788177220414
9781920798543
9789347971020
9789390782260
9780195696271
9789351030874
9789814629782
9789390077465
9789380480541
9789352754038
9789382322948
9780007104956
9788125013365
9788126421305
9780340773932
9789388428613
9789386320049
9789382607403
9789361231193
9789359480169
9788128811586
9788172317782
9781107464476
9780198091103
9788184617733
9780199599851
9781107633971
9780199452880
9788171680832
9788196170202
9788190623421
9788189197391
9788182091603
9781855015272
9781316603567
9780956017024
9780333938485
9780333933916
9780198092766
9788189976736
9789381390245
9789381390887
9789390811410
9780199452897
9789390921713
9789392001444
9789395268233
9789389750287
9789356054066
9780198067078
9789362869203
9789325993013
9788185185651
9788172223922
9781403924964
9789378166945
9789381754146
9787758855366
9789351651321
9789355353801
9789352021116
9789351651390
9780198067580
9789325980006
9788174823687
9780195697285
9780195697773
9780195697797
9789348065148
9780198092698
9788182967076
9788183512060
9780195686456
9788129702432
9788131755501
9788196092917
9789373942841
9789386519313
9789378162367
9780547148120
9780547140582
9780195638189
9788131719053
9788131711767
9788179936924
9780199478033
9780195686371
9780198060543
9780195617894
9780195617900
9788171872862
9788172153519
9788172159658
9788172233594
9788176560474
9788176562393
9788175973626
9788171560608
9788171704538
9788171826988
9789351524328
9788171794270
9788171789146
9788171677603
9788174932433
9788175157576
9788175224001
9788172866396
9788171822362
9788171822683
9788173100543
9788173100581
9788173136047
9788173155420
9789389857269
9788172233778
9788171428205
9788171428465
9788172290849
9788172291822
9788172294700
9788172450823
9788172452889
9788171794294
9788171191796
9788171193301
9788173192913
9788179292068
9788172253059
9788170351016
9788170415671
9788170585145
9788170662051
9788170770688
9788131309964
9788130902296
9788174939012
9788170089575
9788170129813
9788170173670
9788170236207
9788170242727
9788187422068
9788185475042
9788131303085
9788131306314
9788168923386
9789810193164
9789814237420
9789831365441
9788175963375
9788170295914
9789381348338
9789381822562
9789381822630
9789382348528
9788173412011
9789387484658
9788170863328
9788172238223
9788171421831
9788171423569
9788171423828
9788171424658
9788171425136
9788171427123
9789382428060
9780143415190
9780141005799
9780140252156
9788179292129
9780198098829
9788177563474
9788176485159
9788177865783
9788178002231
9788131306772
9788178128979
9788178665870
9788178841533
9789380712437
9788176565622
9788177390193
9788177390209
9788177391718
9788177542431
9788178127071
9788183611046
9788183600491
9788183600422
9788183558204
9788183520324
9788182960244
9788181460196
9788183417563
9788181336842
9780143335672
9788179926901
9788179662359
9788179330548
9788179330395
9788183682855
9788183612654
9780143033516
9780074516478
9780074603130
9788181330406
9788173710704
9788173917974
9788175980518
9788176210874
9788176211079
9788176212175
9788176253574
9788175243057
9788172931773
9788177561739
9788175346314
9788175411616
9788175542082
9788175543133
9788175735927
9788179253113
9788176563994
9788177698664
9788174361844
9788172934897
9789351130260
9789351525776
9789380051307
9789380346526
9789380405308
9789380582139
9789380582238
9788131307571
9789350580004
9788175736672
9789350681459
9789350682609
9788176295390
9788175244078
9788175244115
9788176486354
9788176486798
9788176550741
9788176557023
9788176559287
9789350632154
9788126708475
9780521741057
9788188140978
9788188261482
9788188457250
9788188511150
9788188511198
9788188826209
9780806979038
9788120724860
9780863118425
9788181374158
9781403929556
9781407520520
9781416901228
9781638504689
9788123903330
9788129103987
9788120727267
9780572032685
9780602307615
9780670912346
9788122002379
9781107632332
9788120309890
9780852264942
9780852264959
9788120316850
9788120325302
9788120703315
9788120703322
9788120708969
9788128803321
9788170290254
9788126713332
9789350462058
9781841612607
9781845316785
9781846342592
9781848175235
9788190662741
9788186852828
9788194979623
9789325797017
9789350001479
9789350257562
9789350261897
9781741119619
9788188118335
9788176562782
9788176563598
9788177644999
9788178562988
9780070599918
9788178710174
9788125917267
9788125056706
9788125915393
9788121614849
9780771576676
9788127220112
9788129101129
9788129102034
9788129107190
9788129113948
9788125905295
9788125905417
9788125907954
9788125911784
9788125912132
9788125912217
9788126314232
9788183600002
9788179292754
9788185137636
9788185185156
9788185240183
9788185273259
9788185316109
9788185316437
9788181913999
9788176561808
9788182745100
9788176561105
9788183331357
9788183332682
9788183334105
9788183335119
9788178791791
9788190729475
9788179660089
9788179770535
9788179860564
9788180460449
9780462008349
9788181910967
9788183223010
9788131013342
9788129102805
9788128804526
9788128805356
9788129112088
9788129112613
9788129113368
9788129114778
9788129202406
9788128820328
9788127225445
9788121912723
9788128837067
9788128837975
9788128839597
9788128839962
9788129102706
9788170288459
9788131303054
9788131706473
9788128809514
9788128811982
9788128816963
9788127260354
9788131309087
9788131309643
9788186851340
9789810193157
9788186852835
9788187156116
9788187185024
9788187218166
9788187380696
9788187380740
9788185316536
9788131013120
9788185479323
9788185860305
9788185989075
9788186398449
9788186804476
9788186851210
9788130406305
9788128823022
9788128833977
9788130922058
9788131005323
9788131005354
9789380848761
9788131016794
9788131213124
9788129104090
9788124017630
9788124203767
9788125006909
9788125028963
9788125908364
9788121934664
9788120310254
9788120316263
9788128817786
9788122420753
9788122427592
9788123400860
9788123432977
9788120723399
9781648697210
9781648697319
9788120764859
9788120813861
9788120827486
9788121615686
9788122414516
9788128820250
9788127224547
9788125915577
9788125915959
9788127262440
9788127262464
9788128006975
9788128007118
9788128012426
9788126704989
9788123905747
9788126700653
9788126713608
9788126715787
9788126725380
9788126901685
9788126912940
9788125912170
9788122005042
9788122201154
9788126137510
9788126410309
9788126420100
9788126450381
9788123905945
9789380415079
9789380582009
9789380582061
9789380582153
9789385929489
9789386381507
9789386555861
9789361866975
9789362861528
9789362861856
9789364049337
9788183072441
9789350462072
9789350463192
9789350464717
9789387320680
9789387484146
9789387484160
9789387656406
9789388973687
9789381867860
9789381867884
9789350290675
9789369571536
9789381867952
9789381868812
9789381868829
9789381868874
9789381868881
9789380049120
9789380097237
9789380097282
9798128818683
9798171820107
9798171820695
9789380155012
9798179480747
9789389286922
9789389825930
9789359481920
9789380710044
9789380710280
9789380743929
9789381033418
9789381095089
9789387320444
9789387320529
9789387320543
9798175980609
9789381836323
9789381867440
9789381867518
9789354562631
9789354868696
9788194966074
9789327228694
9789327238570
9789327246391
9789327252439
9789327252651
9789351063315
9789351445494
9789351658443
9788889756263
9788892771086
9788897770398
9789325793620
9789325795112
9789350835968
9789350836026
9789350942093
9788195393763
9788196950552
9789351436287
9789351068907
9789351069645
9789351131151
9789351132752
9789381113769
9789381115268
9789381336212
9789350495209
9789350680490
9789350834602
9789350835685
9789381382462
9789380582221
9789380582429
9789380582573
9789350299128
9789350461235
9789350461280
9789350461679
9789350461754
9788199797932
9788888159638
9788888833781
9789381351130
9789350835739
9781730126871
9788120333338
9789990381269
9789389893519
9798128808325
9798128809445
9798128809452
9798128809476
9798128810014
9798128810076
9789392935336
9798128807991
9789394559622
9789394644472
9789812140333
9789812438812
9788170243168
9788170247357
9788131305676
9788170293781
9788170296409
9788170299127
9788170299653
9789393588609
9788124204443
9788125020134
9781107606388
9780143330158
9780706987461
9788178669519
9788181470225
9780195669398
9780333937129
9780340836132
9780435223021
9781591210016
9788120724839
9788170290230
9780521185196
9788122004410
9788122405460
9788123401829
9788124204405
9788170412922
9780706988215
9788131706497
9781402746307
9781403924858
9788120700734
9789382348115
9789389928327
9789389928662
9789389928723
9789391650544
9789392275142
9798184193854
9798184193977
9789381867938
9789386555878
9789386730084
9788170404361
9789387192447
9789387308565
9798128818508
9798128818515
9798128818676
9789382428381
9789383506132
9789384761752
9789385389344
9789385750717
9798128818492
9789392802225
9789386835000
9788131310243
9788131002872
9788131802519
9788131803981
9788170000013
9788170172598
9788170188902
9788131302934
9788175964952
9788131305973
9788131306970
9789382058892
9788131308400
9788131308707
9788131309865
9788129704733
9788174462473
9788131002933
9788131005330
9788131301135
9788131301241
9788131302156
9788131302880
9789381868928
9788131308011
9788187649762
9788187853145
9788188049653
9788188129607
9788188132393
9788184770575
9788184152272
9788184152302
9788184152661
9788184402698
9788184501773
9788197538506
9788184650372
9788184652581
9788175963009
9788171679669
9788176251754
9788176465335
9788176471855
9788176484855
9788176487023
9788176489515
9788173711183
9788184573213
9788184083064
9788184151800
9788186321485
9788186321768
9788186332528
9788183684927
9788183688338
9788183795463
9788184001013
9788184020793
9780448466286
9788184674446
9780448478807
9780448494791
9780448494951
9780199452590
9788184774092
9788184300543
9780199459391
9780199462087
9780431080307
9780431093673
9780434912490
9788184671018
9780448478159
9780074634332
9788183221863
9788183271233
9788183327459
9788183332255
9788181464446
9788181466037
9788181467454
9788181890290
9788182093454
9788182880757
9788170442332
9780448461342
9780486825113
9780199458042
9780199459278
9780448461281
9780143101208
9780143330936
9780144000746
9780144000821
9780195686364
9780198064015
9780198082095
9780448461304
9788174462800
9788174764201
9788174932877
9788174933362
9788174962829
9788175223363
9788171670116
9788185017815
9788171858057
9788172110970
9788173018022
9788182962521
9788173413360
9788173669781
9788170414704
9788182051997
9788170460015
9788170460398
9788170586579
9788171424313
9788171563517
9788171563906
9788182910522
9788179292747
9788173154454
9789327278248
9789327278408
9788189998448
9788188261260
9788190064705
9788190104050
9788190365161
9788190628549
9788190638395
9788190645119
9788189140250
9788184082951
9788189268206
9788189430023
9788189906788
9788189911140
9780007272112
9780007272716
9780071132152
9780000150714
9788185137926
9788185240305
9788185273358
9788189231019
9788199287358
9788199310704
9780007277902
9780070085657
9780070473003
9780070604155
9780070617544
9789350260753
9789327254174
9780000116802
9780000136619
9789327265835
9789350170854
9789352530892
9789352534531
9789352777884
9789352968893
9789353492274
9789350172353
9789327212556
9789327220209
9789327225808
9789327258868
9789327258882
9789348137197
9788184981148
9788184981438
9788184996739
9788184022100
9788184022438
9788184026573
9788192480954
9788192893730
9788192960951
9788193604717
9788194436157
9788188370764
9788188161638
9788183683821
9788184152807
9788184153255
9788184160598
9788184193664
9788184195040
9788187528517
9788187572367
9788187649601
9788184026955
9788184028997
9788188140206
9788188385225
9788188385232
9788188385560
9788188661473
9788194659914
9788194754305
9788184776928
9788186413357
9788186651339
9788186895474
9788187057420
9788184933819
9788190662734
9788192029894
9788192428895
9788186062203
9788186141274
9788186177389
9788186196861
9788186321478
9788190651875
9788188826049
9788190000338
9788184829365
9788187288237
9788194944416
9788189491000
9780198092544
9788177220445
9788186469958
9789382518433
9788186469224
9788126513154
9788126513574
9789831362051
9789393738141
9788192032276
9788180568350
9789385254185
9789347971242
9789378165085
9789378169472
9789376869657
9789371203432
9780199464708
9780195697476
9789379480002
9789355557834
9780486269979
9780486413648
9780195689907
9780198067375
9788122506938
9788120205437
9788131756638
9788174825254
9788174823533
9788174764485
9788174764331
9788174461940
9788171673087
9788171561889
9788171337064
9788170947059
9788170945352
9780199478019
9780195689990
9780195689945
9780195689938
9780069347001
9780199459988
9789332537002
9788177096965
9788183510325
9788185185392
9788190186216
9788123907512
9788170944836
9780198067467
9780198092537
9780199459957
9780195681963
9780195681994
9780195682014
9788189582852
9788189534004
9788187075875
9789394185982
9788175963573
9788171338726
9788186838099
9788186838921
9789325979994
9788186838983
9789343459072
9789348995063
9789350944899
9789350839959
9788184767438
9788185502359
9788175963634
9788180563348
9788127268992
9788125903666
9788128616426
9788123430126
9789357824781
9789380154503
9780706990973
9788121605144
9788121902830
9788121925037
9788123430928
9789381754047
9789384447908
9789384583729
9788128616587
9788130906690
9788130906751
9788130916484
9788130920092
9789392593017
9780486403151
9780486409870
9789380154916
9789380816142
9789381115985
9789381390740
9789381438282
9789385888335
9789386791856
9789388050258
9789388973731
9789390555536
9789355869326
9788170283393
9788170945291
9788171851133
9788172233310
9788174461667
9788175343252
9788190675796
9780199452576
9780706983395
9781107546608
9781107676299
9780195667448
9788170085591
9789387477490
9788186351253
9788195145980
9789354807831
9788183510370
9789353690595
9780070992832
9780143427049
9780199471072
9780195660555
9780195684735
9780143067177
9789352102815
9788177648928
9788173703362
9788131711750
9780195696288
9780198092520
9788129135278
9788195997558
9789352561711
9780198089988
9788131902295
9788131941089
9788178695082
9788178694436
9788125059196
9788125055594
9788131803912
9788182962903
9788128815553
9788128504266
9788125063353
9788125017233
9788130922041
9788130010373
9788189093273
9788129111968
9788181804044
9788178842141
9788127249373
9780333935200
9788126314348
9788126420926
9788127226879
9788189091019
9788128021046
9788177393361
9788177394115
9789311121826
9788171870929
9788172451769
9788172454166
9788187111290
9788189004125
9789327275124
9789327279238
9788177097511
9788177390100
9788177390186
9788177391701
9788126138272
9780199462100
9788178792880
9788178792828
9788178792255
9788178792248
9788125932529
9788125950981
9788193723272
9788172454708
9788178694375
9788178557878
9788178124940
9788178124773
9788181805607
9788181805256
9788194818021
9788172540791
9788170709404
9788170945994
9780000127310
9780070620254
9780198064299
9780198066538
9780198089797
9788178791289
9789351413882
9789351441823
9789390041671
9798171980146
9789351448808
9789351768678
9789387484016
9798184193892
9789380914749
9789381156131
9789350835265
9789350835272
9789381638989
9789382127499
9789383635757
9789384028220
9789385935497
9789351444800
9789351448471
9789380644660
9789380644691
9789386036827
9788170084969
9788170142225
9788170148746
9788170231066
9788170287681
9788170702030
9789387303188
9788128020360
9789327238815
9789327240269
9789327250671
9789386041043
9789386179586
9789386689085
9788170709398
9789350947425
9789351100331
9789387989153
9789388624961
9789327242638
9789327244496
9789386035448
9789386202437
9788185019031
9788189129071
9788121997744
9788122503548
9788122507140
9780198089780
9789386845726
9789380994604
9789350719879
9788123423685
9788121919593
9789327237412
9789327238563
9789362863614
9789362864024
9789380545707
9789389728217
9788131960806
9788131960813
9789384301644
9788175414778
9789380582580
9788175812451
9789350511527
9789350580998
9789327253986
9789327255898
9789327259964
9789327228564
9780753505007
9781844286973
9788121934978
9789327261165
9789327234268
9789327235098
9788173026522
9789382688099
9788124109137
9789380619514
9789352244393
9789327246407
9789381586143
9789380914183
9789386433893
9789350880975
9789350945186
9789352030989
9789352033935
9789352512720
9789352534524
9789352621019
9789381438299
9789381638231
9788121922166
9789350172414
9788123413631
9788172932145
9788183793520
9788175347618
9780861314768
9788121612487
9788177587173
9788178791364
9788178792330
9788178792866
9788175441484
9788175963559
9788184150155
9788175414297
9789327258684
9788126425099
9789327251814
9789380856247
9789327224177
9789327227963
9788184153163
9789352622375
9789352743124
9789382174684
9789382648819
9789380582542
9789361100055
9788182966000
9788183455541
9788183482363
9788184021233
9788125004332
9789350367087
9788198171542
9789311121765
9788184315455
9788184770124
9788184770674
9788185799599
9788182965072
9788182965089
9788170421269
9788176061636
9788189966324
9788190026116
9788190866408
9788193402832
9789350249505
9786541250074
9788178791340
9780198089803
9780198098751
9780198098812
9780199462070
9788120761711
9788120774179
9788121904902
9788121932653
9788123907956
9788125012467
9788121939171
9789347764400
9789350126349
9789327250787
9789350171974
9788177392777
9788177392906
9788184152975
9788182965645
9789350718421
9788182962989
9788182964303
9788182964778
9789327263763
9789327268843
9789357421331
9788182965997
9788184091724
9788184152784
9789350136966
9789380480022
9788184773606
9780198092162
9789353492700
9789353495572
9788184779851
9788183571319
9780143474678
9780143444770
9789381431641
9780877798323
9788130925172
9789355359117
9780195686449
9788125029687
9780706996647
9789394644892
9788170365723
9789359485355
9788172343774
9780198098997
9780195679755
9788122443042
9780333933640
9789354749353
9780195662894
9788172251987
9780755461820
9780756506520
9788174821843
9780070966406
9780521731980
9788173192685
9798131800408
9789833894048
9789814133081
9789814133074
9788170403609
9788122911695
9788121923118
9780817656959
9789390837366
9788181468154
9788181468185
9788186112663
9788184766103
9789394185302
9788181468437
9789833894017
9788184676266
9789833894000
9789833894116
9788175966666
9789833894024
9789380155036
9788188733644
9788187125440
9789381975800
9789382348290
9789388973281
9788181468000
9789392593505
9789350839980
9789394739123
9788181463517
9789350839997
9789381045367
9788183482158
9788181468130
9788181467492
9788181460929
9788183189927
9780198094593
9781107631649
9789381846629
9788123417912
9788122911206
9781899884193
9789350466179
9789350466148
9781740202800
9781107635821
9789350460535
9780941524674
9780736804219
9780706973754
9780198093275
9780198078500
9788184080414
9780198061076
9780198075295
9788188148530
9788185749112
9788186332627
9788188440078
9788176499323
9788186852040
9789350460597
9789350460566
9789350361276
9780074638187
9788189757540
9788173811814
9788172246440
9788130911557
9788175442184
9780333934777
9788181466839
9788181466884
9788181467348
9788181467485
9781841358338
9781841358345
9788181463531
9788175960312
9788175966789
9788123430478
9788123439693
9780198075301
9780070704893
9780074630013
9788126017973
9788126453252
9788125908616
9780070677685
9788123761367
9788125900009
9788130916477
9788170999072
9788125933786
9788123442617
9788173175015
9788190274715
9780195640274
9780195660531
9789327197419
9789382276074
9780333938577
9789353610029
9789372651003
9789361802546
9780195688856
9788189261320
9789390472284
9780330426688
9788178085036
9788185052014
9789389208283
9789811789076
9780330437165
9788131711743
9788184881417
9781629519067
9789327261356
9789311126517
9789311121840
9789392192142
9789389778939
9798126024376
9789388642286
9789393304940
9789388632614
9788121916769
9789389418361
9789387192911
9788188342013
9788191027150
9789384463496
9789381348598
9788131012642
9788171081523
9788187718376
9788121914666
9788124318348
9780521185417
9780144001552
9789350246337
9789327242454
9789311126524
9789351551584
9789351445487
9789350839911
9789350839942
9789351442578
9789350125359
9788181464040
9788178841090
9789352031689
9788178551838
9789388632591
9789388323321
9789350893920
9789387903036
9789350893913
9789387840331
9788182961296
9788181803726
9788182961265
9788182960626
9789385929410
9788182960657
9788181464019
9788181379344
9788182961920
9789388632607
9788182961463
9789387840324
9788182960633
9788182961272
9788189261894
9788182961289
9788189906085
9788195851683
9781403931207
9788183203180
9788120204546
9789327295474
9780002090506
9781107635524
9788131803141
9788131802762
9788170215950
9788170287827
9788174821416
9788170172574
9788131805916
9788131934876
9788121934244
9788121934480
9788121940917
9788184978339
9788123907840
9788174824097
9788125047322
9788186224007
9788126319329
9788189012519
9788129508959
9789311121789
9789352831722
9788128011122
9789354550560
9788120205420
9788126049592
9788193766743
9788128022623
9788175342446
9788183323635
9788183600934
9788186177648
9788121931090
9789382993742
9789385401299
9789385929380
9788123762531
9789386209191
9789387499621
9788126138289
9788126138333
9788176554084
9788177392029
9788177394078
9788131701928
9789362869883
9789363195295
9788170640370
9788174828590
9788175811072
9788177584004
9788183555012
9788183990080
9788184081992
9788184517729
9788184766202
9788185604428
9788185971872
9780137052851
9780137053339
9780137074525
9788184027013
9788184031089
9788177226874
9788180568831
9788173622984
9788177224962
9788178691152
9788180560231
9780198066521
9789361569357
9788181471864
9780195653991
9780198065838
9780333925669
9780195662887
9780195697629
9789332514263
9780582188532
9780333925683
9788124202739
9788170200239
9780230634336
9780195611601
9780143101871
9780007446216
9788174461919
9788174461476
9788131804193
9788170084686
9788170163671
9788130904627
9788129110640
9788174363633
9788128836763
9788128835315
9788128824982
9789812556837
9788128020353
9788127249397
9788177691153
9788131804223
9781846841309
9788131907245
9781846841040
9781846840975
9781844511709
9781841612829
9781841612782
9788173191220
9788173155437
9788170820239
9788121607131
9788120727526
9788124104804
9788119936922
9781905204052
9788174460042
9788174390424
9781846841286
9788174362094
9788173813504
9788173711398
9788173702129
9788173192579
9788170421276
9781846841323
9788120718616
9788171561230
9788171427062
9788171339662
9788183520249
9788183520133
9788180619922
9788172453091
9788172249809
9788172245894
9788172237530
9788172230258
9788184090901
9788184082203
9788171825417
9789812556820
9788183883832
9788183821469
9788183712095
9788183681278
9788127247447
9788127209490
9788173154355
9788174766625
9788174760746
9788174461995
9788131308851
9788131301883
9788131300817
9788128020308
9788184020915
9788177565454
9788174821546
9788130916439
9788130916422
9788130916415
9788130916408
9788130906416
9788178692777
9788178692555
9788128838484
9788178380223
9788178223858
9788178091884
9788178091730
9788171797578
9781409305705
9781409102922
9788126474844
9788124205846
9788124205013
9788124204986
9788122402025
9788131310304
9788179635711
9788178830377
9788172159016
9788172154387
9788178667942
9788171821211
9788178060903
9780230637450
9780198068419
9780198061069
9781107629912
9781107605305
9781107508675
9780958152747
9780706997880
9780340944561
9780237510817
9780007957453
9780007778652
9788128824920
9788170089438
9780007288571
9788131763520
9788131403778
9788131308202
9788131307069
9788131306574
9788130917245
9788170669791
9788170663751
9788170661924
9788170404170
9788170283478
9788170170914
9780195655735
9780340857991
9780237512408
9788123901121
9788123429823
9788123009742
9788121924603
9788121901345
9781406252859
9780333902875
9780143028956
9788126465866
9788126707782
9788125914129
9788124323977
9788124204740
9788124204733
9788124110683
9788124109090
9780007778645
9780007446131
9788124201725
9780007286966
9780007286614
9780000138217
9788121612425
9788126463688
9780007446162
9788183600293
9788174761699
9788188267637
9788174461483
9788172247751
9788172159689
9788171000937
9788170966494
9788170945345
9780521746465
9780521185486
9788130920290
9788175641037
9788174905642
9788174905635
9788174905598
9788174905581
9788122402100
9788174761668
9788122402018
9788120312302
9781846841293
9780958152730
9780760315095
9780706972351
9788176258456
9788130920283
9788126710379
9780140245677
9780140240573
9780074519592
9788187134688
9788186651377
9788189757106
9788176931809
9789812556813
9788185897189
9788185749518
9789327212631
9788185386836
9788184001778
9788183482912
9788183322966
9788183220293
9788183160568
9788181471161
9788181471147
9788180616037
9788179291948
9788185989303
9789351380009
9789327232653
9788185618852
9789327252767
9789327251807
9789327251166
9789327249545
9789385874086
9789350292310
9789350260616
9789349313866
9789349208087
9789349208070
9789327263121
9788186852576
9789351650997
9789350331613
9789351061113
9789351060703
9789351030744
9789362868145
9789353228163
9789352831715
9789352722532
9789351654865
9789351651741
9789351651680
9789378167782
9789373896830
9788186851678
9789380480060
9789351061120
9788189430221
9788189320058
9788189235161
9788189093549
9788188837250
9789381836378
9789380914237
9788188385423
9789380789002
9789380710105
9789327254891
9789380582559
9789380582399
9788184152586
9788184152579
9788189815066
9789327228199
9789327225891
9788196469139
9789382428350
9789381969502
9789332421714
9789327275407
9789380914008
9789380703022
9788187253396
9788187134954
9788189911119
9788189906962
9789351524045
9789351524038
9789385140228
9789381791301
9789380914268
9789380710167
9789380710020
9789380582368
9789369579136
9789380051901
9789812556806
9789810193171
9789387484498
9788131310564
9789385658556
9780144000739
9789814147781
9789812556882
9789812556851
9789812556844
9788178840611
9789351651420
9789380582283
9789369576098
9789369572915
9789353223762
9789327244489
9789327244427
9789380155081
9789384038588
9789382578062
9789382518266
9789386545565
9789386278968
9789833371334
9788187321187
9789393304933
9789392135316
9789391093297
9789388492454
9789387484825
9798184194448
9798184193809
9798128818409
9798128810403
9789394185951
9788189582883
9788188086276
9788188039234
9789812357786
9788184776966
9788170942191
9788170942023
9788177565089
9788180563232
9788180522079
9788180310850
9788185790282
9788185618920
9788183203319
9788182744578
9788185618609
9789380582092
9788181466112
9788181466068
9788181465412
9788181464781
9788189906078
9788189866808
9788186803639
9788183484350
9788183481434
9788183412124
9788183204453
9788183204422
9788192960999
9788181471130
9788128010910
9788128010866
9788184152104
9788184151732
9788176503679
9788176211734
9788184021073
9788175442108
9788175348677
9788175345492
9788174939135
9788174905628
9788184823882
9788184748550
9788184152517
9788177564778
9788177562552
9788177562231
9788177090765
9788176590075
9788185618845
9788185618760
9788175968028
9788185185422
9788185072739
9788184998276
9788184749120
9788184743678
9788184403176
9789350880333
9789350836194
9788184194289
9789350832318
9789350495407
9789350495377
9789350495360
9789350484555
9788181464774
9788181464545
9788192861975
9788186635421
9788186321898
9788185989174
9789350903896
9789350880401
9788188429189
9788188385430
9789350835982
9788188339112
9788188330010
9788188234332
9788187853701
9788187326335
9788184748154
9788181471185
9788190710480
9788190604567
9788190181907
9788189923112
9788189906832
9788174829856
9788174828699
9788183520003
9788184152449
9788184152418
9788184152357
9788194740322
9788184745870
9788184246667
9788184244441
9788190950336
9788184153439
9788184152920
9788184152715
9788184152647
9788184152593
9789350480847
9789350480458
9789327239072
9788184747713
9788184745917
9788194398004
9780713522174
9788131729991
9789386046741
9780137068715
9789369575510
9780195681932
9780198066491
9788131712092
9789369575091
9789369573455
9788176559683
9789369579648
9789369576647
9789351035275
9780195681925
9780198072850
9780198062141
9780195635201
9780195635195
9789381920473
9789380072746
9789350416846
9789327263206
9788195703500
9789383051809
9788170290186
9789384447496
9788171305506
9788170299158
9788170297628
9788189261177
9789387918597
9789387918603
9789350178355
9789388973359
9788194274117
9788195703548
9788199692787
9789327222920
9789386179685
9789386189172
9789327239720
9789386433596
9789386711489
9789387462755
9788170292722
9788183334136
9788183160025
9788184311235
9789386433435
9788183795449
9788183579872
9788182962323
9789387303096
9788186062067
9789362860972
9789381638422
9788184765885
9789380517766
9789380172484
9789380072326
9789384920838
9789369576128
9788170089476
9788170089384
9780199451791
9788181337931
9788176635363
9788173094415
9788173017223
9788184468571
9788172862428
9788172540500
9788171948031
9788189066543
9788189004095
9788187321330
9788185604916
9788185116419
9788172930875
9788181332714
9788181331533
9788180690457
9789350178300
9788182961371
9788126137657
9788126136483
9789385140617
9788125055259
9788125042969
9788125027638
9788171082810
9789348409645
9789334270693
9789327276220
9789327255133
9788125911081
9788131012246
9780230321892
9780198068396
9780195689068
9789389573541
9789389420265
9789556651768
9789456322454
9789390450114
9781647338282
9781603461689
9781107638334
9789393304889
9789393304865
9789393304834
9789392607523
9789390886647
9788121935012
9788131007785
9789394185760
9789394185456
9789393976185
9788131000083
9789833664641
9789833481736
9789350178324
9789327239447
9789385914300
9789385914294
9789385401275
9789385377662
9789388564397
9788185753980
9788185336305
9789387840461
9789350178317
9789327233285
9788131006856
9788131006795
9788131006771
9788131005378
9788125022886
9788181334411
9788128025334
9788175736771
9788130907048
9788127268213
9788131023235
9788131021828
9788131021064
9788131019955
9788131019795
9788131009581
9788122306590
9789350178362
9788121936576
9788128024719
9788170085454
9788131005927
9788128024757
9788128024733
9788183332996
9780241367919
9789351441816
9788122307474
9788131806128
9788181334596
9788123901954
9788123430447
9788122903850
9788122504545
9780195673593
9788121943031
9788121940214
9788171087891
9788171086771
9788171083794
9780462008813
9780333935613
9780333907306
9789350178379
9780521741101
9788187155713
9788186822180
9788186822128
9789351212874
9789350947869
9789350943830
9789350366363
9789350366356
9789384447991
9788187477433
9788187155973
9788170143147
9788131963722
9788131807804
9788127212414
9788175351868
9788174820662
9788122308228
9788173702211
9788173702204
9788173191565
9788172543945
9788123907741
9788172543273
9788181334473
9788180062018
9789393692580
9788174787750
9788181332943
9788172542856
9788172542436
9788172540746
9788172333379
9788172316341
9788172291006
9780195638417
9788188449309
9788172245511
9788172141547
9788171700714
9788171673223
9788175736757
9789352960941
9788172543396
9789393304841
9788189020651
9788182961913
9781107692718
9788179872796
9788179501221
9788179480953
9788178840369
9788184021202
9788183553865
9788183334358
9780195684902
9788123407418
9788122307412
9788122307054
9788121600590
9789355353160
9788185182315
9788185018706
9788184767414
9788183327572
9789384082727
9789383758432
9789383746767
9789381690253
9789381690222
9789381638323
9789381503836
9789381437827
9788119034499
9788177698459
9788177391947
9788177099225
9788176710015
9788176567916
9788176566728
9788176560818
9788120411166
9788120408913
9788178554983
9788189634049
9788189485269
9788189411343
9788189261139
9788128008443
9788127214074
9788126440283
9788125910824
9789352037957
9788175962880
9788175821446
9788194001645
9788123431208
9788190931298
9788190651387
9788190620932
9788186099469
9788192893426
9788175966192
9789352034048
9789352034031
9789351651253
9788170586845
9788170288862
9788170165668
9780195629972
9788182960084
9788170589631
9788181464200
9789363192485
9788125909156
9788124312957
9788124200803
9788181463623
9788181463593
9788181339881
9788181337863
9788182011458
9780195660548
9789352726011
9788183579957
9788173830372
9780195660524
9780195686418
9788129135377
9788129119179
9789387265776
9788178088822
9780195641363
9780195687545
9780195684407
9788125911586
9789393304780
9789350462614
9789351416234
9788181467713
9788181467638
9788181466327
9788181466266
9788181463968
9788178840130
9788172244972
9788181467720
9789351651604
9789351656630
9789351656623
9780195667301
9780330449069
9780521746342
9789352030576
9789355851901
9789383670734
9788181467775
9788183415385
9788123420783
9788125022268
9788125025924
9788126053636
9788173813153
9788185790053
9789352722525
9780074624609
9780670876860
9780340700358
9780195694345
9780195655780
9780195616163
9788131710708
9788128025020
9788128009792
9788127210922
9788125022251
9788121926034
9788121901352
9788120821293
9789388395991
9789381095591
9788123007687
9788186895191
9788184240634
9788185989723
9788186332887
9789350462560
9788177445190
9788178122519
9788187522478
9789393304803
9789393304827
9788174390325
9788174390349
9788174390400
9788175966901
9788175967779
9788181463906
9780333933626
9788121927482
9788131712146
9789388798228
9780198072843
9780198067351
9780195641370
9780195641134
9780137053193
9789381520543
9788184091991
9788177095678
9780198093749
9780195662016
9789387989160
9789387840447
9789387840270
9789388697071
9789387484757
9789327227505
9789327222302
9789386274465
9789386035943
9789386035929
9789386035844
9789386035813
9789392192173
9789387840232
9789352034024
9789352035960
9789352035984
9789352293049
9789350235928
9789350553213
9789392593956
9788192265339
9788192720272
9788193332863
9789311121970
9789327214000
9789351444497
9789386035783
9788182963771
9788182965294
9788182965447
9788182965515
9789351444732
9788183559577
9788183575416
9788183891646
9788184025460
9788184043020
9788184973044
9788185185408
9789355186492
9788187718222
9788183556361
9788120727052
9788189866709
9788189902315
9788189902339
9788125007470
9788125021728
9788125027959
9788125040576
9781403928610
9788120336636
9788120705951
9789327232073
9788120765795
9788121615457
9789386791573
9789390490929
9788188641871
9788175973633
9788175976450
9788175976504
9788176142496
9788176496766
9789387484252
9788176554763
9788177391787
9788177393460
9788177393859
9788177394122
9788178121086
9788178554044
9788190662772
9788182964525
9789350718711
9789350723623
9789351213147
9789351414858
9789351441540
9788180566639
9788176497329
9788181379146
9788181379153
9788181379795
9788181803962
9788181830173
9788182960350
9788182961319
9789350718339
9789327232509
9789386035615
9789386035622
9789386035639
9789384447922
9789393304711
9789389308792
9789381095768
9789381908839
9780195636437
9780195668896
9780435999209
9788122004366
9788122406696
9788175813021
9788185944029
9789353222048
9788125900269
9788170421764
9788175440685
9788179660232
9788180562211
9788184674538
9788187328155
9788190461122
9788192958606
9789327223477
9788122415322
9789385721274
9788175300378
9788185897165
9788128827303
9788128833823
9788181370457
9788130916460
9788131756591
9788170087694
9788170217237
9788170239598
9788170281245
9788170641087
9788182961579
9788185679938
9788185860930
9788185944098
9789352742899
9788186332474
9788186332818
9788171305391
9788130913971
9788172249502
9788172452780
9788172865689
9788173026645
9788173175091
9788173701962
9788175154230
9788170641124
9788121938112
9788121938129
9788121938372
9788186099902
9780195600995
9788189902346
9788189919368
9788189998004
9788185679709
9789327293708
9789347764172
9789350133439
9789350135716
9789387308688
9789381162682
9789393304674
9788188385577
9789393692108
9789833371372
9788128826443
9789386035776
9789362867711
9789363199408
9789380349459
9789380536224
9789380619323
9789380710051
9789380856032
9789385401251
9789385401268
9788178554662
9788128018473
9788128022289
9788128023439
9788128815799
9789990396928
9780333936696
9780582089549
9780836411294
9781316610398
9788128013867
9788170700562
9788170700807
9788170700821
9788170702139
9788170702146
9788170709701
9788121925006
9788121934077
9788121934428
9788121941204
9788121937450
9788121937467
9788121938037
9788121938068
9781402718779
9788121934046
9788121938099
9788125007357
9788125007425
9789352340972
9788123011028
9789354569241
9789350718087
9788182961661
9788182963658
9788121934435
9788122305791
9788122309522
9788122310283
9788171305872
9788123408514
9788123422848
9788123429410
9788123439679
9788124313305
9788125004660
9788125007272
9788175156449
9788178555669
9788178555676
9788178990521
9780333909157
9788179872581
9788180560637
9788125059189
9788122314199
9788125906551
9788125911593
9788126313808
9788126440627
9788127213398
9788128003332
9788128009334
9788125007319
9788125903321
9780195615388
9780199461240
9788179680346
9788170588252
9788170589082
9788171240593
9780195665055
9780195681895
9780195681901
9788185513546
9788189491468
9789352100446
9789390472208
9788170581819
9788120795341
9780198068358
9789390472123
9789380392202
9789380392110
9789355792228
9789352102143
9789352102105
9789393853165
9788131020425
9780195675030
9788193045398
9780198067290
9780521169684
9788176062626
9780137068739
9788184096132
9780195696257
9780195640281
9789380727059
9780195675436
9780138022969
9780137039098
9780132543583
9780070472877
9780070586567
9780070586833
9780143468233
9780195656541
9780198062110
9780198092476
9789394185432
9789394185401
9789393304667
9789393304599
9789393304568
9789393304551
9788192275994
9780333933541
9788183270090
9788173702556
9788173702563
9788173702570
9788183270854
9788183270847
9788174823168
9780070472990
9788186332184
9788186332269
9788121923835
9788175441651
9788179874219
9788188114429
9780174246961
9780199451784
9788120401693
9788184460698
9788184766592
9788185316420
9788125027942
9788128504792
9789332515222
9788192149424
9789353491796
9788184765823
9780137072118
9780137072132
9789355850720
9780195641141
9780195641158
9780195683738
9780198084600
9780195676518
9788185141121
9781239112542
9780195697704
9780195694314
9789386209436
9789386209139
9781316611661
9788121937382
9788122304817
9788122312171
9788122419719
9788120824669
9788120824058
9788120713819
9781845577582
9781845577513
9781834523453
9781316619605
9788131927489
9788131927472
9788131803172
9788131802830
9788131800690
9788122410112
9788131009239
9780706999563
9788131006900
9788131005392
9788131004760
9788131003084
9788131000465
9788128838491
9788131937785
9788172247430
9788172157319
9788172156763
9788172154608
9788131015124
9789383606047
9780199484829
9780199462209
9780195680645
9789386855015
9789386209535
9789386209474
9789393304513
9789392593659
9789385914263
9789385914119
9789385880704
9789384245757
9788120826199
9789383606061
9789388973083
9798122308500
9789810106805
9789393304520
9789355552655
9789355552563
9789351659792
9789351652946
9789351651697
9789351131809
9789350834794
9788121929097
9789383606375
9788170171287
9788170170433
9788170170266
9788182911147
9788129505675
9788126004133
9788125908920
9788124322413
9788124313367
9788172154745
9788124303634
9788124107003
9788122312812
9788122002461
9788121920124
9788120723658
9781846840555
9781845577520
9781107628939
9788124303962
9789385471841
9789382648741
9789381437124
9789353339128
9789327244687
9788189912994
9788189268282
9788170167587
9788170164067
9788170222415
9788131306338
9788131301968
9788181910127
9788181461179
9788179661772
9789833894109
9788128024672
9788170530657
9788170244516
9788170081852
9789833894086
9789812322487
9789812322463
9789810101237
9789389778830
9788189220310
9788189059019
9788188511334
9788123436494
9780863112980
9789392192166
9788121937139
9789388937221
9789388603324
9789388050241
9788125010760
9788124323816
9788124320846
9788123010021
9788123429991
9788128826542
9788128821837
9788128821455
9780755468058
9780199484843
9788187380528
9788186896105
9788186361269
9788127228620
9780000009463
9789380415055
9789369578948
9789369578351
9788128837258
9788128836855
9788128826559
9788187380948
9780140246117
9780007104550
9780001448056
9789380834412
9788184655148
9788184493351
9788177568356
9788177567885
9788184192995
9788184192452
9788184040517
9788184023749
9788184021325
9788184021028
9788185897745
9788185361673
9788183684903
9788172154486
9788183683722
9788183683678
9788183682312
9788183681100
9788184195057
9789381033272
9788183610612
9788183575799
9788183571579
9788183270151
9788183201339
9789350682197
9788183688598
9788183683845
9788173356322
9788181339898
9788181335753
9788181331526
9788181330109
9788179661703
9788179661567
9788181890573
9788181466495
9788178551487
9788178551463
9788178124766
9788178120539
9788184672916
9788177569407
9788181370440
9789350002261
9788177565850
9788177563757
9788177563153
9788177563054
9788177562590
9788186013014
9788178690643
9788178554105
9788184832143
9788184762365
9788184682373
9788177698268
9788128838422
9788128812347
9788131007792
9788131007099
9789389778670
9789389645644
9788177565201
9788176487337
9788130901695
9788128504785
9788128022388
9788128022135
9788128020162
9788183687904
9788126451791
9788126310500
9788127209971
9788126411474
9788131300992
9788131008522
9788131007808
9788128608391
9788126101108
9788171619863
9788183686341
9789381033012
9789387484443
9788128013959
9789350496404
9789350496367
9789350496299
9789350496275
9789350263648
9789350176573
9788183680769
9788183680677
9789349691209
9789348132314
9789327232363
9789325793637
9789325793187
9788183687720
9789350498057
9789350496411
9788128020391
9788183685801
9780861250325
9789389195668
9788171640201
9788176486712
9788175642607
9788186013045
9788185419770
9788185316406
9788184483284
9788184450651
9788196071820
9788190365185
9788190000321
9788189086756
9788188661145
9789350173169
9781237526426
9788187138945
9788186423578
9788186413203
9788186332375
9788186184851
9789383137541
9788194476191
9788173660337
9789382348016
9789381841143
9789381343661
9789381055946
9789381033463
9789381033449
9788188147700
9788187662358
9788176126151
9788176124416
9788175980631
9788175352230
9788175223738
9788193865385
9788131006801
9788171829637
9788176486651
9788171793754
9788171674305
9788171548217
9788171429400
9788170822288
9788170821090
9788170709695
9788170705659
9789381033371
9789391554262
9788190994538
9789390738007
9789389226157
9789388973342
9789388973328
9788170702757
9789369576340
9789369575572
9789369574605
9789369572960
9789369572601
9789369571505
9789369571062
9789360230203
9788191033656
9789391554170
9781107632462
9781107619876
9788175156340
9788177561036
9788177394351
9788174733290
9788174670960
9788174530820
9788174460684
9788174091130
9788174090072
9788176552714
9788184193022
9789369577828
9788173028724
9788173015816
9788172521110
9788172294762
9788182011953
9788174867599
9788174780560
9788181466464
9788181464828
9788181461186
9788181460721
9788181460707
9788181377470
9788173291869
9789383053339
9789383009022
9788170662471
9788170284796
9788170284536
9788170283416
9788170704089
9788170704065
9788170702771
9788181370433
9788170170105
9788170164524
9788131965627
9781107634107
9788131940235
9788177562422
9788170664383
9788170664376
9788177392531
9788177391138
9788177391084
9788177240191
9788176936798
9788176810036
9788170173441
9788170172864
9781107680708
9781107664333
9788131944004
9781840724301
9781905940028
9788128618833
9788131910061
9788170294177
9788174825827
9788176495936
9788176497107
9788176563369
9780199456338
9780330516921
9780333935279
9780755470679
9780806973746
9781107683570
9781107690042
9781107699304
9781402713101
9780198382287
9788178691381
9788178990347
9788179914267
9788183332668
9788184775907
9788186830925
9789380268071
9789380408064
9780721480374
9780143417163
9780195634938
9780198089735
9780198089742
9780198089759
9780198089766
9789812146748
9789812438836
9780143416746
9780143416739
9781845574338
9781905940233
9781409303770
9781840724318
9788183331517
9788176495479
9788176495615
9788176495813
9780143331889
9788176564496
9788176564557
9788176567862
9788184743593
9788184746471
9788184820041
9788184821260
9788176760201
9788178690292
9788176497350
9780143331896
9780143335757
9780007272624
9780007296996
9780143068921
9780143331117
9780143331124
9780143331506
9788170294092
9780007297108
9780070534674
9780143068877
9788128630163
9788128630408
9788130916453
9788130925974
9788131900666
9781844222131
9780007271375
9789381029572
9788183331609
9788186299258
9788186004654
9789351776581
9788183333221
9788183511353
9788176495417
9788184121865
9788183850049
9789380410906
9788184742961
9788184824056
9788184822991
9789385923159
9789385989896
9789812438799
9788170296096
9788172862169
9788174828743
9788176495172
9788184822854
9789351776567
9788184825688
9788185018539
9789351776628
9789380114736
9788183578639
9788183576468
9789351776604
9789382168041
9788180565786
9788189491055
9788187718796
9781844229444
9789350851395
9788183332330
9788183332491
9788183332545
9789350839836
9789350294147
9788192006406
9788189975418
9788189975258
9788189491123
9788184742893
9788186332467
9789390797417
9780195676174
9789352023561
9788177580525
9788170404149
9788122310368
9780195675023
9780198408451
9780333936573
9780198093732
9780195696110
9789352020256
9780521598682
9780955025808
9780748754410
9788173177392
9788128504778
9788122300611
9789836802736
9788122300598
9788129000002
9780074637326
9780199463404
9798122308623
9788178062778
9789350130155
9789364480901
9780195641110
9780198098744
9780198098805
9780199462063
9780199462094
9780199463411
9780199463428
9788128015380
9780198060598
9788128011412
9788127253592
9788127249519
9788127233624
9788126442645
9788126433926
9788126463701
9780198093213
9780198066873
9780198064008
9780198060611
9788128812378
9788128812989
9780198062080
9780198063995
9788128806483
9788123743653
9788122503784
9788122438468
9788170288145
9788170288138
9788122309812
9788121604109
9788120733664
9788120709386
9788126450404
9788126442706
9781840230383
9788130926445
9788125023296
9788125017066
9788124802229
9788124205402
9788124202579
9788128813856
9788122416503
9788122404302
9788130926377
9788130926360
9788130926346
9788131307885
9780195610178
9780143335399
9781873668498
9781850769231
9788127226381
9788126714681
9781850767565
9781840920659
9780307247094
9781760342432
9781237528147
9788123903798
9780198062073
9780198060628
9788170234494
9788170126515
9788170103301
9788170088547
9788170031833
9788131907849
9788172244927
9788171829606
9788130926438
9788123906539
9781107629660
9788178120393
9788177866049
9788177647303
9788178126623
9788178122526
9788174360168
9788174360083
9788186224151
9788186190357
9788173817175
9788130926353
9788173174513
9788173158964
9788184675924
9788184193916
9788184192520
9788184152562
9788175961722
9788175242005
9788174761309
9788174452986
9789351652359
9788173817113
9789393304360
9788178792101
9788173154522
9789350463147
9789350463864
9789350464304
9789350484272
9788181460592
9788180566516
9788180560019
9789382473206
9788180311925
9788178799285
9788178793733
9788178792262
9788178792224
9789380582566
9788178792095
9788178266510
9788173817205
9788178794631
9788178794310
9788180440557
9788181469878
9788181469649
9788181469465
9780143028192
9780140289336
9780140236736
9780007251285
9780001005662
9780007277704
9780007251445
9789382473619
9780553506174
9780521005272
9780333934883
9780333934876
9780333934869
9781850769217
9781850767619
9780199457212
9780893893149
9780876927489
9780333920350
9780863110160
9788186141465
9788185733524
9788185018546
9788184683714
9788181468086
9788181468048
9788183686426
9788183554589
9788184151787
9788184082906
9788182749757
9788181469243
9788181469212
9788181468345
9788181467911
9788181467881
9788181467188
9788181467133
9788181467102
9788183793148
9788183485623
9788182755697
9788184081558
9781850768029
9781850767572
9781840921892
9781840921885
9781840920598
9781840920246
9781840920192
9781840920185
9781840920178
9781840920109
9781840920017
9788172863333
9781550356120
9780752590721
9780237522797
9780143335382
9780070070950
9788171679997
9788171679980
9788171678020
9788171677610
9788171676132
9788171673605
9788171673551
9781840920000
9788131302507
9788131302484
9788129109491
9788129109231
9788129107923
9788129105554
9788129102966
9788128818066
9788128007651
9788126700042
9788125907831
9788124200933
9788120720473
9788189102173
9788189066536
9788187380542
9788186264706
9788185353036
9788185027319
9788184765625
9788184152326
9788123001784
9788121924245
9788121608190
9788121606387
9788189102364
9788189102166
9788188817306
9788188817269
9788186830963
9788186734421
9788189102074
9788124105603
9798184193458
9798184192642
9798184192635
9798129107922
9798129107373
9788171673360
9798128819987
9798128819338
9798128818799
9798128818065
9798128817945
9798128817907
9798184193489
9798184193496
9798128817891
9798128817143
9798128810298
9798189182884
9798129107205
9788171673155
9789350381854
9788844012649
9788844007447
9788190781718
9788190746243
9788190585811
9788189934576
9788189934323
9788189798604
9788189605865
9788189066291
9788189102180
9788188251100
9788187925064
9788187572497
9788187522102
9788187164517
9788186895979
9788190210539
9788189934590
9788186693421
9788186332429
9788189102371
9788189102289
9788189020859
9788171674800
9789380582306
9788129106308
9788129105714
9788129104083
9788128825330
9788128824760
9788128824739
9788128823725
9788128822025
9788128821660
9788131307366
9788129108272
9788128817243
9788128815645
9788128815003
9788130926421
9788130926414
9788130926407
9788129104052
9788129102447
9789393304452
9789393304476
9798128808165
9788129110336
9788130926339
9788130926322
9788128820731
9788128817649
9788129111074
9788171826421
9788171824540
9788171823444
9788171784950
9788171677115
9788130926391
9788130926384
9788171676255
9788171672776
9788171672646
9788171672356
9788172867669
9788129112095
9788129111319
9788171827978
9788171670710
9788171198153
9788171190959
9788170942368
9788170862642
9788171672998
9788178790527
9788175964358
9788175736788
9788174763174
9788173156052
9788172454388
9788172453220
9788172453084
9788172237424
9788172237394
9788172237370
9788172236038
9789380868820
9788171822409
9789380582252
9788171671267
9788170944201
9788170943105
9788170862932
9788170247609
9788170231288
9788170087953
9788170087809
9788170086123
9788131308288
9788172233167
9789380710600
9798128809827
9789380710204
9789380710198
9789380710181
9789355231444
9789352291809
9788192226941
9788190922937
9789351652366
9789351867517
9789352722518
9788178793146
9789380154572
9789380386195
9789380582115
9789380582160
9788184080254
9788183686419
9788182747296
9788182744660
9788179913130
9788179772263
9788178890104
9788178793597
9789380032399
9788120777743
9788125026280
9788125026297
9788128504761
9788131711682
9780195662023
9788177588545
9789380358437
9780195675122
9780195661316
9788125023821
9788121607551
9788186551141
9788186742051
9788186742136
9788190545594
9788191033694
9788192480909
9789311121994
9789388563574
9788123430201
9788125909842
9788170210177
9788183323567
9788183558815
9788121609791
9788121903721
9788121914055
9789813005112
9789810102074
9789385471858
9788121605991
9788120718883
9788183681438
9789388632706
9789388632690
9789388563499
9789388428231
9789388701280
9789388973335
9789395283304
9789390744817
9788181375063
9788181375070
9788172541323
9788172762148
9788131809211
9788170164876
9788170218111
9788170218654
9788170593188
9788170640639
9788171192618
9788172540920
9788125910350
9788125912156
9788126112999
9789380536033
9789380536439
9788186332290
9788177393972
9788177393965
9789387840355
9788178550695
9789382088608
9789382088646
9788182965157
9788182963429
9789383717248
9789383137237
9789385914171
9788182961302
9788182965164
9788182962934
9788183270137
9789381771662
9789327232417
9789350248904
9789350718377
9789352034055
9789352034079
9789352722501
9788126423057
9788128620102
9788128620140
9788130916446
9788130925950
9788176840026
9788176936781
9788177390391
9788183793513
9788183270007
9788184970517
9788186332276
9788181990914
9788182011007
9789388563512
9789388563529
9789388563536
9789388563543
9789388563550
9789388563567
9788179504789
9788181373151
9788181373168
9788181375056
9788120323636
9788120752092
9788121902083
9788122307610
9788123900384
9780074516089
9780195675016
9788125008620
9788125008637
9788125010319
9789387840362
9789386561152
9789386561190
9789386561206
9789386561374
9789387303164
9789387303898
9788184766448
9789387840157
9789387840164
9789386379733
9789386379641
9789386433329
9789386433695
9789380536446
9789386379740
9789380708454
9789387840188
9789387840201
9789387840195
9789387840218
9789387840225
9789387840348
9788124116081
9788124303597
9788125013242
9788125013266
9788125051992
9788125052012
9788125054566
9788123903682
9788124113318
9788173025952
9788173026591
9788173591211
9788173591228
9788175351691
9788175969087
9780198094722
9780333932247
9781730152528
9788184510676
9788186651056
9788186867877
9788190706360
9788192404066
9789380072982
9789380325132
9789382826613
9788170218364
9788170294207
9788173017254
9788173024818
9788173591198
9788175840003
9788184024821
9788184461985
9788177392111
9788181377401
9788181804235
9788178550701
9788178550824
9788178550831
9788178551036
9788178552132
9788178552293
9788178669724
9788179480045
9789385914188
9789385914195
9789385914249
9788177392104
9788178690391
9788186004999
9788190060639
9788189491994
9788178692050
9788176760126
9788189491895
9788178692678
9788176760133
9788178690087
9788189491901
9788177223071
9788176760416
9788176760409
9788171859443
9780199481118
9788120405066
9788178690438
9788176760003
9788178691183
9788178691084
9788178690636
9788186004326
9788186004869
9788122306187
9788175965676
9780137059003
9780333935255
9788125919643
9789380295008
9789353493837
9788192126425
9788187659358
9780195675047
9781589257672
9780195675009
9780198061595
9780198061588
9780333923511
9781107631694
9788125017745
9788131712788
9789350491058
9788123403373
9788121921381
9780198093541
9789351651581
9788128016776
9789350461167
9788128013836
9788130925943
9789350461198
9780706994384
9780861311040
9788171085897
9781405227704
9781603460279
9788121921824
9788184993646
9788123437262
9788124100189
9788126907731
9788123430225
9789390490158
9780333904350
9780199463145
9789385140181
9789381119174
9788123429885
9788121905473
9788127220495
9788127224776
9788171858460
9788170080091
9789814070690
9788186775387
9788188965007
9789814070577
9789836801883
9788189012106
9788189998615
9788190457965
9789350461143
9788173193408
9788182746343
9788177090420
9788185392547
9789388050630
9789388973915
9789383995219
9789386394385
9798189012419
9788185018041
9788185461748
9788185860275
9788186308561
9788186332085
9788186332559
9788186896075
9789833664801
9788170286165
9788188261031
9788175963412
9788178121420
9788178121598
9788181468628
9788183683685
9788184673821
9788184683967
9780143100904
9780333923276
9781107612679
9780198092575
9788125919629
9788183794695
9780195680379
9788180067310
9788178552156
9788125021889
9780195689815
9780195680058
9788172869212
9789385913976
9780195675108
9788129118332
9780198092551
9780198081043
9780198081036
9780198081029
9788121619813
9788121929813
9788120736900
9788125055556
9788125055815
9788120721517
9788121616225
9788121612395
9788125060024
9788126018024
9788120777323
9788120777385
9788126709991
9788127267766
9788128009983
9788128012815
9788128020254
9788129106599
9788121615051
9788181379405
9789350718360
9789350592403
9789350483213
9789350131930
9789350127377
9788190367103
9788120788152
9788186332412
9789383051588
9789351267355
9788120719460
9781846651465
9780863117992
9789350718759
9789388952057
9788189998080
9788121616300
9788120777408
9788120777392
9788181379399
9788181377395
9788181375926
9788181375490
9788178550664
9788181379771
9788178120126
9788177568790
9788181334152
9788181331434
9788181331410
9788180566417
9788181461469
9788181461063
9788178120485
9788131913550
9788131909959
9788131909935
9788131809181
9788125049920
9788125045649
9788170086444
9789387333024
9788131001554
9788131001493
9788131001202
9788131001189
9788129505743
9788129106605
9788122203424
9788178550671
9788131001677
9788131001837
9788120777309
9788120770584
9788120765757
9788120757073
9788120752276
9788120736917
9780195684780
9788125017240
9788170641155
9788170641025
9788170602064
9788170570158
9788170148616
9788170088233
9780195684797
9788125033721
9788123419787
9788175969056
9788182960909
9788123430010
9788121932509
9788170790259
9788170705369
9788177394894
9788170668343
9788131010594
9788131009628
9788126709717
9788126423408
9789391262389
9789388050722
9788121618274
9788170669418
9788177394344
9788177393958
9788177392609
9788131009567
9788131002926
9788182960893
9788181536549
9788189253219
9788124018811
9788187863915
9788187812128
9788179200452
9788178553450
9788131003640
9788131003596
9788124312278
9788124308103
9788187863922
9788175730915
9788175736382
9788175820708
9788170941828
9788170965640
9788171194087
9788171672127
9788131011164
9788131011751
9788131014813
9788131022665
9788175964839
9788175965225
9788175966796
9788131002551
9788131964675
9789386209504
9788183270120
9788183554411
9788183681896
9788183683586
9789352033959
9789352511495
9788179661864
9789386620712
9789381842201
9789382689195
9789382826323
9789383053247
9789385914164
9789385914232
9789385929649
9788178551050
9788181374387
9788175440265
9788175540101
9788131009598
9788131011591
9788131733387
9788170187615
9788171085361
9788172453077
9788172540999
9788174828040
9780199476442
9788122302745
9788123011424
9788174886132
9788176120234
9788176810050
9788177392579
9788181334213
9788181334237
9788181334299
9788179680438
9788177561951
9788177565607
9788172294106
9788172313869
9788172540807
9788172932640
9788173154867
9788174824646
9788175974982
9788182961425
9788182961432
9789350718780
9788184151893
9788184490688
9788184973433
9788184973457
9788185018195
9788185420042
9788182961111
9789351267348
9789351652632
9789351767510
9789352033942
9789350718797
9788170667285
9789350941416
9789350387962
9789390874460
9789386209511
9789386209696
9789386209757
9789386274618
9789386433459
9789386433947
9789386620569
9789387303140
9789387303218
9789387303423
9789387303829
9789387351608
9789350941386
9788170668008
9788171828944
9788171829354
9788172153663
9788172245061
9788179505601
9788179551813
9788122300796
9788122306736
9788170661184
9788170661597
9788170661887
9788170661955
9788170663676
9788170664307
9788187659396
9788186877289
9788186877180
9788186332603
9789364042116
9789352722495
9788189443009
9788186895498
9789393304193
9788184766585
9788181911148
9788175965652
9788183072533
9788182962675
9789350944677
9788190318891
9798128400222
9788185173030
9789390228591
9781629638256
9788170212294
9789390027613
9781645192565
9781801128742
9783576226401
9781613833421
9781645192022
9781647470760
9781648267307
9781406253641
9781432864361
9783836536905
9783836568753
9781662718793
9781662722318
9781662722417
9781683963615
9781846342417
9781934267615
9781532143793
9781596068490
9781596069657
9789390170333
9789390228874
9789390230075
9781662717550
9781662717956
9789390295050
9789390295173
9781946260741
9781950366019
9788120413931
9781779502933
9781772756753
9781524103460
9780500976814
9780606400855
9781662714412
9781662714498
9780135193402
9781302921668
9781302922672
9783848008179
9783954761395
9783957300935
9784805315316
9789390209491
9789390209873
9780789213570
9781302924027
9781302925444
9781302927127
9781302927271
9789352923373
9789390027057
9789390262892
9789390262939
9781506717609
9788131701249
9788131720615
9789390228539
9781684155941
9781733422420
9781982135461
9783741918339
9781952894701
9781952985027
9789390262113
9789390262854
9781499433487
9781506708201
9781087906669
9789000033577
9780333917534
9788187164289
9788177586350
9788187148036
9788177580976
9780195675092
9780333921548
9780195639087
9780195658217
9780195639100
9788187659334
9788186351536
9788189955304
9789387308749
9780195649925
9780861252848
9781845572426
9780817656393
9788128802041
9788128016493
9788127200442
9788126707171
9780143335054
9780143335023
9781845574437
9788171829767
9788171828968
9788171828371
9781845572419
9781845570415
9781845387419
9788171817221
9788171817207
9788183223614
9788121916356
9788120730427
9780140173994
9780074603710
9788183333801
9780553493115
9788181911810
9783902038173
9788121920025
9788120315525
9780143027782
9780141317441
9780070403079
9788175351769
9788183270670
9788181466686
9788181466389
9788125919636
9788181463142
9788181460936
9789347764066
9788175351752
9788184190434
9788184155648
9788176559140
9788176558648
9788176555715
9788181465467
9780333904787
9788126011384
9788125902386
9788124200650
9788124200612
9780198094692
9780198094685
9788123432731
9788120716766
9780198094654
9780198060574
9780195675085
9780195662191
9780195624755
9780143416678
9788172239541
9788172239534
9788172239480
9788123409115
9788170001126
9788121617024
9788121907538
9788122000597
9788123005553
9788124201121
9788124202784
9788124203545
9788172453602
9788196015381
9788170531920
9788120718180
9788171823918
9788125908999
9788125911869
9781741215090
9788176563963
9788170299493
9788170127260
9788170086130
9788174786265
9788172453855
9788172453657
9788125924838
9788186895399
9788185828374
9788172453572
9788126006885
9788172239503
9788172210229
9788171641000
9788120719781
9788188322091
9788183689090
9788183681124
9788176550024
9788176489829
9788171828272
9788123905792
9788123743639
9789350482216
9788176554817
9788128811449
9788128806667
9788172453282
9788120730410
9788120719514
9788120717282
9788126706082
9781760342456
9788175642423
9788120323643
9780521747370
9798189182693
9798179924517
9798171823412
9798128818652
9788184510348
9789350723258
9789350681756
9789350495810
9789393304063
9789389308600
9788184510324
9788184450620
9788172451585
9798128818324
9788184997422
9788184676884
9788184670226
9789380130293
9788176850056
9789389308594
9789387484085
9788174090638
9789386433299
9789381343937
9789380743028
9789351360810
9798128809834
9789380361130
9789380361123
9789380361109
9789386791719
9789347764073
9788186852194
9789380361147
9788195992430
9788192056432
9789350260920
9788189998684
9788189909239
9788185107707
9788173141249
9789380058481
9788125006879
9788128814457
9788172453534
9789350723340
9788185378749
9788185328225
9788189359829
9788131306727
9788128820373
9788128818141
9788128817571
9788171821297
9788128814303
9788128813566
9788131307748
9789380361086
9788181460028
9788180565373
9788179875919
9788176567046
9788170283065
9788172157678
9789350495780
9788171817191
9788172239572
9789380361062
9788177561883
9788171421497
9788131307953
9780198094678
9780198094661
9780199484836
9780753711149
9788171872855
9788120718203
9788171813841
9788171790548
9788171087167
9788170601067
9788185392028
9789814107310
9789353095895
9780590111560
9788187380078
9788187155393
9788187111092
9788187061670
9788186987599
9788186877890
9789380361161
9789347764097
9788172453565
9788173710728
9788173667442
9788173591006
9788173172991
9788173155512
9788173141270
9788172453299
9788179502303
9788176554626
9788175962064
9788128811623
9788173710759
9788174828514
9788174823045
9788190688444
9788184230543
9788183482257
9788184190458
9788184153835
9788184152364
9788183883641
9788183882477
9788183794794
9788174670465
9788172453671
9788184192681
9789351773368
9789351773283
9789351361008
9798128817921
9788186332894
9788178624778
9788178134697
9788177693003
9788183414975
9788177565034
9788177564372
9788188759880
9788173136399
9788176567275
9789350136829
9789347764127
9789347764103
9788177580969
9788172760748
9788172542788
9788172453862
9788172453817
9788172453800
9788172453695
9789176840962
9788178890647
9789353225926
9788172453343
9789380361116
9788183689939
9788183689304
9788183610803
9788188759866
9789380058474
9789354865770
9788172453510
9780906149164
9781403928177
9780333936870
9788177586343
9788131730737
9788174730633
9780198093725
9780195683691
9780199451777
9780195697681
9780198081012
9788122306477
9780333911242
9788171702930
9788178106809
9788181373441
9788184095838
9780435996994
9788124321577
9788125047018
9788125035350
9788122202151
9788123429779
9788123431581
9788122201284
9788131011607
9788131011225
9788131009611
9788131003251
9788131001974
9788131809693
9788170211891
9788131803929
9788182961678
9788179252215
9788179252543
9788179772713
9788184823752
9788170215196
9788131961056
9788170081654
9788172452223
9788180561252
9788180561245
9788173011931
9788172362539
9788174784032
9788171081219
9788172252168
9780861312115
9780521742818
9788172452216
9788123433950
9788184672497
9788184670523
9788170219163
9788182961609
9788184827552
9788123902616
9788175353510
9788176630252
9788177392586
9788177392593
9788176936507
9788176936538
9788177394870
9788177394887
9788178120546
9788178236063
9788183682817
9788184080643
9788177393934
9788177394399
9788186987872
9788185790190
9789381162002
9788126317967
9788128020643
9788128618550
9788129111999
9788129506689
9788130904474
9788130904535
9788131000243
9788123903446
9788124110966
9788179775196
9788124305706
9788124307151
9788170219378
9788122201062
9788120789241
9788120748828
9788120748811
9788120748798
9788120748019
9788100000526
9780861256051
9780753416808
9780333903940
9780230327894
9780195683721
9788171823208
9788170701415
9788170580331
9788173016240
9788173016066
9788173016028
9788172540906
9788172452247
9788174881601
9788174781932
9788174783509
9788171082735
9788172290740
9788172452230
9788170701989
9788170702504
9788171086108
9788171670284
9788170640813
9789386209184
9780195647259
9780007794324
9780007794225
9780007794201
9780001068599
9780000103475
9789386209917
9789387840423
9789386433367
9789386433787
9789386433961
9789386555182
9789351416302
9789351445708
9789387840416
9789395283229
9789385914034
9789385914027
9789392451621
9789390738304
9789388973106
9789388701204
9798129105386
9789387303508
9789387840409
9789393725608
9789393725615
9788184979510
9788185336381
9788186332498
9788171701568
9788186895535
9788186987582
9788184671896
9788187057857
9788187659426
9788188440023
9788188867059
9788184683134
9788189403126
9788189852054
9788184850932
9788184979480
9789350361085
9789350947326
9789351212027
9788189220273
9789351212188
9789351212195
9788187131977
9788187131984
9789352033973
9789352511983
9789352511990
9789352512034
9789384301484
9789385556074
9788199287389
9789348948816
9788181330260
9788181330284
9788181330314
9789351212102
9788181370952
9788181377425
9788178264127
9788181377876
9788181461018
9788181461544
9788181465894
9788178550640
9788182960756
9788182960947
9788180561269
9788181330246
9788182962378
9788183554336
9788183554350
9788181804136
9788183681674
9788183795029
9788181379993
9788184080674
9788184821499
9788184822007
9788184822830
9788181460578
9789373890036
9788184823967
9788124314357
9788131000212
9788131001257
9788131771174
9788170172376
9788170419181
9788125005797
9781906947033
9781906947002
9788131900512
9789380114194
9789380114750
9789362149411
9788183579162
9780198081005
9788176760232
9788183579216
9780195675061
9780906149195
9780195624359
9780195680744
9788173171864
9780198066040
9780195675054
9788183890069
9788175350519
9788131712832
9780199459162
9789393830074
9788176564243
9788123432762
9788184670783
9788184672091
9788123009193
9788123707563
9788123714783
9788125934646
9788126415205
9788172543525
9788174672896
9788174787408
9788174820464
9788175567054
9788179920879
9788184672077
9788120707443
9788120712683
9788121921923
9788122002126
9788185086019
9788186822012
9788189020699
9789350944158
9780333925966
9780340776070
9780852265307
9781592400317
9788171193769
9788171709472
9780091841287
9788172453480
9788179922651
9788184082111
9788128021237
9788130926308
9788170160250
9788171080632
9788184672107
9788184672190
9788184676068
9788184676372
9780091841300
9780174218913
9780195667400
9788184491012
9788172011239
9781875288151
9788189107024
9780333923504
9780333923498
9780333923481
9788186112847
9788184460025
9788177270204
9789385888502
9788123007731
9788123431710
9788125026433
9788128014956
9788131311219
9788174670724
9788175961937
9788176930383
9788175961913
9789384915360
9788123901664
9780195680317
9788125017691
9788179876671
9780582235649
9780906149072
9780906149089
9780706994803
9780195636116
9788173793080
9788120733879
9788123779089
9789388632775
9789388632645
9789388632638
9780521185332
9780706997507
9788122308174
9780861311880
9780861314515
9781741215281
9781741215328
9780746033340
9788122308167
9788122303537
9788121914796
9789388973113
9788120733824
9788121904186
9789831918357
9788120739215
9781741215311
9789351445685
9788186895078
9788186895054
9788186351871
9798177694672
9798128809698
9788190691543
9789388632652
9788189445072
9788189182472
9788184025378
9788183852227
9788183852197
9788183794060
9788187460824
9788187164708
9788189796006
9788120739239
9789380130194
9789352743735
9789385914201
9789385914157
9789385914133
9789385914003
9789351442486
9789351861850
9789351135449
9789350947081
9789380834337
9789380483559
9789380483542
9789380483481
9788120739840
9788120779792
9789351380405
9788123704180
9788122421910
9788122421873
9788124202432
9781845394264
9781741215304
9788122306323
9788187131847
9788122300819
9788122300758
9788122203479
9788126427024
9788126709212
9788128630637
9788188049554
9788128814754
9788122301083
9788126424658
9788126421428
9788126419791
9788126419784
9788126418862
9788126418442
9788126417957
9788126320653
9788123754031
9788126300280
9788126300204
9788126300167
9788126008124
9788122203462
9788121939140
9788121920032
9788124200674
9788126300327
9788124201923
9780863113963
9780861312610
9788122420586
9788122420555
9788122306460
9780333923139
9780195672350
9788128812996
9780195632293
9780000125811
9788126427406
9788128022005
9788129101099
9788129106520
9780333914281
9788124201954
9780195653526
9781741215229
9780863117602
9788193059098
9789350491508
9788183688994
9788178124209
9788179771655
9788181332257
9788124201978
9788185316468
9788185828848
9788185944203
9788186773307
9788187460749
9788121900751
9798189182853
9798177694689
9788183687867
9788173141676
9788173141645
9788175738751
9788175738546
9788128810923
9788128809286
9788172542450
9788172542429
9788172294489
9788172293963
9788174781567
9788120781016
9788174761187
9788174508102
9788125032724
9788125030041
9788125005469
9788124316313
9788124315095
9788124306727
9788124305720
9788171821938
9788129105684
9788126418466
9788174780164
9788177562217
9788177560763
9788177392814
9788177390452
9788179913062
9788179680643
9788179639856
9788179253236
9788131000564
9788129507501
9788129106247
9788175820661
9788173141690
9788131800119
9788131303214
9788131012482
9788128808050
9788128805899
9788128805646
9788128803024
9788131009413
9788131009383
9788131001615
9788131001592
9788173141744
9788131901168
9788175440579
9788174785893
9788174761798
9788173020018
9788173011771
9788172542740
9788172542481
9788172541231
9788172361600
9788171920327
9788171672325
9788171670901
9788126017256
9788170820093
9788170793823
9788170790716
9788170297604
9788131003138
9788131000120
9780521185233
9789391262488
9789381645765
9789380892986
9789380232324
9789380072692
9788171611096
9788124202845
9788124202821
9788126427291
9788171821075
9788171820283
9788170294986
9788170171386
9788131999530
9788131963074
9788120730250
9788120719484
9788120718012
9788175440593
9788131012390
9788131010556
9788131010501
9788131010495
9788170668572
9788170662006
9788170640967
9788170640776
9788176045490
9788176043144
9788175440814
9788175440654
9782915730067
9788181333582
9788180562693
9788181460622
9788181379634
9788181379603
9788181379597
9789350126080
9789332431096
9788192374741
9788192117171
9789352512058
9789351861959
9788171817498
9788181377456
9788187981268
9788187662259
9788187659419
9788187659389
9789350595497
9789350486290
9789350261934
9789350127582
9788176122306
9788176120104
9788175962156
9788181377821
9789386433824
9789386433749
9789386209337
9789386209290
9789833378371
9789833378302
9788184154122
9788184152654
9789385140204
9789384301446
9789383606382
9789382818175
9788181334008
9789387303454
9789387303393
9789387303171
9788181379375
9788181379368
9788181377869
9789352617395
9788182962712
9788182962217
9788182961593
9788182960923
9788181335197
9789387330597
9788183682879
9788183681575
9788172150150
9788171828180
9788171826841
9788181377852
9788173141621
9788173141478
9788173016301
9788172543600
9788171817481
9788171082520
9788186190548
9788170791911
9788172293536
9788172291426
9788172157753
9788172154363
9788178890708
9788178625843
9788178625829
9788178624037
9788181377845
9788181377838
9788171819553
9788171081233
9788178127897
9788178122878
9788177562897
9788177562279
9788175640382
9788175640030
9788175440791
9788174784902
9788176634755
9788176566858
9788176560696
9788176231305
9788183683340
9788183453158
9788183330978
9788182962811
9788184684124
9788184192070
9788175738171
9788175640931
9788182011991
9788181803412
9788181463449
9788181460639
9788183689083
9788183614603
9780195667387
9780333924808
9780333935859
9788120305144
9788172342579
9788172342630
9788172342494
9780195640878
9780199451760
9780333925133
9788125903208
9788175351172
9788177585155
9780333920169
9780195667370
9788180110528
9788185311388
9780333938850
9789393830098
9780195691030
9788125915607
9780198068037
9780195606188
9780333931622
9788179913024
9788124200520
9788179912997
9788171084517
9788171083909
9788189796143
9788125040552
9788174781789
9788181460516
9788181464903
9788190901093
9788194492139
9788681954287
9788126418107
9789833536900
9788170081890
9789382038115
9788123909349
9788178121369
9788176635547
9789381511244
9780195612110
9788174786319
9788171306756
9788172245658
9788172540265
9788181465603
9788171085101
9788179870921
9788171093496
9788170170334
9788172450953
9788185897301
9788184243932
9788184464351
9788177090413
9788183794886
9789363196186
9788182757349
9788181465696
9788172542405
9788172865658
9788174781727
9789380483009
9788190901079
9780333938935
9788190901055
9788190901048
9780866111362
9780333913604
9780198075196
9780198065937
9780198065920
9788190901031
9780198065913
9780195691016
9780195648171
9788188733200
9789380849188
9789380483207
9789380483016
9781845578770
9780333923566
9780333923641
9788173170010
9780333923559
9788123721934
9780195694888
9780074601723
9780195656039
9788120723948
9788120723870
9788120900301
9780706976885
9781419504198
9780833527042
9780963844910
9780955294082
9780198068068
9780198068051
9780198068044
9780198082590
9788120788480
9780375842177
9780373338801
9788125000402
9788124323151
9781563896583
9788124309438
9788124309421
9788124303856
9788120725553
9788120724730
9788123910222
9788123903491
9788123903347
9780842384247
9788124312698
9788131002223
9788125016281
9788125015949
9781932915167
9781903096338
9788131000304
9788131000274
9788131000236
9788130405568
9788130405216
9788124201565
9788128802492
9788128802485
9788128801846
9788128400841
9788126412846
9788126008148
9789381095812
9788189235109
9788187765110
9788124203262
9788120726437
9788120726185
9788120726161
9788120725645
9780143026563
9780140240580
9788120724358
9788120724006
9788120723993
9788120723979
9788131003619
9788120723955
9788131001943
9788131001530
9788131001479
9788131000915
9780843126884
9788130405070
9788129104342
9788129103574
9788131003657
9788120723962
9789673242672
9781929133352
9788174788276
9788174786906
9788174785664
9788185988016
9788185679624
9788185674476
9788175738539
9789383990009
9789382562306
9789382562191
9789382562184
9789382562177
9789382562146
9789382562139
9789382562115
9789382562108
9788184191790
9788184191783
9789382562382
9781844036202
9781405176316
9780945353966
9780861311392
9780851705262
9780827348837
9780746066492
9780321554192
9780136066163
9789673312382
9789831912003
9789673312443
9789673312429
9798128809988
9789833378272
9788175738300
9788175643185
9788175561007
9788175542235
9789673312405
9788171676682
9789382562771
9781730166075
9781605980102
9781601460332
9781569756515
9788120723535
9788120723498
9788120723481
9780170120548
9788184152081
9780922811182
9780895249333
9780882847726
9781860425127
9781846773754
9781845570033
9781845570002
9780198075189
9780861254071
9780855985790
9780942110784
9789382562061
9789382562054
9789382562047
9789382562030
9789382018896
9789381212547
9789381033487
9789381033289
9789381033227
9789381033159
9789382562818
9789383990054
9789383990047
9788185173108
9789382562764
9789382562726
9789388632768
9789388050623
9789386012630
9789383670901
9789382562832
9789383990320
9788177391145
9788184820263
9788184191998
9788184191981
9788184191806
9789382562665
9789382562627
9789382562450
9788185674421
9788128814679
9788128814662
9788128814655
9788128814624
9789382246916
9788175542136
9788175090484
9788175090323
9788171827381
9788182962781
9788182960916
9788182960015
9788128823756
9788128821721
9788128821714
9788128814693
9788181336477
9788181336279
9788175542211
9789393267993
9788131009659
9788131006917
9788131004739
9789351650379
9788170174646
9788170117698
9788170087564
9788131761458
9788181336170
9788181336163
9788181336071
9788181336019
9788177560176
9788189182984
9788188385492
9788186332924
9788171672905
9788171080922
9788170661771
9788170586807
9788185674377
9788185629698
9788185107097
9788185028767
9788131014349
9788131011263
9788177390315
9788129101303
9788125902164
9788124304013
9788122003802
9788120724389
9788120723689
9788120722231
9788120722170
9788171677924
9788120722156
9788120722132
9788120719989
9781932021325
9788181336248
9788176128162
9788175821712
9781845570057
9788120722163
9789831912683
9788181336576
9788174822826
9788175738928
9788175738676
9788175738577
9780072885101
9788172014049
9788171678808
9788176496254
9788181336217
9788128814594
9788128814570
9788171828081
9788171828043
9788181335944
9788181335470
9788181333339
9788180691515
9789351773689
9789351650430
9789351650393
9788181336484
9788129506832
9788181336552
9788181336521
9788171676668
9788171670475
9788171220700
9788170791096
9788170790587
9788170217640
9788170215899
9788170187127
9788170161424
9788170160472
9788131010341
9788131002520
9780130305497
9788171679805
9788171679751
9788121938563
9788121923354
9788121609920
9788121609913
9788171677917
9788171677535
9788171676439
9788171676033
9788120722736
9788120722699
9788120721296
9789673240302
9788123010595
9788122309331
9788122202878
9788122201239
9783822890486
9783822851937
9788128811562
9788128808883
9788129102607
9788129102089
9788129101365
9788129100658
9788178623993
9788100001295
9788100001264
9784921205164
9783936636468
9783906127576
9788179331538
9788175739314
9788174786289
9788174784193
9788128803062
9788171677931
9789381448274
9780198082606
9788121608237
9788171679829
9788121608213
9788185027166
9788183682435
9788183680936
9788181336231
9780333922613
9780323036139
9780312342470
9780263204414
9788171675722
9788171675494
9788123434810
9788123429601
9788171822782
9788121608220
9788171827060
9788172540968
9788172453985
9788172159252
9788172153106
9788184822564
9788184822069
9788184822014
9788184821857
9788183453103
9789381033081
9789380005041
9789355481153
9788178559063
9788173011955
9788172865122
9788172541156
9789351650362
9789351650287
9789351650263
9789351650133
9788183612708
9788183530255
9788183453202
9788183453172
9788194266679
9788192977843
9788173664250
9788178124216
9788190457996
9789351650096
9789347764158
9789347764141
9789332424586
9788189235116
9789382562702
9789382562696
9789382562672
9788179872208
9788179504512
9788179330340
9788173012129
9788171825806
9788171825776
9788171824250
9788171823567
9788189723019
9788189605704
9788189605223
9788189605209
9788171679461
9788171678761
9788171678419
9788171678280
9788174390486
9788173024511
9788178694481
9788178120577
9788174142818
9788178121482
9788178120096
9788178121635
9788186877968
9788178120089
9788178120072
9788125013013
9788122202892
9788122202502
9788122203042
9789386810793
9788185897820
9789382400370
9788125013006
9788120760240
9788120774360
9788120760226
9780861251612
9788175974838
9788174143938
9788125011118
9788125010876
9788125002239
9788125014836
9788131915943
9788131927342
9788179680711
9788182962354
9788181374974
9788181374950
9788185119083
9788177390438
9788177392791
9788177394931
9788170088608
9788172294113
9788172294199
9788178550572
9788177390421
9788177394948
9788174143198
9789384168896
9789384883843
9788131908334
9788170087403
9788170089681
9788100000625
9788170085034
9788174142696
9788174143297
9788131802182
9788122308525
9788120735026
9789350121856
9788178694009
9788178694634
9788178695006
9788178694665
9788180563720
9789350121801
9788181375889
9789350121931
9789350121870
9788178694061
9788178694092
9788178694627
9788181375872
9789350121818
9788175050488
9788178553177
9788178624457
9788174144300
9788174143785
9788175970540
9788178121000
9788172294052
9789383441082
9788172293376
9788189291730
9788172293611
9788172293123
9788178235387
9788172291235
9788181376626
9788181376619
9788178236759
9788172293628
9788172292072
9789380049809
9789380592275
9788170212935
9788170089278
9788131900604
9788125002819
9788100003916
9788170640585
9788171207077
9788172290634
9788186877715
9788172291945
9788174143020
9788172290962
9788178121949
9788120781955
9788172291815
9788185843124
9789383751242
9788185843179
9788185843278
9788129882288
9788185301594
9788100001455
9789369941094
9789369942473
