9781172365487
9781172601981
9781149385203
9781173215354
9781175093110
9781175863119
9781173167950
9781149454077
9781149436066
9781467736336
9780737709285
9781851843268
9780471617204
9780071213264
9781742842769
9781422233832
9781422235881
9781371373511
9781422231623
9781627243100
9798197540225
9788171797363
9788185902784
9789350234150
9789350230305
9780761434610
9789386950994
9781608850624
9781245687843
9781173155827
9781176203372
9781177948210
9781179274164
9781241733711
9781177430098
9781172648955
9781176597686
9781176537040
9781177005678
9781140979319
9789352298938
9781176698451
9781171896036
9781176532762
9781172230440
9781172607167
9781171898139
9781141051250
9781172409440
9781172630745
9781141469215
9780898750409
9789362020529
9788190276573
9789384765620
9789350353745
9780789733535
9789378250705
9781850654537
9789395185394
9789395185097
9781107020283
9789395185677
9789390612352
9798227257314
9780709097891
9789380191423
9789359519524
9780544311831
9780395316740
9781901455618
9789357782005
9780470246641
9788480885546
9781848847750
9780412620508
9780721679198
9781627125703
9781627125673
9780750636049
9780321548238
9781629175461
9781410907592
9781458908636
9780737733259
9788169867375
9789812104632
9780203356883
9780956414878
9780198306955
9788176256124
9789814033053
9789351434078
9780815137153
9788190842105
9788178664958
9780838637548
9788432917769
9788131262078
9781153477024
9789028605480
9781589803800
9780825150500
9780395461174
9789629963149
9780825150517
9780521579810
9780395461211
9780761940746
9780805092318
9789251036228
9780395461198
9781598592122
9780782116830
9781400151585
9781600220517
9781858563336
9781403451262
9780511039089
9781403451279
9781422205815
9781894020831
9781422205693
9781422217672
9780395856901
9781588710932
9781933199009
9780595510351
9780789561114
9780804159661
9780980429206
9780174017462
9780198815648
9781400150151
9781234068226
9781408508688
9780199794072
9781433937385
9781408508695
9781408508664
9781429223393
9781174960321
9781177062312
9781175933294
9781143158513
9781178115512
9781173201678
9781142869182
9781176273894
9781177716925
9781173097622
9781172663569
9781178111880
9781177725446
9781148509969
9781171489368
9781171495840
9781171537557
9781178160420
9781782224136
9781240847921
9781172567379
9781171940821
9781172625420
9781149375594
9781143177996
9781147760972
9781171938347
9781171948414
9781144160287
9781178346527
9781171287186
9781171940647
9781171938446
9781171940562
9781171266600
9781171336679
9781240157624
9781173102043
9781142287726
9780997369519
9781171722793
9781400159048
9781293955345
9781245832939
9781177087988
9781177346719
9781177173780
9781177664967
9781245671323
9780727735690
9780330485616
9781855393356
9780470571613
9780769301280
9781848855236
9781401871932
9781926645520
9780809593996
9781593935887
9781422217719
9781785292293
9781908714435
9780763751173
9780071738477
9780780794719
9781932528015
9781608310746
9781904312611
9781922168764
9789357130479
9780865977532
9788172747633
9788170191636
9789372195699
9789372191325
9788170193128
9789381952962
9780521625418
9789386618559
9789372197075
9789372198195
9780749434557
9780761434863
9780761426103
9789378232558
9780761427902
9780761434818
9780761434573
9780761434580
9780761426509
9780761428169
9780656695133
9781591257097
9781405521000
9781906821425
9781906821470
9781906821449
9781906821456
9781906821463
9780312559991
9789378236914
9788176297158
9788176297141
9789392379567
9780761427896
9781146885089
9781171612865
9781141494828
9781278256634
9781176998148
9781176963382
9781176971820
9781178177602
9781149570104
9781297028502
9781171147459
9781170004760
9781177207836
9781177315630
9781149347096
9781177890526
9781245670487
9781147585346
9781172615445
9781240409198
9781178658248
9781140971948
9781141649716
9781149327067
9781172145140
9781172367924
9781145295834
9781177476645
9781177567800
9781176930889
9781176393981
9781173211523
9788187942122
9780131178908
9780131707634
9788190190107
9788190851701
9789382302568
9789392141683
9789383263998
9789350715239
9789381308660
9781403468772
9781432942052
9781432942076
9781432942083
9781403468765
9781432942038
9781403465832
9789386189448
9780131732056
9780822528258
9780321750433
9781615325672
9780823961726
9781404243101
9780780771420
9780766030985
9780823968756
9780321725530
9781432942014
9780787968298
9780868409085
9788888180311
9780748768486
9788395920806
9781615332267
9781448857487
9781615332298
9789391622121
9789391622282
9789391622466
9789390619085
9789391622138
9788132205425
9788185502120
9789379855732
9780195693270
9789388500562
9780070682566
9781906727529
9780572038731
9780748617807
9781843177012
9783527700240
9780819125231
9781111138523
9780915463787
9789359788463
9788167021243
9783968480794
9788492924837
9789347778049
9789365066074
9789391943424
9789390748082
9789391943561
9781410104083
9783126061834
9789814771047
9789380184067
9780195773880
9789380184357
9781843038672
9780898751246
9786041003453
9788870510768
9780260546425
9780201726053
9781590591321
9781236774071
9781236687029
9781152060272
9780752435947
9780198609131
9780393706383
9789355425850
9788194422266
9789352984008
9781419596704
9780312585648
9780471377405
9789814361255
9788175941403
9780312538996
9789352298976
9788192306452
9780321213747
9780780731516
9780203994894
9789380184401
9788190496063
9780894136238
9780199280308
9781932634242
9781932634259
9789580498575
9781932634211
9781932634235
9781433215926
9781932634228
9785386021160
9780836880465
9780836894165
9780892361717
9781843065142
9781848873049
9789812103697
9780825142512
9789812104069
9780113305384
9781936365340
9781908717481
9780071219778
9780071774437
9789251051818
9780836880472
9781856868037
9780071142557
9780131176102
9780399161810
9781740311601
9781432935054
9780738849843
9781740311731
9781432942427
9781907661280
9781432942397
9781458778987
9789584531902
9780765213150
9789387217744
9789681338060
9781571290946
9788131235096
9781934747391
9780395584057
9780977723539
9780850334487
9781934747384
9780071601849
9780395584033
9781934747704
9780395682616
9781149576175
9781173192853
9781177801119
9780967279121
9780470116845
9781172322770
9781171948483
9781171892496
9781171938262
9781432953942
9780836843002
9781909717183
9781432967093
9781590480908
9780836843019
9780836894158
9780692582855
9781142045906
9781171059417
9780439471237
9780071774420
9781178163919
9781153562799
9781610458481
9781440525209
9781901383522
9781358044397
9780470154687
9780135793015
9781927079294
9780300165272
9780195186734
9780756906283
9781843821809
9780902664715
9780992969509
9781633020108
9789584529909
9781379293071
9788493464240
9781413013184
9781519444530
9781932157468
9780613492904
9789862166789
9789861206783
9780321420466
9780697365156
9789812618863
9789390455072
9781906142674
9781887354721
9781906727901
9781906702236
9781906347185
9780898752250
9789393624505
9781444110050
9781408240076
9789353125974
9780321437310
9781680655124
9780606380379
9780606380324
9789353846855
9780735625938
9781857532845
9780606407304
9780613327244
9780471717003
9788971846780
9780781776981
9789389368529
9789388147187
9781412908429
9780230637436
9788187162360
9789390831340
9789350718964
9789355427380
9788185375700
9780691034218
9781148700786
9781297048975
9781149187449
9781149282977
9781149370469
9781177593533
9781179377162
9781178352283
9781177574129
9781177331388
9781177319911
9781240413621
9781178326239
9781178316735
9781177654838
9781175522993
9781177095587
9781177055338
9781177236041
9781177305204
9781270851714
9781249989301
9781245791311
9781240946112
9781176981690
9781176559127
9781176519299
9781176448254
9781240786251
9781148056524
9781148033921
9780691128573
9780691150741
9781139069618
9781116849080
9781141115549
9781147838893
9781294038221
9781173160623
9781173161989
9781171896593
9781172136186
9781176607255
9781176646032
9781176652446
9781176779822
9781172551996
9781172576517
9781173172725
9781173213275
9781174809965
9781175351326
9781149458792
9781171268048
9781172151455
9781172145959
9781172184101
9781172421770
9788392848103
9781909874282
9780273008842
9781844893737
9781852870515
9781405109413
9780333948682
9780203446317
9781903765524
9781845205034
9781410960085
9780826489791
9780071493734
9788182900103
9789357134842
9798233645495
9788901156569
9788189979492
9789389921823
9788394173135
9780130568618
9780898757590
9780764525728
9781417696062
9788168784307
9781429653435
9780736867412
9780230028401
9780435223045
9780415332033
9781407122380
9781407122373
9780606385848
9780606385862
9780077197414
9789380704494
9788172339203
9789367472590
9788131270288
9789390921430
9780387519166
9789380164090
9780312586652
9780521568494
9780521568500
9780814290989
9780521568487
9780131499287
9784834025408
9788190496025
9780582298385
9781904853183
9781602798809
9780787995010
9780763794378
9780521427142
9780155066779
9781544898582
9781906403805
9781240404438
9781241692575
9781177369329
9781177221351
9781246759846
9781276999786
9781173200459
9781173179762
9781176746947
9781177108560
9781171923114
9781171931591
9781173097141
9781172207800
9781172449668
9781142751807
9781149498118
9781177849173
9781176548596
9781174893247
9781177489355
9781177770439
9781905921201
9781458757661
9781439230503
9781905921218
9781406520156
9781406789997
9781406508826
9781149470336
9781172379057
9781149483978
9781287734871
9781149581872
9781149599440
9781145706705
9781144336859
9781172185368
9781149208823
9781149370810
9781178189261
9788180617430
9780756984588
9780071125550
9781849210997
9781258014049
9781258036218
9781258100254
9780470003718
9780203933053
9781258062538
9780972556156
9789814020732
9781258014483
9781422233986
9781908995186
9789371531702
9789812754219
9781903634530
9788461675340
9788437071329
9781503193468
9788173716423
9781105648137
9781562439538
9780606380430
9780606380409
9781435280977
9780606237703
9780606378253
9780606380447
9780756990046
9780606379700
9780606376020
9789357131759
9789357138239
9789359516943
9781171060451
9780606379687
9781149576960
9781176581524
9781176654129
9781177676779
9781172223985
9781172202775
9781172180493
9781171306450
9781245697125
9781172605644
9781174811265
9781177484138
9781177519632
9781175461735
9781175820914
9781279727317
9781177366243
9781177253208
9781176573192
9781176263215
9781172544462
9781172513543
9781172506156
9781172224814
9781110721672
9781245665025
9781149439470
9788194422228
9789351250388
9780195694215
9788194422242
9788194422235
9788190017107
9788190217071
9788173871566
9788189652999
9788126102846
9788126128822
9788189065515
9788126104949
9780670083312
9788189863029
9788175741287
9788174881779
9788126136148
9788171002818
9789378239199
9780670085347
9789395649780
9789369891801
9780495090045
9780495090038
9781484240595
9781571033284
9780071242189
9780780772045
9781555282677
9789382007302
9789382074663
9789381308899
9789382074632
9789381308486
9789393880888
9789390831753
9789388266291
9789390831715
9788131523865
9788180387043
9781597311014
9789382074748
9788189253769
9789382074809
9789382074779
9789381308332
9789382074700
9789386826503
9789382074762
9789386735263
9789390926695
9789386606037
9789382074793
9788189619190
9788180521058
9788170193104
9788180386206
9788188237364
9789382302742
9789364559515
9789356223622
9789385883248
9789356221222
9789382074670
9789382074687
9789331325952
9788187651000
9788190166836
9788194990703
9788189972493
9789382074724
9789392262944
9780743508148
9781616552688
9789355873118
9789355870681
9789355875327
9789355872432
9789380096322
9788182838291
9789350320990
9789380937885
9789355872340
9789355872326
9789382037033
9789380096193
9789355872487
9789355873958
9789355875242
9789355871244
9789355873057
9789355872524
9789355873323
9789355873415
9789355874436
9789355872302
9789355874382
9789355875099
9789355874955
9789355874818
9789355874719
9789355870971
9789355871671
9789355871176
9789355875006
9789355871435
9789355871770
9789355871749
9789355871732
9788177392838
9789355871800
9789355872241
9789355871503
9789355870445
9789355870513
9789355872890
9789355872050
9789355870032
9789355871350
9789355873774
9789355872586
9789355872852
9789355873439
9789355871848
9789355871893
9789355871961
9789355871985
9789355872036
9789355873682
9789355873736
9788956606576
9789394867666
9789356988804
9788183211215
9781561718955
9781153738279
9781408240090
9788175341777
9788184483222
9788178331553
9788366500877
9780511037696
9780470032411
9789350712436
9780709933168
9781154119848
9789390529568
9798233484018
9789391622664
9789391622015
9789391622039
9789391622114
9789391622046
9788188039814
9781849541275
9788199694958
9789347500725
9789361802782
9789373352930
9789347778407
9781905356546
9781410216656
9780435383053
9781435295483
9788185353586
9780195680263
9788185873664
9788170892946
9789386820945
9788119684410
9788170445272
9788170892113
9780230328303
9780061445590
9780613354264
9780613278195
9788854408128
9781468301298
9789392591563
9781111530433
9781861343611
9781234111618
9781234121594
9781439512395
9780366089772
9788195887101
9788122472219
9780199135189
9780785757771
9781897330654
9781408814246
9789810246372
9781449306991
9781906632120
9781609073930
9780596101350
9780764530999
9789681657529
9780435071127
9781400157594
9781743109267
9781470884628
9781478935346
9781901992946
9780321186515
9781601301857
9781400006182
9781449307592
9781623360856
9781616910006
9781609074180
9781455877058
9781461054597
9780470044933
9781470880606
9780824836177
9781576079669
9780789715135
9781111307493
9781401310936
9780531185377
9780486479330
9780205436743
9780132196260
9780981160641
9781118009260
9780764580253
9780544114203
9781907791772
9781929007196
9788185938981
9780534305581
9780511081460
9780486992181
9781844679485
9781780974064
9781588181244
9780201409154
9781575255989
9781565928664
9789380164021
9789584526069
9781905959914
9781433209178
9781422218006
9781933958743
9789707700550
9780953715510
9780942942026
9780935047318
9780470400661
9780233002927
9780882893464
9780749467616
9780810111103
9781846946691
9781860113758
9780786176151
9780762786435
9780724102846
9780735578418
9780977670345
9780746309452
9780975548257
9780914758037
9780974059310
9780911921717
9780815724056
9780814420188
9780804837637
9781559587259
9781433258572
9781556645020
9781555540746
9781863600910
9781470809911
9781455111657
9781846820366
9781845117214
9780982441916
9781899541348
9780977670369
9781470882372
9781442145863
9781433271014
9781433211782
9781402789601
9780123744098
9781433252501
9781433220166
9781580621663
9781563431418
9781565237001
9780982271117
9780982441909
9781907611100
9781909438439
9781400156597
9781400157013
9781602067530
9781681416069
9781781580349
9781788283427
9781905179008
9781905399222
9781911439028
9781921573743
9781932813401
9781932813425
9781932813432
9781932813517
9781932813937
9781932813975
9781934209875
9781935163961
9786071101266
9781172599950
9781172616329
9781932813845
9781932813883
9781234980115
9781240793556
9781240861682
9781250124487
9781400153534
9781400155620
9781400169016
9781419669149
9781427217189
9781443701341
9781452600369
9781452650661
9781455895595
9781469037318
9781469216348
9781469252063
9781469259567
9781480538771
9781145289017
9781145453043
9781495146251
9781515257783
9781517519360
9781522651666
9781536651058
9781536651133
9781455883677
9781455885022
9781171939412
9781171951407
9781171951469
9781172264230
9781172346400
9781172561575
9781481155908
9781483017150
9780993215209
9781115558235
9780739332351
9780956929099
9780977610716
9781151366238
9781153084949
9781171329138
9781171329459
9781171340195
9781171356707
9781171402015
9781171658115
9781171826378
9781151228291
9780217479783
9780217713658
9780217953221
9780692523582
9780957246249
9781171923244
9781171939054
9781171269564
9780983084242
9780988417076
9780990413509
9780992303006
9780143430841
9780175117840
9781117719948
9780175117888
9781172617944
9781172622108
9781172653591
9781173180850
9781176518797
9781176840263
9781536692785
9781540446886
9781177047661
9781177241946
9781177617116
9781177777988
9781177850605
9781178016451
9781178390339
9781178404258
9781231079065
9781232520658
9781234313722
9781234410582
9781234436575
9781234455941
9781234460310
9781234714345
9781234788049
9781234812331
9781117812403
9781141919260
9781142838294
9781143192357
9781144263049
9781145172784
9781171266730
9781171267676
9781148349749
9781148640440
9781149365007
9781149497951
9781149553978
9781150260339
9781153294713
9781153434690
9781153457064
9780979295201
9781480514720
9781591520771
9781593160753
9788480767385
9781587761836
9781581124989
9781681021812
9781742442518
9781557788184
9781504789417
9781505207651
9781592680535
9781591793205
9781595690210
9781621378372
9781613213285
9781604448009
9781599424057
9781940262611
9781935723950
9781625450708
9781622035915
9781598009460
9780983248033
9781329889767
9781433207020
9781430126720
9781532751981
9781500189716
9780497260897
9780755206056
9780756901066
9780786162376
9780796918215
9780796920072
9786070728181
9780870231810
9789766373290
9780993882913
9780923891800
9781422226957
9781492282945
9781422220061
9781422226421
9781422220078
9780976710486
9781770857179
9780954999018
9780937660232
9780864736970
9780967389080
9781481825061
9780949398031
9781926923000
9781930585737
9781846825316
9781894667883
9781933290874
9780976587613
9781434493569
9781434488428
9780976862734
9781587331534
9781385501719
9780978284626
9781422219751
9781422219669
9780992057190
9780987251466
9781341184949
9781422219997
9781133525844
9780982812402
9781422215586
9781347027998
9788171794867
9788119684687
9789351528043
9780956011916
9789881525758
9781453663943
9781508775379
9781664080874
9788172360276
9788172113988
9780511126413
9780393930061
9788197637520
9780873525947
9780863568510
9781848985711
9780113411160
9781622430963
9780606395373
9789863201670
9780606402606
9789386920669
9789381209530
9781175362377
9781171727651
9781171528753
9789352299010
9781172283569
9781172335381
9788891652737
9781177434294
9781172088713
9781172224739
9781176748149
9781176771321
9781177052399
9781141582419
9781145636835
9781174905773
9781145722880
9781172488285
9781172430062
9781175131782
9780195672473
9781171276173
9781171306474
9781172638567
9781177529556
9781176980457
9781176929944
9781176163096
9781279937679
9781175601841
9781177391610
9781177202282
9781177363990
9781177111881
9781175851512
9781234308155
9781177924023
9781241698096
9781273409479
9781171925491
9781171770206
9781176166233
9781176629844
9781175760494
9781241092962
9781176646698
9788192718644
9788181980175
9788190784375
9781907215100
9788174888709
9788190713092
9788190738590
9788171006236
9788172332839
9788189913342
9788189913335
9780606064866
9780756990794
9780606318686
9780606390583
9780606318693
9780606392808
9780606267120
9789390032853
9789352709236
9780868404110
9788119684922
9788119684281
9788181525567
9788178885292
9789389991154
9789381308202
9788186976814
9788186976920
9788119684106
9789355014764
9780868405087
9781905740475
9780132555241
9780470825280
9780749457594
9780789030788
9781905740444
9781412929097
9780946719440
9781405119856
9788189765699
9788193554715
9789390325412
9789389286335
9780071144308
9781904434962
9781930808485
9781908096005
9780745646718
9781439503393
9780877798903
9781461058687
9789393213822
9789393213709
9789393213600
9789393213617
9789393213655
9788176299404
9789392219979
9789393213884
9789393213488
9789393213976
9789393213525
9789392219665
9789392219788
9789392219702
9789392219269
9789393213068
9789393213297
9789393213853
9789393213372
9789388983914
9789392219207
9789393213365
9789392219375
9789393213587
9789392219429
9789393213570
9789393213204
9789393213198
9789393213969
9789392219566
9789392219443
9789392219535
9789393213075
9789393213105
9789393213129
9789393213860
9789393213549
9789393213211
9789393213891
9789393213907
9788176293952
9789392219481
9781417663217
9789861245119
9780203420539
9789395649841
9788131219409
9788188342082
9789395649728
9780140211146
9789369528653
9788131244708
9798327202603
9788491693871
9798233234842
9788178845913
9789350713341
9789862724002
9780131744523
9788889272961
9781590481257
9789681637132
9789350714249
9789353666095
9780761417262
9780761400554
9780672330360
9781580089852
9781442962019
9788131205020
9789391581558
9788119684458
9788185353500
9788192718651
9789812454508
9781410916600
9780071589659
9780736045698
9789392242632
9789359770529
9788119637225
9780756968601
9789387880573
9781435220201
9780449007488
9788131411742
9781578616824
9780867152401
9781899558056
9789814024990
9780753470770
9781934692936
9781592334841
9781458732354
9788131229002
9780826496430
9781602795587
9781602791688
9781602795570
9781588710963
9781849750578
9781843440444
9781592234769
9781285186948
9780323022521
9780857285027
9781602793415
9780857284969
9781589807679
9780857284808
9780762760183
9780881325096
9780985244057
9781602791619
9781780962528
9781602795563
9781602791671
9781843680499
9789681912109
9781602798014
9781602797383
9781602797024
9781602797017
9781602791657
9780767916318
9780984281053
9789889993917
9781939666109
9781609871222
9781909115606
9781939666093
9780981953144
9780995536203
9780425291801
9781171250494
9780143431282
9780143431893
9789353235468
9780071169134
9780071164658
9781878853912
9781905287772
9788492452965
9781613601136
9780893343750
9780911005172
9780615279138
9780615231884
9780615368924
9781407675138
9781418859701
9781626864207
9781371207335
9780986607615
9781422215692
9780521634373
9780521672375
9789382838210
9780443062674
9789390129447
9780000527608
9780536687869
9780465023035
9780789716644
9788131234365
9788184486162
9788180615085
9783732233496
9781511655668
9798235442535
9781406817515
9780632013388
9781417753062
9780606376686
9780606376761
9780613366588
9781133283072
9781417748846
9780606074933
9780766035850
9781176009899
9781176927568
9781176979208
9781174830778
9781175459879
9781175621498
9781175820457
9781172538782
9781240803125
9781172500772
9781148832661
9781177290586
9781177715768
9781177891646
9781177130677
9781171291947
9781171312000
9781172472963
9781172424559
9781176861220
9781172486687
9781176873988
9781177013468
9781177014915
9781177070621
9781178141986
9781279950340
9781149477199
9781171287551
9781171709275
9781171979463
9781176168206
9781177342834
9781176712782
9781177359900
9781176252158
9781176534438
9781178341812
9781176785144
9781172572328
9781173179250
9781177128704
9781177962797
9781171777977
9781171529736
9780521731072
9781149423073
9781178087147
9781171892731
9781145645950
9781141663859
9781149329825
9781173270377
9781178093711
9781178099003
9781173385712
9781178198928
9781176201453
9788126161973
9789334271751
9780230328518
9788120410435
9788180300943
9788183210102
9788185680880
9788185971971
9788178880273
9788179103203
9789394739062
9789382120995
9789350719251
9789355740090
9788190651851
9788178791432
9788176253321
9788177648584
9780199485949
9789350849538
9789366160931
9789350848456
9788173052118
9788185971919
9789389366822
9780099580591
9780691019215
9789381209547
9788119708482
9789388500593
9789334036343
9780828532808
9780691153223
9789333195331
9789391108038
9780099580584
9780613872904
9789390831678
9789352704040
9788184290387
9789380199610
9788193342961
9788180381379
9788184290240
9788188730636
9789351526148
9788189253837
9789392586910
9789392586682
9788181478061
9789392586941
9789390128464
9789351521662
9789389546057
9781439514207
9788120414723
9780233967714
9788195110643
9780074527610
9781449674465
9789350702079
9788126925148
9780756504434
9780613906166
9780756979515
9780078694738
9781583400975
9781435297500
9788886620178
9780195641585
9781938548246
9789352299072
9780321815910
9781118796146
9780203131015
9788183214773
9788189915001
9780606319089
9780606376716
9780606319072
9780606266253
9780606266260
9780131303461
9781625880154
9788170192053
9788170191421
9781598630787
9780787997540
9780534562083
9781932735024
9789629960650
9781587411045
9781581125184
9788460977247
9798232705329
9781636849249
9783894455941
9780299297947
9789348597328
9788377311530
9781410302557
9789389368222
9789380712840
9788176258647
9788170892779
9788170892144
9780333938065
9789394836204
9788187197836
9789356962347
9789350719299
9789862723463
9780669495157
9780521007641
9788199723221
9780521007382
9780805785715
9780521009027
9780237544829
9789369528349
9781587318627
9789359809601
9781905428663
9788187170044
9789369524945
9780237544805
9780984563548
9780521007412
9780803735934
9781618650634
9789810214562
9789355427861
9789394836174
9781041413431
9781904959281
9789348631497
9781410218711
9781590841693
9789681340681
9781429108188
9781590841853
9781590841747
9780340907023
9781429104975
9780395692004
9780804833288
9780870032158
9780854420834
9780887386404
9781458755001
9789681685195
9780985187637
9781491593509
9781515338864
9781609920975
9781515391517
9781849919609
9781621480075
9781515353195
9780194729727
9781410202109
9781409985150
9781784650292
9781478281375
9781847471178
9782711625925
9788882651176
9780071202824
9781591461494
9781944992514
9781848760844
9780486687841
9786070725067
9781843821410
9781898481706
9781593630263
9786074003642
9780965197571
9786073138321
9780810127975
9780809510528
9781419721090
9780333900871
9780333903445
9783925064487
9780174246473
9781505705164
9780324318265
9781508774846
9781512011975
9781512291353
9781503193314
9788196682705
9781614615934
9780872864870
9781453800188
9788131223093
9788171797080
9780395487310
9788131236321
9780203459621
9780321693884
9781417643332
9781417626267
9780471947172
9789378169861
9789388750585
9781417697205
9781906964771
9781843585022
9780174025009
9781782390909
9781436435451
9780606358149
9780756922092
9780780799660
9780756929329
9789381089286
9789334303810
9781435297593
9781149308943
9781149337233
9781149383100
9781171270898
9781141517381
9780559114397
9781172646142
9781172563357
9781172059249
9781171464389
9781177453974
9781171414322
9781171371496
9781171306405
9781171311324
9781171309499
9781171289258
9781171923084
9781171300731
9781149482193
9781176866164
9781176822078
9781176801523
9781176708006
9781176589834
9781176544345
9781171288114
9781171285816
9781149559185
9781171285854
9781171252634
9781177205122
9781177036207
9781175490797
9781176977112
9781174892240
9781240861743
9781240850020
9781240833665
9781240405626
9781178392913
9781178345711
9781176400177
9781176284401
9781177443562
9781177295161
9781245791328
9781176921092
9781176950672
9781241059491
9781245832762
9781177035224
9781175939784
9781175910073
9781175831002
9781175528766
9781295418848
9781295063420
9781249315599
9781289281915
9781176131903
9781176227590
9781177850933
9781172492152
9781171663553
9781171771500
9781171776437
9781171631613
9781172250400
9781172217441
9781172150175
9781172148554
9781172148417
9781174854514
9781170506035
9781171833673
9781171816713
9781173220242
9781173105259
9781172486625
9781172486779
9781173192648
9781173225384
9781173297534
9781408272091
9789392025419
9788119355303
9781410403872
9789707182721
9781439505724
9788324166350
9789395557313
9780955988202
9780203504901
9788520364802
9789387483224
9781480554030
9788126105403
9788183210515
9788185421339
9789381390221
9781904768692
9789381390283
9781606861905
9780554002675
9780705400794
9789388875028
9780571247370
9789387146006
9789388725798
9789382037194
9788175348875
9789385883279
9781844670444
9789389947519
9788176480147
9789364559843
9789381465622
9789372025927
9789351522010
9788185375441
9788195853885
9788192196534
9783527700479
9781883219758
9781406221152
9781856869461
9780750658249
9788189979638
9780271027128
9788131413685
9789369145669
9789356030053
9781937862756
9781408805954
9781855620568
9781849540629
9781844152643
9781405147217
9781856175326
9780975913543
9781113570284
9781741967494
9781904772392
9788173710858
9788185902104
9788176299527
9789355426000
9780850337631
9780856832383
9789395400817
9781930808447
9789363333352
9780224035064
9781608300167
9788197420351
9780736873468
9781439559338
9781429632164
9780736873390
9781445619477
9780736841375
9780224051163
9780736841535
9780736860147
9781545485194
9789937185288
9788183214858
9788177080124
9780070305786
9780857570093
9780203099650
9780613530873
9789394739048
9780471787723
9780470585399
9789355428752
9781861265548
9789356034075
9780606351676
9780606147170
9789391549480
9788126560752
9788185933412
9789386286161
9788178001951
9789390455980
9788474268447
9788490332481
9780719807381
9789386482150
9780756907464
9780780783829
9780613628464
9780613577106
9789813165397
9788190761123
9780613031776
9788171798032
9788175741263
9788188683659
9788175741478
9788184883985
9788192718682
9789350712283
9788126901661
9788187197829
9788184733983
9781598630800
9780321793058
9780812971767
9789062157495
9781848854970
9781931859813
9781844265190
9781408285725
9781601940056
9789707708167
9780785407638
9781118361221
9780785407454
9780761513827
9780750640336
9780785407102
9781601632692
9781857076837
9780785407393
9780785407447
9781613772065
9789352298877
9788993342116
9781417656387
9781407100609
9780704371996
9780743265485
9781844264032
9781896357317
9781856177375
9780521788564
9780528003394
9781933382173
9781441151247
9781595199379
9781444138900
9780786192298
9780786190904
9780826492562
9780472032532
9781555912147
9780756962883
9780786190898
9780984225255
9780811217866
9780794605254
9780874993967
9781920888947
9781427797827
9780986038914
9781440533624
9780763766863
9781921235955
9781883789459
9781741231465
9781741231489
9788492452545
9788479537265
9781410205278
9780992565916
9781590481745
9781459613867
9788178331812
9789587049725
9781439252536
9781613758793
9781922086266
9781414107172
9780992582609
9780990589709
9780143432937
9780333547144
9789375617648
9780789742193
9780071143264
9780983173434
9781934935484
9781934757024
9781934903254
9781566636216
9781604947984
9781598244922
9780975304327
9780720616385
9781933889092
9781608850440
9781427650108
9781290747608
9781285766751
9781290278133
9781942661214
9781936672530
9780990516101
9788188129492
9789334170870
9789355850492
9788181913487
9798905847608
9789378844560
9789392958977
9788171643189
9788171643158
9780859893527
9789373358536
9789334416497
9788188327614
9788171171903
9788198915832
9789366277844
9789388599399
9781250753441
9788189836771
9789366273013
9789374248881
9789393675583
9780136857372
9783537659019
9781507772225
9780754815419
9780955320026
9781512291988
9781439217566
9789383989966
9789391943776
9788169742320
9789372196894
9788169742368
9788131200667
9789863201311
9781623360603
9780470413050
9780754820086
9780739847572
9780754820215
9781846851568
9780754817222
9780780732520
9780964302310
9781575604466
9781589799431
9780606397773
9780756952235
9780606365987
9780660186818
9789359483290
9780749435769
9788196264628
9780615141053
9789366960135
9781905953301
9781171432517
9781175602350
9781173222338
9781171390862
9781149766149
9781171269120
9781174839962
9780761343790
9789389368208
9788194422273
9781403443458
9781403457493
9781403443861
9781403443007
9781403403988
9781403443465
9781403443038
9781403404039
9781403409294
9788199151505
9780132326469
9780131859715
9784151400018
9780749452483
9789197774925
9788175740976
9781410300140
9781904811084
9788175740945
9788184044386
9788183211437
9789387363663
9788184290554
9789386664044
9789380376295
9788195277605
9781567119695
9780007246380
9788441516496
9780431908403
9780321316776
9780008650391
9789381390290
9780582292987
9781786489685
9789395649445
9781905444427
9789395649919
9780794522339
9780395744512
9780062049179
9780071135023
9781439505038
9780306370502
9788897320265
9789684196100
9780674504455
9789382192794
9789382192800
9789382192527
9789357780711
9789339222116
9788131306024
9788190769532
9789392262951
9789382185161
9789380937373
9789386006486
9780554021140
9788131246986
9789382192497
9789381308349
9789382185178
9780780787131
9780431999524
9781417731244
9788171797332
9781417788552
9789358894332
9789382664611
9789395649711
9788177370348
9788177370836
9788132006022
9780613924955
9780955676437
9788197237096
9788869106149
9781921497001
9789365060522
9788186809969
9788195433414
9788169030021
9780901462350
9780613318631
9788195350742
9789373355672
9780606043038
9789062157754
9780756918231
9781417618118
9789391088842
9789394836648
9780748238682
9789685679343
9780750615914
9780821311004
9780960404247
9780443100567
9780007606740
9780787995188
9780071390569
9780071390835
9788121108638
9780471067740
9789349262614
9789393002006
9780230537750
9789365818390
9781891448379
9780201406795
9780828532228
9780812474992
9780198732112
9798886132014
9781843821281
9780230226937
9788198930385
9798282199239
9789392023903
9789350719176
9789359132945
9788173910982
9789327194678
9788126103508
9788188719518
9788181522481
9789349989894
9788131208908
9788131208892
9788184356007
9788189630652
9788191046427
9789364680097
9789380929309
9789352703449
9781620402436
9781551803081
9780802144980
9780786159437
9780237545062
9780554021287
9780613285179
9780613365680
9780619111564
9780613582803
9780743269063
9781932783995
9781578262007
9789584505811
9780061434754
9781580374941
9789583018411
9789583018435
9780984886517
9781416584995
9780739832523
9781446528778
9781446529058
9781447459132
9781446528686
9781906768508
9781420927436
9781434419491
9780307393371
9780340973868
9781466493131
9781479412198
9781849032056
9780470581063
9780521697040
9780606206549
9780613926652
9780615373317
9781936367757
9783764315832
9780865713574
9780143431183
9780143433224
9780194671651
9780733333446
9780761424895
9780340975398
9780340985427
9781410207005
9781406710977
9781409943822
9781101973899
9781566861113
9781501259340
9781479413966
9788499537191
9786071127280
9780899666068
9781406526806
9781410206725
9780985898717
9781935633372
9781569318683
9781781205372
9780470580301
9781935439233
9781906768515
9781591163008
9781593891237
9789371501743
9780979984778
9780976783282
9789390423897
9789392419881
9781456519049
9781451509076
9780985615215
9780982063569
9781407634050
9781417618057
9780981899152
9786079377281
9788131213025
9781589399839
9781596635845
9780071241120
9786074151114
9786070706332
9786070400445
9782226045492
9781844718825
9781681650753
9781604911503
9781601452542
9781493573363
9781457503399
9781417646401
9780613583923
9781435242739
9788860172570
9780613547406
9780613708494
9783196895971
9781684040711
9788169931649
9780618041671
9780534378646
9780613255080
9781408240083
9789352298914
9789388750714
9789359062259
9789355427441
9780613919746
9781604141122
9789357558259
9789392448041
9781417616794
9781417632527
9789391943820
9789334306811
9788194733393
9781906823757
9780237542900
9780237542894
9789395649605
9780237542917
9780237542931
9781781271018
9781444144994
9789395649988
9780007429233
9780606398527
9780237542948
9780606405485
9780237542924
9780613921077
9780613135108
9781009729390
9788167010025
9789392215117
9789374529904
9788197349508
9788199268357
9781240832750
9781172122646
9781296034436
9781240932849
9781914300615
9781417641635
9781295455751
9781176706194
9781240846368
9781171786238
9781171253570
9781171274964
9781171282259
9781178442151
9781179112510
9781171306146
9781171311164
9781171332121
9781171152682
9781171592105
9781171568117
9781171153337
9781171341451
9781171398479
9781171336945
9781241779481
9781176203235
9781176272040
9781176433069
9781176471078
9781176571686
9781176597198
9781288336197
9781288454082
9781172145591
9781171285397
9781171999423
9781149844694
9781171429388
9781173297169
9781173149055
9781149841587
9780756942793
9780613832663
9781170401255
9781289110314
9781171080329
9781170999899
9781170988848
9781171464143
9781240158904
9781179812540
9781179326818
9781176640474
9781171251132
9781171250906
9781171154037
9781176950863
9781176901087
9781240862023
9781172581436
9781172243884
9781170375686
9781170398050
9781172221493
9781172218264
9781170708859
9781172472024
9781172479665
9781171287803
9781149914991
9781149937969
9781149904251
9781149910603
9781170534540
9781170416488
9781170613405
9781170687666
9781245666732
9781245690515
9781245656009
9781278351995
9781177981262
9781178358339
9781178407808
9781178418972
9781178423167
9781176635197
9781246014730
9781245139892
9781176771352
9781176812796
9781176815759
9781176838413
9781176858213
9781175330222
9781176071858
9781177931779
9789388696029
9781904859680
9781853159701
9789353633837
9780321356550
9780789743640
9781844545858
9781861344564
9781597775359
9781900639392
9781847065070
9781593976675
9780613494373
9788167010148
9781417634484
9781444115970
9781417733729
9781578262915
9780613538770
9789386008084
9780192755933
9780521253567
9780521253598
9780848821036
9781910524367
9780521253659
9780153090028
9781408261309
9780848804534
9789350244852
9789350248515
9788126141937
9788126129201
9788126109012
9788119422005
9788170893103
9788170272564
9788177645903
9788126102839
9788175364271
9788177647624
9788175411272
9789392023538
9788126501007
9788188837014
9788187616061
9788187815549
9788188837007
9788174887719
9788179980576
9788178780108
9788187421146
9788189320157
9788185971360
9788184887716
9788185048406
9789391256616
9789388050562
9789381347843
9789350320396
9788180616303
9788180693137
9788184883114
9788184884982
9780750648745
9780750648738
9780670081066
9780230634459
9788184887020
9780195684964
9788175741508
9788175740761
9781864701180
9781781581193
9781417635498
9788173910265
9788172248437
9788170892977
9788170412014
9788170420842
9788176292849
9788170893707
9788176298223
9789369149018
9780670085811
9781914495427
9788180564925
9789349346697
9780691180847
9781849901383
9780780770171
9789390641048
9789382074038
9781404808058
9780727909466
9780367268626
9780198088271
9780195692518
9789382007029
9789382006084
9789381052389
9788181980663
9789394102095
9789387620759
9788172252175
9788176483940
9788180617164
9788181581259
9789382074052
9789382074069
9788123929538
9788126919932
9788131253670
9788131314258
9788170999874
9788176491679
9788178880587
9788178884783
9788179460672
9788180380594
9781781770610
9781843309123
9781905573042
9788184484106
9789382074175
9789382074168
9789382074137
9789382074366
9789382074335
9789382074328
9789382074304
9789382074274
9789382074229
9789382074212
9789382074205
9789382074199
9789382074182
9789384161705
9789382074120
9789382074113
9789382074106
9789382074090
9789382074083
9789366167381
9789356223042
9789356034235
9789382074021
9789382074014
9789382074007
9789382037347
9789382037330
9788192353876
9788192353852
9788192353845
9789380817859
9789380817736
9789380817552
9789380817316
9789380199528
9789382074540
9789382074533
9789382074496
9789351528098
9789351431244
9789309521980
9788195371495
9788192353883
9788171795147
9788192353821
9788189972295
9788189972257
9788188449088
9789382074267
9789382074243
9789382074236
9789382074489
9789382074441
9789382074458
9789382074465
9789382074472
9789382074588
9789382074571
9789382074564
9789382074557
9789383154258
9789382074373
9789382074380
9789382074427
9781621377061
9780812445800
9780521601344
9789384025298
9780954766337
9781409227786
9780525950509
9789353235611
9789353843854
9789395649544
9789359637891
9788185212999
9780237544201
9780237544232
9780237544195
9780134999487
9788171946716
9789350252321
9780977784714
9781591253259
9781595690159
9780812489330
9788169488396
9789386896681
9789388750592
9789351847243
9781417718542
9780613221481
9789350120392
9781417663873
9780821836019
9781417751549
9781595661098
9781593891916
9781592964727
9781439518083
9780780780484
9780071424370
9780756964726
9780836874662
9781417718771
9789707802742
9780062081513
9780446544245
9781590174746
9780415204613
9780613570619
9780750681711
9780613663755
9781417825868
9780415086912
9781417697236
9780613293792
9781422179796
9781921064333
9789774163968
9780613274135
9780613457224
9781417687992
9781417725595
9780613542746
9781562436926
9783515084482
9780071769488
9781480503724
9780979525704
9780979525735
9781455884452
9781401926359
9783847291244
9781592332977
9780970606921
9781552100356
9788185983219
9788180611858
9780446544252
9788180618888
9780231161756
9780268082536
9788180610714
9789251036976
9780295961545
9780448478647
9789287161130
9789287154538
9789584508355
9789584528964
9781449319823
9782831709123
9781743110034
9789971512118
9788171799817
9789681663445
9781617061998
9789937265263
9789937859783
9781592333240
9781449319632
9781862032132
9781934360828
9781427797506
9780898628746
9781743158678
9781840784169
9781851689187
9780787998011
9780307718631
9789700507613
9788185264103
9788172252045
9788125910053
9788175941823
9781444106954
9788185135861
9788184241570
9788176299145
9780359686407
9789339224172
9788188817030
9780074515648
9789385722776
9789387957237
9789380929262
9789380642840
9788176297073
9781495056734
9788176297424
9798224068111
9798291761915
9789350356470
9781643501871
9780745623368
9780711036291
9780913063187
9780826429117
9780495171928
9780312299927
9780977312757
9780976861539
9781418447472
9781422204351
9781403449115
9781491254905
9781601451453
9781601458261
9781491031759
9781492390886
9781935784173
9781491066126
9781935784142
9780983004011
9780941524827
9780786125296
9781933382852
9781933382609
9781936681976
9781935501206
9780817631437
9781935784128
9780786136810
9780806534282
9780844204079
9780826456496
9780976861515
9781492265139
9780230551954
9781492129615
9781492228431
9780979047541
9781846821189
9781623610548
9781623610098
9781614344445
9780199794423
9780071665117
9780071592246
9781891123702
9781894338967
9781862543935
9781862032248
9781935784197
9781898128571
9789079761869
9789584528193
9781894338851
9780976519638
9780973936223
9780970271334
9781859063170
9781893798397
9781859062371
9781492325901
9781612430980
9781860570155
9781492391371
9781860570513
9781860570735
9781859061763
9781894338615
9781593579340
9781492709992
9780735680807
9780385392686
9780692454572
9781501227486
9781501227882
9781501263972
9781501252228
9781511367202
9781491527177
9781522690801
9781501277429
9781525500190
9781861442376
9781743156537
9781782220947
9781501215803
9781501212536
9781536640199
9780986619601
9781480589056
9781480586871
9780143430391
9780984089505
9780983331094
9780974694382
9781491524275
9781480590236
9780970103093
9781406719895
9781434410832
9781455864706
9781455896387
9781463539702
9781469260495
9781469260426
9781480563551
9781536640236
9781536651201
9781536651218
9781596153790
9781508747611
9781508218548
9781906783594
9781910670859
9781906954673
9781491535264
9781491537992
9781491553350
9781491590898
9781494886387
9783849558345
9781491581933
9781932813050
9781909609174
9781932813456
9781932813296
9781942901181
9781932813739
9781932813593
9781511316705
9781491583593
9781491572856
9781511321679
9789391966287
9780986100314
9781514651421
9781601450487
9781921438974
9781434462435
9780989146753
9780992057114
9780984593606
9780983858713
9780977883356
9780615609508
9786073134316
9781482584042
9781489611079
9781492971993
9786070729980
9781938178450
9786070731549
9786070719080
9780870785016
9781847736314
9781859062401
9781883717384
9781878853059
9781592243686
9781566632904
9781628970302
9780993101885
9781426313400
9781611451467
9780786180349
9781595690258
9781450582179
9781434414359
9781785291883
9781930554054
9780970943316
9780976042891
9780976346043
9781930554016
9780913063156
9781894338998
9781564842749
9781514290170
9780615502526
9781489605177
9781507836170
9780976407621
9780061672781
9781894338981
9780893892494
9780980167917
9781894338745
9780071751469
9780071134125
9781843756187
9781417756834
9780736807159
9789580478522
9781859738771
9788126559541
9788170192206
9788169407892
9781979148498
9789390581313
9789355429667
9788170192862
9788170191728
9788170191759
9788170191957
9789368083573
9788170192190
9789368843122
9788170195832
9788190676946
9788170192459
9788170192435
9789352513062
9780955989353
9780756930288
9781512148756
9781512148336
9781511833301
9780300130188
9788119708567
9780951889268
9789995221898
9780340356166
9780091924010
9789392023545
9780340631591
9781845961770
9781901485363
9780950905075
9780203868041
9780131483361
9780470046463
9781933909240
9780595002795
9780224071994
9780470389850
9781401600990
9780977670338
9780007280209
9781853838255
9789359630700
9789325795570
9780756981723
9780756920005
9789386920492
9781417638963
9780613501286
9780613118644
9780613052177
9780756952334
9780785770794
9780613264860
9780130683359
9780816077991
9781593762513
9789386310453
9789351846758
9789390641673
9788184290516
9788189926991
9780958262989
9788180613661
9789356034983
9781171385936
9781171376538
9781240079759
9781171403449
9781149903841
9781171381433
9781171158264
9781171265160
9781145646223
9781172461516
9781171341116
9781172466436
9780613633635
9781171380023
9781240826216
9781170778425
9781175516718
9781176590892
9781175442901
9781177631983
9781176972933
9781172479436
9781171421689
9781170800775
9781170798744
9781171032724
9781176601352
9781170582763
9781170520420
9781140925361
9781140907411
9781170385746
9781249321613
9781240933556
9781846571893
9781170570869
9781170003947
9781170663981
9781240847778
9781140979180
9781170371305
9789350718865
9788176292160
9781544725888
9780241847244
9789378800962
9788860287014
9788189996383
9781041412267
9788193251799
9788131271629
9789381089224
9781047801737
9789348631923
9781041413332
9789381496961
9781041412243
9781041412106
9789390616497
9781557049384
9789706518941
9780756966751
9780205365128
9780618445165
9780708800003
9780205499458
9789387465664
9780756972165
9781439537053
9781439538449
9780028266114
9783423619790
9781417703562
9788308065167
9781417736317
9788178793795
9788175942127
9789355428813
9789354567056
9789352080021
9788175941465
9788171412938
9788126104291
9788184290868
9789366317700
9789349660168
9789388983563
9780613458559
9789361316975
9781918107128
9780008715373
9789502411637
9781417756537
9781417671670
9780511059483
9780613165433
9780070700604
9788131219560
9788388121067
9789369735594
9789350354025
9789352704057
9789380014623
9789393656858
9788181981837
9789380929170
9781592334162
9781907463853
9789384245238
9789392262807
9789390831029
9781560109266
9780132721417
9780756958008
9780613260510
9789388983648
9789365218336
9788171567140
9789359637969
9780613920209
9788868926625
9780613216081
9789395649971
9789352136452
9780613598217
9780471456797
9788187139546
9780471480624
9789812750389
9780669531879
9789353933906
9781864004403
9780756969837
9780780762213
9780780736542
9788189915605
9780955676451
9789390870660
9781926660035
9781897563830
9781897563397
9789378236655
9781897563595
9781926722788
9781897563892
9781926722801
9780756918521
9789352513567
9788189267667
9780815132530
9781403400239
9780070503038
9789707186736
9781417623402
9781435293410
9780708800058
9781151469366
9781231996270
9781151578686
9781234460006
9780217727822
9781417618729
9781234145514
9781232376682
9781130106756
9781151311399
9781151422316
9780217780117
9781150710445
9781234492786
9780708800027
9781870973182
9780553898088
9789812103543
9789392242090
9789334449983
9788194611158
9788179291290
9789383989478
9789392242250
9788374306713
9780613543040
9789383988440
9781606861165
9780836858907
9780836873023
9780836867466
9780836865912
9788187046011
9780736873253
9781607477129
9780538868501
9780822366935
9780130491411
9781439560419
9781560109259
9780716022282
9780716763598
9781784284558
9780979371684
9789681631703
9781907461552
9781580869157
9780061143526
9780981239613
9781435289291
9780195085006
9780613515962
9781439513705
9780974278797
9781598634648
9781439508527
9780061432453
9780805464795
9789333122665
9781406718263
9781409949244
9781409936930
9781566491143
9781420937763
9781848981751
9780618408283
9780980244809
9780984840083
9780822366751
9780835906395
9780956817686
9781909193079
9789506412326
9781420937770
9781931243834
9781905459063
9781849237819
9788190678896
9781848983588
9781420938630
9781507801185
9789368080558
9780387507484
9780387508078
9780387507576
9780387508443
9781931498180
9780387516677
9780387569420
9780387571379
9780387514376
9780387519432
9780387516769
9780387520520
9781402763571
9781596091597
9781410303882
9780387560731
9780387563619
9780387564722
9780387566207
9780387567075
9781573222570
9780387981482
9781840021783
9780387980867
9780387981116
9780070374867
9780387981772
9781410304018
9789392240249
9780387505107
9789968370103
9788493521219
9788188730704
9788193472583
9789385722097
9789385889912
9788170892014
9789386016515
9789386016539
9789386416957
9788170892304
9788171568208
9788180615580
9788184290561
9788184291070
9780387568096
9780387569338
9780387514123
9789350240014
9789350248775
9789382705628
9780387502762
9780387505138
9780387505947
9780387507811
9780387508986
9780387509136
9780387501123
9780387501604
9780387501901
9780387504483
9789390831371
9780387507217
9789382705857
9789383318285
9780540088041
9780761994312
9780387523231
9789388437462
9780387520865
9789390912315
9780387522494
9780615212173
9789376868858
9788194940920
9788490700372
9780988343054
9781569703380
9781589095663
9781615991051
9781489611710
9780989928908
9781489650047
9781290020039
9780989249805
9788497635066
9780071007245
9780789743947
9780070991750
9780321330215
9780582299658
9780756619824
9780534596521
9789385883033
9789386008305
9781472642561
9781911335931
9789707183513
9783839104392
9780780788343
9789077787052
9789389347791
9789707562691
9789583026270
9780613690881
9788177080452
9780071390552
9781848984158
9780572037536
9788184049206
9789388983693
9789381156698
9789351102786
9789350231524
9789350230497
9788184044652
9788184356113
9789353938574
9789350237403
9789350232224
9788119462025
9789351107217
9780471716938
9780613130974
9788184290721
9781417752942
9780613645829
9789382105756
9780613453462
9788180615382
9789380223209
9781440504525
9789380082424
9789361891199
9781047801744
9789368082651
9788195284443
9789381981542
9780510033118
9788175967205
9788194865278
9789356982857
9789370202221
9789357476492
9789370021693
9781595660862
9781623360870
9781436450478
9789311129242
9781583400937
9789622177659
9781625450265
9789349287211
9788185997285
9788178247267
9789393456717
9789386261861
9789370203785
9788194837435
9781908621337
9789355728531
9780674629219
9781444123043
9781780030500
9789355530387
9789352299096
9781909268029
9789374622674
9780615214399
9780521568463
9780521568470
9781444195477
9781550283907
9789059611139
9780413773845
9780330486262
9780521695053
9780330427401
9781905548446
9781845964009
9789355014641
9789388893695
9781523824212
9780974289427
9788131268476
9789357555449
9788131731345
9789352838691
9788181912497
9788193631072
9789348580665
9789390785704
9789391166571
9780780791633
9788497636728
9780756957919
9788183210782
9788126102860
9780071613293
9789380164694
9789386016263
9788176256667
9788176114844
9789388875752
9788185401164
9788175240742
9788176114448
9789350719268
9789350719756
9781422187883
9781472984654
9781743797235
9788126522927
9789363121102
9780852653210
9780143066729
9780901573681
9780375415395
9780486457154
9780805091359
9781435296152
9789357127592
9780521655859
9780071502559
9781439503119
9781439559086
9789380014593
9788190769525
9789382159612
9789382484738
9789382484776
9789382074694
9789382074830
9789382074854
9789382074939
9789381308820
9789382484653
9789382484219
9789382484400
9789382484424
9788181912916
9789382484462
9789382484110
9781422187876
9789382484721
9788183241809
9788130908519
9788182743496
9788181287960
9788178884769
9788176580649
9788173914942
9788131302446
9788184290356
9788189233099
9788189472177
9788189472191
9788189472993
9788190769518
9789381308158
9789382007241
9789363330764
9789393068316
9789380929163
9789380853970
9789380704937
9789380014791
9789382484196
9789382484134
9789382484912
9789382484813
9789382484868
9789382484882
9789383292394
9789382484929
9789394417595
9789382484806
9789384161286
9780731409860
9788188730032
9781905573103
9783836514637
9788124204320
9788175941526
9788173916434
9789382037019
9789385379451
9789390078288
9789388266277
9789386827494
9789351340263
9789384161323
9780613174732
9780340983188
9789362833457
9789355014337
9788176290890
9789707562561
9789348814098
9788177080049
9788177080360
9781844196869
9780072980646
9780756952358
9781595691088
9780780790865
9781908621214
9780613593816
9781410301284
9780613548526
9781741045895
9780545615228
9788188660032
9789380082028
9788189915759
9788184290851
9788176298780
9788174532107
9781914314377
9788176294928
9781844543465
9780613521284
9781577314653
9788180612862
9788184489453
9788180614279
9789368083306
9788171948765
9788179921166
9789368086383
9781859061329
9781409222873
9780756932312
9781290205108
9781904915348
9781905156665
9780613219426
9781933310138
9781848684003
9781845135294
9781843548188
9780571168859
9780071625555
9780465037261
9788187344292
9788187140900
9780613501231
9788185984070
9789380803388
9780873351607
9789290451310
9788120401044
9780205576678
9781906316679
9781236784674
9789683677662
9781580869379
9781907611858
9781118400210
9780782118117
9780753470572
9789681631970
9781604181388
9781250005229
9781606891261
9780522853582
9780130491299
9789351846772
9781911218456
9781406593235
9781409900900
9780807745571
9781406592627
9781610660211
9789580475378
9781933382463
9780957499713
9780619055387
9781935153344
9781682070314
9781409948728
9781409924401
9781409921318
9781533449344
9781511596480
9781501260490
9781406518436
9781406506792
9780981840000
9780979001819
9781899293650
9781908098832
9781489084316
9781938178276
9780070790612
9781621478324
9781409920304
9781593764036
9781533596512
9781409913603
9781610010276
9781420930306
9781946426062
9781938178115
9781483703589
9781885983183
9781420680737
9781489082930
9781932813036
9781409900924
9781780090641
9780952322900
9780850334494
9780825412318
9781406571240
9781406563207
9780615396736
9780143430308
9780545988360
9780545124089
9780143432043
9780976786108
9789349078727
9780971144309
9781409900993
9781406554007
9780956467232
9781406554434
9789079761920
9780977698936
9781508630340
9781475042252
9789389564846
9789382835103
9788189619022
9788187197973
9789291270491
9788189326869
9789352021901
9789352021895
9789380642161
9788178885117
9781428668607
9788184886498
9788184883145
9788185211770
9788185902371
9788185902647
9780316732567
9781502414847
9781502415103
9781596635104
9780918736833
9780965785402
9780984018215
9780985046910
9781622500734
9781622500918
9781622500949
9780989658102
9781428668430
9781452833385
9781468106428
9781502412935
9789384161316
9789384746834
9789385722486
9789385722868
9789380165066
9789380199931
9798187197538
9789380570303
9786070726149
9791563088529
9788169441162
9789381052839
9789381849835
9789383028542
9781681650968
9788171322923
9781622500970
9781926923031
9781622501038
9788173918575
9781880292952
9786070115813
9784903233215
9788184881233
9789381052525
9789380376912
9789381052334
9789380642109
9789350516911
9788187384076
9781622500727
9781511859905
9781603201261
9788185902708
9788187197805
9788173914393
9788173052613
9788176297790
9788176298674
9788178881324
9781539181095
9788492801404
9788120716445
9788184887938
9788170367000
9788170892823
9788170892960
9788171009961
9788497774529
9788119403035
9781439507391
9781911335399
9798986409733
9781627124447
9789707562196
9781152044647
9789355741400
9789391659165
9789393232250
9789382996194
9789707322011
9788131218532
9789681682644
9781458786487
9781439513774
9781500909741
9798231543816
9780936648392
9780979965340
9798227409072
9781494319908
9781897563908
9781926722726
9788189915742
9781599202556
9781926722719
9780140955521
9780814413494
9788847009073
9781897563540
9781897563786
9780331541380
9781926722689
9781926722696
9781926722511
9783166288314
9780613907347
9780471780137
9789089101051
9781869710873
9789355427649
9789350830079
9780332585819
9780797427129
9789384247614
9788194087885
9789381005255
9788180610462
9780780779099
9789363338715
9780954790110
9780980016451
9789350716144
9781905225705
9781333860325
9781403457455
9781589650244
9781846858093
9789681912321
9780536294739
9780132548595
9781496163134
9780071164146
9788193218068
9780955676406
9780521737081
9780978669515
9780606064644
9780613441735
9781566379946
9780230637184
9788177640663
9788175241190
9788173872181
9788175241220
9789381005002
9780230636897
9780199458851
9789251034514
9780230636583
9789380217529
9788126121106
9788126125500
9788170239581
9788175244702
9788178813288
9788177648225
9789386231505
9789389335361
9789387432574
9788192892009
9788190344104
9789389536867
9789388147071
9789382192176
9788177540277
9788183211901
9788182206830
9788188818372
9788179340080
9788189070021
9788188818389
9788175740853
9788176257817
9788181890764
9788184290844
9789349287570
9788199074194
9788199005846
9788196330811
9788195200788
9789381269497
9789366965444
9789367172599
9788195192250
9789848715079
9781560108009
9789366571201
9789355733986
9789357340588
9789365693355
9789388500258
9781259098321
9789374621912
9781645973621
9789389702231
9788194939160
9781645973652
9789355734105
9781290589956
9780613567428
9780333903476
9789355579560
9789370029224
9780613070355
9789380134543
9789382484769
9789381052396
9789382192008
9789380559391
9789382192237
9789380199825
9789380199696
9789385075605
9789814357920
9789390616275
9789388299695
9788187229186
9788178886381
9789383292202
9788178886473
9789380164892
9788186976395
9789382484844
9789380164922
9789383905171
9789385883613
9789386310392
9789386385550
9789385623127
9789381052716
9789381308301
9789385930201
9789380199498
9789382484745
9789380164939
9789380937854
9789382484202
9788179460610
9788182860209
9788180381737
9788179460658
9788189630348
9788187365396
9789339204402
9781439513071
9788194558156
9788169488419
9789348631367
9781259028724
9789375615248
9788169441643
9788198956774
9789348631206
9788167010100
9780307460370
9789379643148
9789384004002
9789373948874
9789361805622
9789370020580
9789371798020
9780860021285
9780137017089
9781589610842
9781435885967
9781435885929
9781435298194
9780764583919
9781845490928
9781587610714
9781580543927
9781844584000
9781152065079
9780471615415
9781474810135
9781417735198
9780613847179
9781417649181
9780934232210
9781636517728
9781418981839
9780613501064
9780822563167
9780203961445
9788189915766
9789380751498
9788185902524
9781932813708
9788188597178
9781907149122
9789366960234
9789370200692
9789390928613
9780408011631
9781897082324
9789390585861
9781585010882
9780408011952
9781782409731
9780859675574
9780691008295
9788180610035
9789380929873
9789355742148
9789391524500
9788119122905
9789387444805
9780602306502
9789391659073
9789389546026
9780582217072
9788177080223
9780895873767
9791528292114
9780071773973
9781562862015
9780743279666
9780071773980
9781562862558
9780139073953
9789251041277
9780545987943
9781410907394
9789681638320
9781907803239
9780609808481
9788184290660
9780143430506
9780143430216
9780787998004
9781600471285
9781625033581
9781785384943
9781443701778
9781511743952
9781517132231
9781533299055
9781543068061
9781543626216
9781547114689
9781910094068
9781912997824
9781410105622
9780991011902
9780990600800
9781434455208
9781312351530
9781420931310
9781312351547
9780143430100
9780143430032
9781580870115
9781550963298
9781557869647
9789588160900
9780975097809
9788497863278
9788495542076
9780071237345
9780859538596
9781596873421
9781934866085
9782226162472
9781780491073
9781580870085
9781403404091
9781403457479
9781403461797
9781403404077
9781403403339
9789369587759
9781535308953
9780983139126
9788490703588
9781604942439
9781931178242
9781407655307
9780074510117
9781616460037
9780977476022
9781587368998
9781598244274
9781434101129
9789372192988
9789372192629
9789707320673
9780071003643
9781417824090
9789380642895
9789350230862
9788123915999
9788188730049
9788189253486
9788180903205
9788176299466
9789368020226
9788176298711
9789380642505
9788176298650
9788171322893
9788175940925
9788175941632
9788176297738
9788176297943
9789382006114
9789382007012
9789382007289
9788187197102
9789350354407
9789351108313
9789382192299
9789350320204
9789380642833
9788194663720
9789388599856
9789391043100
9788189326562
9788189326579
9788189913090
9788187197072
9788184500042
9788184040395
9789388147118
9789382395355
9789383204045
9789383204106
9789383204236
9789380642666
9780595000562
9780521475921
9789388395021
9781933662763
9789387791725
9789393749529
9780545034609
9789352340965
9789351846338
9780333913369
9788184043006
9788170021148
9789354880025
9789393082534
9788187046080
9789393350060
9780979381812
9788184737677
9781594972706
9798232984137
9781435896888
9781477702833
9780470528372
9781580864749
9780431157481
9789357473316
9789353582340
9789708104784
9780613595605
9789364442657
9781417767625
9780613799065
9780462008776
9789382705956
9789384410414
9788184290523
9788180618529
9788188719624
9788171795611
9788171796403
9788180611414
9780613120722
9781417649754
9780673467775
9781417807871
9781439509630
9781439518045
9789361416941
9781417617937
9789387963412
9789364680127
9781897330678
9781897330661
9789348446558
9780613375542
9780756657895
9780521799874
9780955676468
9780194309257
9781404285057
9781419666513
9781543114836
9789350231425
9780435984847
9789350236963
9789351107873
9789352136698
9788184049084
9788177002980
9789350233184
9789351196877
9789355731593
9789350239322
9788171640683
9789351100126
9788126632107
9780241852200
9781935350101
9789351100997
9789355731890
9789355731609
9789351103387
9781556343483
9789812613349
9780613120630
9780785743897
9781419036903
9781438004426
9781607546962
9780743463256
9781926853987
9789353638627
9789356980853
9789380642239
9788176251914
9788171110452
9788176113939
9780198070917
9788171324125
9788183243315
9788184202267
9788185680989
9788187937111
9788184291032
9788184203820
9789350233610
9789354564307
9788170191902
9789389368260
9789389368666
9788170192244
9788170191865
9788170191674
9788170191568
9788186623657
9788173668548
9781108441995
9788188730988
9788183210676
9788186623589
9789347204470
9789349550087
9788173918018
9788171322497
9788176298742
9788171569212
9788126903221
9788175410732
9788187141518
9789386482907
9789387363632
9788170190639
9788176297349
9789388599108
9789395498418
9788176295628
9789386274328
9789388983938
9789382127611
9789386777324
9789380397894
9788188808755
9789350719602
9789395533058
9789388983426
9788170947479
9789350718971
9788172164058
9789383026340
9788170020936
9788170190967
9788170191445
9789350719534
9789356939288
9780973398434
9781933648668
9780892065554
9789380206790
9789375440628
9789375441076
9789382302773
9789383292059
9789383026470
9789380388113
9788175741003
9789382302896
9789380014579
9789380388670
9789380388687
9789382302780
9789375445425
9789380929927
9788189326876
9788176496407
9789382192343
9788176497596
9789382816270
9788130900902
9789384668495
9780070707078
9789380929958
9788131211595
9789359483467
9788176496377
9781903933848
9781848982253
9781848680425
9781592333547
9780708864005
9781843106241
9780237541446
9781848185104
9780708863985
9781551808000
9781904879657
9781905736140
9780297852339
9789377019211
9789364310864
9789391108632
9789392215414
9789367175149
9780431999739
9789386480682
9780613844277
9780613889179
9788183214674
9788168883468
9789373944142
9789383660711
9789394624054
9789392892851
9789353167660
9789395649407
9789355423733
9789395404518
9789355014061
9781645973843
9789359145990
9789364228534
9788199001206
9789394145795
9788196070755
9789387516199
9780785407829
9788180695438
9789384129736
9789384094058
9789355921192
9789377300845
9788184731439
9788187170020
9780691306124
9780691306094
9789386390943
9788195378494
9788119725298
9789386390974
9789355255860
9788196460624
9788196689957
9788195505470
9788168751903
9780785407492
9781545220467
9789395632379
9788199434233
9789367095249
9788169441872
9789359777863
9789356225466
9789349703964
9789348631336
9788195271580
9789348631329
9789375444183
9788199268319
9789348631244
9789348631404
9789393257062
9789348631558
9789349703155
9789348631626
9789334221947
9789348631633
9789393885654
9789372260328
9788131400630
9789393257000
9789391730390
9789391943066
9789349703599
9789584512116
9789584506627
9780132237925
9781932855272
9781458783332
9780756607951
9781844767212
9780974848648
9781522742548
9789368082682
9789358162127
9789350719619
9789350719206
9788131529669
9788126557196
9789392787683
9788190718752
9789390423811
9789382673651
9789387346611
9789350717844
9789368080107
9789383989546
9780415611336
9788181913838
9788120416840
9789392295669
9780789030559
9780572033828
9781935203056
9780071475204
9781581314960
9789347158834
9789995150655
9789707185340
9781876268817
9780660194707
9780764178269
9788189926878
9788189582548
9789386006417
9789386008800
9788181283405
9789392023187
9781850768722
9788177080025
9789382983729
9789388750332
9780138877385
9789353121990
9780143416210
9781032291949
9789332892873
9789392958212
9789350065365
9789374620151
9780198571421
9781594624247
9780613640565
9781439537268
9780198571391
9780762741663
9781905744787
9780749688295
9782884526111
9780521008082
9789353166496
9781906215910
9780521634380
9780521634328
9789388313490
9781444164541
9780521634304
9781599321462
9789681203993
9781907900006
9780613973694
9780613674546
9781849022996
9780143430124
9781908910424
9789671144206
9781605124933
9781608871889
9781532737596
9780143431862
9780074517123
9780864318169
9781419594625
9780864316875
9781417631094
9781406741131
9780613276979
9789221160052
9781885852458
9780864317278
9780395633861
9780613730051
9780613730082
9781848580268
9781588181459
9781450245302
9780864318244
9789812303769
9780395590232
9780316102711
9789992194492
9780864317438
9781592236442
9781439536605
9781439523650
9781572700420
9781553804611
9780766062030
9780930137632
9781599219486
9781933338231
9780613595261
9781417678327
9780613531191
9789382215769
9789382215776
9788192735788
9789326192675
9789326192705
9789382192282
9789394836181
9788193446119
9788171326532
9788184731002
9788184044836
9789380014432
9789354644924
9789381120545
9788184290783
9788184290646
9788193472545
9789352602216
9789380191843
9789380014487
9789383204076
9789386150356
9788174870605
9789326192729
9789383292035
9789368026235
9789380014333
9789385722424
9780230636569
9788187824121
9788173716355
9789351429562
9789326192712
9789382215639
9788178670928
9789382215974
9788189253424
9788180618697
9789380929866
9788184290943
9788180611315
9780833572325
9780521013390
9780761415862
9789381075319
9789356925649
9783384015921
9788195917952
9798875818110
9780705405416
9780851649771
9780632054503
9788194320678
9780748733569
9780340655450
9780904588132
9780954033408
9781903219157
9780517474754
9780443042331
9780521666787
9780007169672
9780747569961
9781846073281
9780713676532
9780091856038
9789355731821
9789355732866
9781445619408
9789352866519
9780613087353
9789391642457
9781407760339
9789355320469
9780755365869
9789700513102
9780899501192
9789366442204
9788168561403
9789355426581
9789365066111
9789386896759
9789392175442
9789393702975
9789369142460
9789394314771
9789385149269
9780613211406
9789365062397
9781585010943
9780071229142
9780745652054
9780613503761
9780736858564
9780736859806
9781439554548
9780736820264
9780736858373
9789774540028
9780613859080
9789368089827
9780613844284
9789369582389
9789359718514
9780070681200
9789351449591
9789350719565
9789386008329
9789386008282
9788184290875
9789351445036
9789386008299
9780070667556
9780521600682
9781905641659
9781417729166
9781439538708
9781439539286
9789350474846
9789707184978
9780790613178
9781259058530
9780283073564
9789364684842
9781439524350
9789369580026
9781607548218
9781627126021
9781627126113
9781581713763
9789355014283
9789351843658
9788171170562
9781844061303
9789359639444
9789324196736
9781607549253
9780521618830
9780822492610
9780836889222
9789393586179
9789354463860
9781909669307
9788194895046
9781433940415
9789384826918
9781433921278
9780955989360
9780852923375
9781933771441
9789352866359
9788183760355
9789353160883
9788131273166
9789355853912
9781903091340
9781435257580
9781290086622
9781435274631
9789348457226
9789350948071
9781590841761
9781439531594
9789333135207
9781595083104
9789356226142
9789355692924
9789390748181
9781555917098
9789992194416
9781404285200
9780613211987
9788173362897
9788184621655
9788174450692
9788177900675
9788184204124
9789382215936
9788131729120
9788119514502
9788126126675
9780471171423
9789382215714
9789395649438
9788176115001
9788170248712
9789383026425
9788170245728
9788170248347
9789383026265
9789382215943
9788170245711
9789387119130
9789382302452
9788176115421
9788176116428
9788189582814
9789395649629
9788189582821
9788189582845
9788190153478
9788193366905
9788193966037
9788189582807
9780613172615
9788131729137
9788176116794
9780893812393
9789385529115
9789382395263
9789381269770
9789332557352
9781444185362
9780691014708
9780670097678
9789389564921
9789384310721
9789394739741
9788190656610
9789362017932
9789377062897
9789383989614
9789384052782
9788126571864
9780852652084
9780143424154
9789386934031
9789380559582
9780141197173
9788126551071
9789351199212
9780613515085
9780613957625
9789393774354
9789369731145
9788178531670
9789388983945
9788180180781
9788178885087
9789391297879
9789385915574
9789385981692
9789383292776
9788189472535
9788181288714
9788181595775
9788181921857
9788181922496
9788184290066
9788131305027
9788173915079
9788173915543
9788173916328
9788174453723
9789382302117
9789380930787
9789380836225
9789381575796
9789352604715
9789381293058
9789381293645
9788188791415
9788189326647
9788131307083
9788170892601
9788170998532
9789381052259
9788176485364
9788186976951
9789353164621
9788193523193
9788124106006
9788123430560
9783864072673
9788176489096
9788173914003
9781430242062
9781445442839
9788171799329
9788173915086
9788175741904
9789380014319
9788131305225
9789380014883
9788184895254
9788185771939
9788171568987
9788173912139
9788187162599
9789383292523
9789364559270
9789380199481
9789382302124
9789383292516
9789383292028
9789383026104
9789382664000
9789382630210
9789382302766
9789380164687
9788124204450
9788131304396
9788180380068
9789391297398
9788178881713
9789391297565
9789331328724
9788189741587
9789380014272
9788190166850
9788190187510
9788183870863
9788184121322
9788190662253
9789380376363
9788186519066
9789383292608
9789384752071
9789386385895
9789390303762
9788193513514
9788184290097
9788184290455
9788182930421
9788182835283
9789381465592
9789383292530
9789382007425
9789382037279
9788179925331
9789382006473
9788180618895
9788190205559
9788190965002
9788192304571
9788124204054
9788170892212
9789361591440
9788124203149
9788120415294
9788124202944
9788124204085
9780230634374
9788129129086
9788131207192
9788131534298
9788124204221
9780230636446
9780817622824
9780849345784
9781259029363
9781400024261
9781741218336
9788175941915
9788178886855
9788181921932
9788181922090
9789331329318
9789332502017
9789350712665
9788175941878
9788193513521
9788193513583
9789382302179
9789350353943
9789350355961
9789350500316
9789352730209
9780613833974
9788171323937
9789382302148
9789382037231
9789382135050
9789357783576
9789381302682
9789694023380
9789388548090
9789382192244
9789380801612
9798178886175
9789382037170
9789351297055
9789359480268
9789381575949
9789326192699
9788193513590
9789361594366
9789380937069
9789380376318
9780615383248
9788170334262
9788185901336
9789380388243
9789380642673
9788170493464
9789380642857
9789380930886
9789380963945
9789380937090
9789381052044
9789381422274
9789382302735
9789382037187
9789350901946
9789381052068
9789331321886
9789331326232
9789382007500
9789381938324
9789380014364
9789380199665
9789351073383
9789363338227
9789359033464
9789357605571
9789370204959
9780340939277
9788176295987
9788176294089
9789380937076
9789384410230
9788125038443
9788175542327
9789694072951
9788180522796
9788187947165
9788188826124
9789385722370
9789388115858
9788176296694
9788184291001
9788176293730
9789359639956
9789361103803
9789382705208
9780130981509
9780395602591
9781593501839
9789391706241
9781848366268
9780785733744
9789388437318
9788194635420
9789353844899
9789377300517
9789334135435
9789363331921
9788189915629
9789354565977
9780691306131
9789388384698
9780691306056
9789360124045
9789390460564
9788176298599
9788176297394
9780691302584
9789391162856
9788184290981
9788175140462
9780691302591
9788169382342
9788176297387
9788177080216
9789358543056
9789357365369
9789391247355
9780764555664
9781444112511
9780613163446
9780613375825
9780613558631
9780613595469
9789388395397
9788126567423
9789332551817
9780879517052
9789366602424
9789347544132
9789392242649
9789381656259
9789389454321
9789389859263
9789349703865
9789348631350
9788131700792
9788131235690
9789382302964
9789382302940
9789382302957
9789382302247
9788178330624
9788124202531
9789380642628
9788186623633
9789380929484
9789380642918
9788131603789
9788187310402
9788124202548
9780074602775
9789380937465
9788188730094
9789381390320
9789339222239
9788182900301
9788124202524
9789386820983
9780613294713
9781583227862
9780743278638
9780955884801
9781401945817
9789707184640
9789583027499
9781905745340
9781551807867
9789369589173
9789388750530
9788177080322
9788184290578
9788184290974
9788170208013
9788170208082
9788170207986
9788170207979
9788170208020
9788170207962
9780399107634
9780866382014
9781410913395
9780833025654
9781415320099
9780975316207
9781410925466
9781410930651
9789937868075
9789251037348
9780911625974
9781449330385
9781410930705
9780521695503
9780140955538
9780785827399
9789250036762
9789211169201
9788187140511
9789715612951
9780153759536
9781890447274
9780613859011
9781417675968
9783775728829
9781937842277
9781939924131
9781909771123
9781536646825
9781536634174
9781480224100
9781536640250
9781536692945
9781543619508
9781536647099
9781536647396
9781541306004
9781536636826
9781536673739
9781536696493
9781536643107
9781536636802
9781536636413
9781531879112
9781536643138
9781522675396
9781536631913
9781501287312
9781501287251
9781259097164
9780955989377
9780553902891
9781536645316
9781536638509
9781536644265
9781536643923
9781536640465
9781536634051
9780153760464
9781519189103
9781533211590
9781531840907
9781531878511
9781518607035
9781511394314
9781511392471
9781531879099
9781536647082
9781536635072
9789353166472
9781543625189
9781599869216
9781480209480
9781536632613
9781536643169
9781536625394
9781622235254
9781536635485
9781531879136
9781531801700
9781531812553
9781522694496
9781491528013
9781489402929
9781531835828
9781408504475
9781536643510
9781536643541
9781536643565
9781536611618
9781536611649
9781536623536
9781522669524
9780615789576
9780930503819
9781536635836
9781531879181
9781536625400
9781536628197
9781531879204
9781536643084
9781491518649
9781536663556
9781536637038
9781536638035
9781543625028
9781543625134
9781536633719
9781469290942
9781320564342
9780980176322
9781531883638
9781531883546
9780143430353
9780071843393
9781530869046
9789385699009
9781536636024
9781491541890
9781469259895
9781410930729
9781536635140
9781597554343
9781543625431
9781410105370
9781484640210
9781489092328
9781522606802
9781522642824
9781501289583
9781501290534
9781408504482
9781447460398
9781469259918
9781469260518
9781511318143
9781511319171
9781536692914
9781536692921
9781511384476
9781482834840
9786071133069
9781934781333
9781543623888
9781522605706
9781511336079
9781511329064
9781543619492
9781543602524
9781536673586
9788177080315
9781536643626
9781536636109
9781536640496
9781861711519
9781910133002
9781536646528
9781511383882
9781511357784
9781536636840
9781536636635
9781536640526
9781543623833
9781543602517
9781543602531
9781511376693
9781536643398
9781543623536
9781543623208
9788174509017
9780071839433
9780470536353
9781480576896
9781876924409
9781876924683
9789681912284
9780822364399
9781891400032
9781860570612
9781422207093
9780973900934
9780854738557
9781422220375
9781863601115
9781848981881
9781897350560
9781876924393
9780538617581
9782226045331
9781595199362
9781557090539
9781422207949
9781848981867
9781894338523
9783705201385
9781597773362
9780769677804
9781741101621
9780340811030
9781848981898
9781860570292
9781743449592
9780613011648
9780578006703
9781622432424
9781582751795
9780692479087
9780615594200
9789769575905
9780956208699
9781422218907
9780974844527
9781495811593
9780882681955
9780974844541
9781422207185
9781422218860
9781432978402
9781897563427
9788493496524
9781430419136
9781616332761
9780981936703
9781909410176
9781894338806
9781632901637
9781492302483
9781422207505
9786073135955
9780761385646
9780764191268
9781625881120
9781941112144
9781782770282
9789369580040
9781770920309
9781622432431
9780615723242
9789395160704
9789381981047
9788174457615
9789309242298
9788119782895
9780199480340
9781486145638
9781486144716
9789394739994
9789394649064
9780071071239
9781567184143
9781558743083
9789374621745
9788121998321
9789391146573
9788199347724
9788126567409
9789387444980
9788131764077
9780808569770
9780613340069
9781406862805
9788195433407
9789326192736
9788119670000
9788192655765
9789385462993
9788182836686
9788194742159
9789387286429
9780361038263
9788197424434
9788120416161
9789388696012
9788169507806
9788193723449
9781562542610
9788466612326
9788170892410
9788173810022
9788171009480
9789382302919
9789383026821
9788182930452
9788180302664
9789350512357
9789383026234
9789382302933
9789383026753
9789382215608
9789383026722
9789382835127
9788187818267
9788189268220
9788184290219
9788184884081
9789350239391
9789381575901
9789381575697
9789381575680
9789381575383
9788170891895
9789381465219
9789381052563
9788123906720
9781259005602
9788123428833
9788120415447
9781912083664
9781843405153
9788178662152
9788184887037
9788178886893
9789350235614
9788178791029
9788190635745
9788194089896
9789355428684
9788175410749
9780708801024
9780761996316
9788131601631
9789351522157
9789352133857
9788184933543
9788185264035
9788187815730
9788187818205
9789380642611
9788174937803
9788175941854
9788175941809
9788175240278
9788184887709
9788173872303
9788125912903
9780857421784
9788176297103
9788178667508
9788178667850
9780333934098
9788184291018
9781935677307
9788120416505
9788170244578
9788131532362
9788183180689
9788185589152
9788184241822
9788188039371
9788188719617
9788189582524
9788187336594
9788176293716
9788176299824
9788178666808
9788178669274
9788182930377
9788182930674
9788183180818
9788125912880
9789383026203
9789386827500
9789382215721
9789382215738
9789383026074
9789383026814
9789383318872
9789394836068
9789383028108
9789385722073
9789382007395
9789382215653
9789381575963
9789363335004
9789368086505
9789382215684
9789354564642
9789381465974
9789381465738
9789381082959
9789381575918
9789382215691
9789393781925
9789380930305
9789381575154
9789381575345
9789380164786
9789380165059
9789380199795
9789381575581
9789381575864
9789381575659
9789380937472
9789380642765
9789381005545
9789381575871
9789381575970
9788121915434
9788126557776
9789381052136
9789380014920
9789380164700
9789380164748
9789380164755
9789350354896
9789350973820
9789381575451
9789380014845
9788190635738
9789380191607
9788189913045
9788189901721
9788190635776
9788190635783
9788190635790
9789332901810
9789386107053
9789385622359
9789380014753
9789350247846
9789382007845
9789383181131
9789383181124
9789383028740
9780153090097
9789368842965
9789352340705
9781417618828
9789686070026
9789366602509
9789354463181
9781439547427
9781435205550
9788897050827
9781620501054
9781435207158
9780989154833
9781435279711
9789812742315
9789394739765
9788131216798
9789389949087
9781435217034
9788190883108
9788190883139
9789392135637
9781439533239
9780744005578
9788170848448
9780767542548
9781934506486
9780767505833
9780767520850
9780767535540
9781913553821
9789348013613
9788184049886
9789361971938
9789383547227
9789383547951
9789388126663
9789366654270
9789349660526
9780070494985
9788581320304
9789388983624
9789389024265
9789380191942
9789386691965
9788168619159
9781600241802
9781417813186
9789369581436
9780739324462
9780993144738
9789365210705
9788177080575
9780808595823
9781593501389
9780760339572
9780822364580
9781577317401
9780613113045
9789371531399
9780785737537
9780613730792
9780809226368
9781032562964
9781935002109
9789392175176
9780613866842
9789948792772
9781417685813
9781417636280
9780613592345
9781417756636
9781417695607
9780613360302
9780613079174
9781417752850
9780613002257
9781417827503
9789359118826
9789313192350
9780345499196
9789354601378
9780345504180
9780230574113
9788176292207
9780521542029
9788867432295
9788866285663
9780613534956
9780613374828
9780613180863
9780613375689
9780613309264
9780613372725
9781417620609
9781417649532
9780785793236
9780785779001
9780613545181
9781417809233
9781417795246
9780613433662
9780613679732
9780613451956
9789391943042
9789350750452
9788171643196
9789391943332
9789391943585
9789391157401
9789390303533
9789394644007
9789373597089
9781845394028
9781846857850
9789312148266
9781582405674
9781905745104
9789385722820
9780785141709
9780785134695
9788194435037
9788189926724
9788189619046
9788190479004
9788180180798
9780809571765
9780765320018
9780785108139
9780976401186
9780982225325
9781905745326
9789353166168
9788182890176
9788181921888
9789380014166
9780070447424
9784900793095
9780785114932
9789347689130
9788184737165
9781600104503
9788180302473
9781571205759
9781444110081
9789380937106
9789355426611
9789352606061
9789381575239
9789381465325
9789381575222
9789352874828
9789390831357
9789381575208
9788182860223
9788856782769
9789382302360
9780785116219
9781848565029
9780259072478
9780259367741
9780259841739
9781330575321
9781333221676
9780243287871
9780259302698
9780243351992
9780259759249
9780259458883
9781331067566
9780259592891
9780259148258
9780243986248
9780259906780
9780259849551
9780282141523
9780282133481
9781330980132
9780259431152
9780243512638
9781333250614
9781333812133
9781331041313
9781333208905
9780282196646
9781331061359
9780243423927
9781333910419
9781333901837
9781334711404
9781332535552
9781333812225
9781451012347
9781440084904
9781334964534
9781934506943
9781440095559
9781333874339
9781332601271
9781332564200
9781332726134
9781334695155
9781334650796
9780243519705
9780282176624
9780282607746
9781330459492
9781330045398
9781331451358
9781331346364
9781331187530
9780881220995
9780282246907
9781334359866
9781334349010
9781439525524
9789501700251
9789501110524
9781933449616
9788484606468
9789707180871
9789375612100
9789352440771
9789375166856
9788185902098
9780070615946
9780521798228
9788184204100
9789388983075
9781898030164
9781580867351
9780764179143
9781934020203
9781435206557
9788173313196
9780765213037
9781904444367
9781852696726
9780892046782
9780613433594
9781610800044
9780984698646
9781610800068
9781933102580
9781846851032
9781418945299
9781598695311
9781425361051
9780920576731
9789683811929
9781904879060
9789351876243
9781435202030
9781490455358
9781410946522
9780955462252
9781439535493
9780070248786
9780613092142
9780361045735
9780340948385
9780214200502
9780304299805
9780613443937
9781856191197
9781417792542
9781589616127
9781933784601
9781593599867
9788478646302
9781439548103
9781933784618
9780752226118
9780007147915
9789814361392
9789381981153
9780099497783
9780330368735
9780099503972
9789364683968
9781595324931
9780753413340
9780613224031
9780330491761
9780330491778
9780761315346
9780972644341
9781417789481
9789378238734
9789355318589
9780070586710
9789332557345
9789366498164
9781406838282
9789311124124
9789356817296
9788467840193
9781400047291
9788467840179
9781444102642
9780613099929
9789875621183
9780613376709
9789388266246
9789393472137
9789393472120
9781559945912
9781578263271
9780785119098
9781845763992
9781857076998
9781616080976
9780857680303
9780785123415
9781569759134
9781845768522
9781848563063
9780956460905
9781848569768
9781848566583
9788184047493
9788178271699
9788126118939
9788126116645
9788170173625
9788179104163
9788179291375
9788179752227
9789387303102
9789381630297
9789381575635
9788176258739
9788126121199
9788176259484
9788168772809
9788198052339
9789380223186
9788174882790
9788175412040
9788171771202
9788184201727
9780869255490
9789380164618
9788184200485
9789394559806
9788170950998
9788172331573
9788180302503
9789380239989
9789380191553
9789356763685
9789380836423
9789390253173
9789394739512
9789381465332
9789381575178
9788180304330
9788181922175
9789312147146
9789390931682
9789381575550
9789381575543
9788189582913
9789394739475
9788189253226
9788186772096
9788189582920
9788183180696
9788178900797
9789381575437
9789392135040
9789390912940
9780230637146
9788120727014
9780230636705
9780230321939
9789380191973
9788183244534
9788176290883
9788176295611
9788176291996
9789384410469
9789382215745
9789382215455
9789812618528
9789381437049
9789381575055
9788184201994
9789380014135
9789380014180
9789392135521
9789386592378
9789385114755
9789384410926
9788126137732
9788126135103
9788176115711
9788175240223
9788174886989
9788171394913
9788170445258
9789350231159
9788126519323
9788126148363
9789392379390
9789392140266
9789350679081
9788189901998
9788189645175
9789382215424
9789381575574
9789381575567
9789383028078
9789384149765
9789394739864
9789382215233
9781681724867
9781888472837
9788119165087
9788126114863
9789352340170
9789385883415
9789353222512
9789366966267
9788131771884
9788126565450
9788126569120
9781399765725
9781401213602
9781401202170
9780297847373
9781780576145
9781401251260
9781401237950
9789373947723
9789387146563
9789390912308
9789395116404
9781435221529
9781444777277
9781848981805
9780297871767
9780670086757
9780870069307
9789390679287
9780723286714
9780575090590
9781409142454
9781409124375
9781405502764
9780074636312
9788126555147
9788126539369
9780241198742
9780224076869
9780143422518
9789382314226
9780785709916
9789381465615
9780070669086
9781906821067
9781902889115
9781861269355
9789381465523
9788187162315
9788187107804
9789381422182
9789381422120
9788187445449
9789382006060
9789382036234
9789382192374
9789380014111
9789390128211
9789812747617
9789381465356
9789382302025
9789382302032
9789380014074
9789380014081
9789380164953
9789380014906
9789380014814
9789382302131
9788188730520
9788188861057
9788189326128
9788189326678
9789380014371
9789381422083
9789381422106
9789381422113
9780521193856
9789380995649
9789381422069
9780767535618
9789380014029
9789380014043
9788182900325
9789380014098
9788190738576
9789380014302
9789380014340
9789380014777
9789380937007
9789380937120
9789380937656
9789380995014
9789380014425
9789380164977
9789380199634
9788185027340
9789380995519
9789385379024
9789389129670
9789380995410
9789380995434
9789380995465
9788180384264
9781259028441
9788180614392
9788180615856
9788181284204
9788181921956
9788181981042
9788181982605
9788182472129
9788190585200
9788131315811
9788185589114
9788188730544
9788187339533
9788189937317
9788190309882
9788180611292
9788188818181
9788190761130
9789324196538
9789354564628
9789378570131
9788190454346
9789386827456
9789386860774
9789393459343
9789381422090
9789381422168
9789381422243
9789380014050
9789380164311
9789380096896
9789380164380
9789380164557
9788173913952
9788172247928
9788124116470
9789380930411
9788177240047
9788179921135
9788174451453
9789380376851
9789385075636
9789380937038
9789380937144
9789380937137
9789380014784
9788124204238
9788126900879
9788180300042
9788131311141
9788131601266
9788170209850
9788170999867
9788177540086
9788178885421
9788178886671
9788131306512
9789380014067
9788181981332
9788183240772
9788123904658
9788184290790
9788130901596
9788177370638
9788183243773
9789383774166
9789381465189
9789382302513
9789382302520
9789380833873
9789384866594
9788190712873
9788180180514
9780070222854
9789812748294
9789814606202
9789355326546
9789380995427
9789381320006
9789384866600
9789380937229
9788177550047
9789380642925
9789384866617
9780606000024
9781417628179
9780606141864
9781417739523
9781417620692
9780199458202
9788196234669
9788196234621
9781417822287
9781417717040
9781439528495
9781681601793
9780613314602
9781439530276
9781496504913
9780613279284
9781840238396
9780881139181
9780340992289
9780199467440
9781417776726
9788184049183
9789350231678
9789350231821
9788131910511
9788170122845
9789389820133
9789371869959
9780080222097
9789364684958
9789388267304
9789359639888
9788126560660
9789350232545
9789350235454
9789351190288
9789351101949
9780080222103
9788185809243
9788189901714
9788176292184
9788184044737
9788184047615
9780230574267
9788126506552
9788170193418
9789350231296
9788170949060
9788184043914
9789350232767
9789390555727
9788892672758
9781435215689
9789386008114
9781934506134
9780721667980
9780070531413
9789393077066
9780758247124
9780615137278
9780993310430
9780375923760
9788484881896
9781435214705
9780956746139
9780787964894
9789357269308
9788175941601
9789388750905
9788179308189
9788176299282
9789389368291
9788183821025
9788185902470
9788184840360
9788172163488
9789391208783
9781569823248
9788176295994
9788180302497
9788183558495
9789350719459
9789351444619
9789350713808
9789386601278
9789350719015
9789350948064
9788126574858
9788874902255
9788131416334
9789347471643
9789381142257
9789382007678
9789380902203
9789350231098
9789380096780
9788131419397
9788131411629
9788131405369
9789364228060
9788131518588
9780070620988
9788170002888
9788189582517
9788189979362
9789388899857
9789380096957
9789350713297
9789326195218
9789380164472
9788131404904
9789380096933
9789381465530
9788131602843
9788171791965
9788119380138
9788184290349
9781781254448
9780977960347
9788190228206
9781930754065
9789383318070
9789380995823
9788190738569
9789380995762
9788184290530
9788189547776
9781681270760
9780761417460
9789392242946
9781905582549
9789386896537
9789367174579
9789352340217
9781469929880
9781569714478
9780521536172
9781742482552
9780933532960
9789391943912
9789394644540
9789357797368
9789356224551
9789387880832
9789391408701
9781645973416
9788172734145
9788199457331
9780743265768
9789391943271
9789812403698
9789812548818
9780005463567
9781566378215
9789584508461
9789390737796
9789394417021
9789364229357
9780694701056
9788169382267
9788169382113
9780763652210
9781926722443
9781849700665
9789377303686
9789377300234
9789387162334
9780829743098
9780834174702
9780745938486
9781849700818
9780758615855
9789371432481
9780789917058
9781250028129
9780834195721
9780807223598
9788168873018
9789353459185
9789357315203
9781439547731
9789356192331
9789376868810
9781844761937
9789359120584
9788169382106
9780230747197
9781417733279
9781439560501
9781417759712
9781436434171
9789392140020
9789684037731
9789392328039
9788196234638
9780998496900
9781554731657
9781554731640
9788126598281
9781554722914
9781621340430
9780956224828
9789381576809
9789380154862
9781621340133
9781554731664
9789363333307
9789381836354
9781484075531
9781931567732
9781943584093
9789359717197
9789352016204
9781554724956
9781403478375
9781500457235
9781432964160
9789875571808
9781849148993
9789383175338
9781541311374
9781467775823
9781467775809
9781939666062
9780763668020
9781681603537
9781473312388
9780615674377
9780957517950
9780692783801
9781447436058
9780739026601
9780985200039
9781946101051
9781938714221
9781921272349
9781447419006
9781420942712
9781944195939
9781783220779
9781781390368
9781781080771
9781618623058
9780980246889
9780986444722
9788492595082
9781511968683
9781505228281
9781502585400
9780769243672
9781593090227
9781581692969
9780794427917
9781561639816
9780944655207
9780956885630
9781447445180
9781447459064
9781447459071
9781473303867
9781618451323
9781447444282
9781447444992
9781447445012
9781473312401
9788467421538
9788423668137
9781443780421
9781596922730
9781562199098
9781560106838
9780812935080
9789379575487
9789707184602
9780596000493
9788197390340
9789391943592
9780935047400
9781429123143
9789351737322
9780794509057
9781443772471
9780893285067
9780807729564
9780836881417
9780395584019
9780836879001
9780192870766
9781443719766
9781443771467
9789392787867
9780794503277
9780762707348
9780892815838
9780005128565
9781429120340
9781429120357
9783764368227
9781402754890
9781593730062
9781931863421
9780836879018
9780976011422
9780983035596
9781440505621
9781406734683
9781609051259
9781906589066
9780836878851
9781905151530
9781899924981
9783100522016
9781451598445
9780613999977
9780613730648
9781417765430
9781417620333
9781932581379
9780613313001
9780936077062
9780613592529
9781846771170
9781439522271
9781846853081
9781439520352
9781681918303
9780070610798
9788490703199
9781770922273
9781770922310
9781589804814
9780769212425
9780987652201
9781560108320
9781492118572
9780769296647
9781402777035
9781457513176
9788186857342
9781625883308
9781770920323
9781625881007
9781609051280
9780778728900
9780778728962
9781935178156
9781770922303
9780982889817
9780615394015
9780822558293
9780811869195
9780778735496
9781598243314
9781625883346
9788479423391
9781770920316
9781402739804
9788893560115
9780030245787
9780613279529
9780060891459
9789685964814
9783886182169
9780060891466
9788483068366
9780613372572
9781598696493
9781905847624
9780979589935
9780785119920
9780606002134
9781565042926
9789363330702
9789971513177
9780785118572
9789971514228
9789361804410
9788193125465
9788131302439
9789355734242
9789350716397
9789386519221
9789378231025
9781594660887
9788184042740
9789386635365
9789350718957
9789350717653
9789350719626
9789350718773
9789388983662
9789388750035
9788126566457
9781577314431
9788131760680
9780199458196
9788188646661
9780785797647
9789673290253
9781844001859
9781439213322
9780794514679
9781557992628
9789350943014
9789359119564
9781434993120
9780311460298
9789359664866
9780976003632
9781403997265
9780757919053
9780974829920
9781403474346
9781596923201
9788991780200
9781598003390
9788132116226
9788170206644
9788170289555
9788189972455
9788170005032
9788190693547
9788176293631
9789351951087
9789351105695
9789354564338
9789352131341
9788188861088
9789380164328
9789380164342
9789353024314
9789380274034
9788178297736
9788178884837
