Order 322 - ISBNs unfulfilled by Bookswagon & Kalpataru
329 Bookswagon not-fulfilled + 2,745 Kalpataru unable = 3,074 titles. USD->INR 95.15.
Total PO value (INR):

ISBN
9780273792086
9780010809237
9781032969824
9781260083712
9780014319275
9780070991477
9780173537305
9780205146093
9780205299706
9780309048309
9780316190213
9781563372346
9781403945440
9781625315489
9780316200271
9781292211862
9780000988041
9781292178110
9788126567614
9780136030942
9780387179780
9781292157412
9780205301171
9781292166100
9780838514832
9781607283164
9780471376224
9780817619268
9780367268800
9780815145615
9780071384377
9780721667799
9780781700504
9781588621108
9780536605818
9780387177212
9781292090313
9780715616574
9780077159740
9780367269210
9781071604441
9780387545691
9780397585762
9781292186498
9788776267582
9780536609885
9780009392344
9780536627957
9781138096172
9780077173739
9780075870821
9780683020830
9780702014574
9780721649054
9780536621313
9780130892362
9780132604338
9780367271381
9781484252178
9789971909031
9780000028730
9780406929310
9781598293586
9789381759349
9780815142553
9781470419189
9788192686097
9780521132831
9780791061091
9781405167680
9780143473299
9789385955792
9780000023346
9788194922865
9788186117415
9789694787909
9788181581464
9789386608260
9781580759977
9789383582662
9781138494145
9781493976249
9780070621084
9781338300789
9781338572612
9781484283387
9780070223516
9798905405501
9788131761922
9780000045010
9788184617368
9780071009133
9781138347847
9781493976300
9780000044914
9780670087457
9780813074245
9781107020276
9788131218891
9788174452702
9789385039300
9781493991105
9788189004736
9789359662145
9789382114307
9789389061277
9781137608345
9781137608376
9788170553717
9780230327245
9789999999502
9780000051400
9780000179067
9789359661018
9789352295227
9780241342749
9780749446499
9789326350440
9789352874415
9781137606143
9781474847711
9789390434374
9789353495213
9789326354653
9789380737874
9789389802665
9788193121757
9788194712558
9788171854677
9789386102706
9788191098051
9789391968632
9789389633108
9798905405266
9788187374848
9780195615982
9789384898403
9780143463207
9781942426301
9788119014675
9788124802366
9788124802793
9788124802809
9788124802816
9788124803240
9788170554714
9788180315190
9788181430557
9788181432629
9788181439604
9788190538718
9788190598835
9789350008461
9789350009710
9789350720172
9789350725252
9789350725443
9789350728567
9789352294220
9789354979316
9789355180360
9789355181121
9789355621276
9789380358949
9789381703151
9789385923852
9789387024434
9789388434218
9789388434270
9789388434966
9789388684248
9789388684453
9789388684927
9789389012033
9789389563085
9789389915518
9789390678372
9789390678419
9789390678594
9789390678808
9789390678860
9798189093739
9788170552772
9788170553434
9788170556824
9788181431257
9788181436740
9789352294534
9789352297597
9789387436886
9789388434409
9780691137643
9780691142432
9788175810747
9780143455448
9781509848911
9780199485994
9788126906000
9788126908707
9788127234751
9789352295098
9789356639300
9789389307092
9789389520408
9788171542390
9789350007266
9789355182838
9781526621566
9789353570996
9789386338853
9789389231359
9788170559917
9788181438553
9788182140561
9789350002407
9789352292615
9789352298556
9789383502141
9789383635054
9789391968557
9788179915820
9798902313182
9788121292283
9789348078933
9789361569319
9780198069225
9780198075011
9788122205053
9788171563722
9788171565146
9788176493710
9788178001548
9788193439425
9789350000809
9789352291533
9789352296958
9780143427179
9780190135782
9788131948521
9788131948576
9788170553106
9788170555773
9788175544925
9788180142284
9788181435309
9789350722220
9789352292882
9789385054945
9789392013768
9798904794668
9788170559269
9788188473205
9789387024915
9788129144454
9789353527037
9789353527853
9780195611670
9789356636576
9788126431113
9788170162131
9789386807861
9789387265622
9788126917020
9788171852147
9789327217872
9789393863782
9789393863997
9789353494193
9780709725619
9788126904259
9788171859764
9788175544222
9788180141768
9788183150514
9789388241106
9788183631334
9788181430458
9789387593879
9788130906683
9788175541887
9789381438497
9788126311903
9789387265264
9789387265424
9788187319016
9789356561441
9789350338476
9788121219150
9788124804865
9788126909162
9788131941065
9788131941102
9788131966693
9788171563227
9788181436047
9780143465331
9789350338490
9789350339107
9789389643084
9789391924034
9789394668652
9788126301591
9789350339121
9788176495264
9788181438621
9789351287742
9798186265634
9789352292851
9789387024113
9788122314434
9789380222370
9788171563715
9789357482110
9788131915615
9788131963173
9788170961246
9788175972681
9788126917204
9789350337448
9788175974326
9788188473267
9789387024045
9780861872060
9781447174813
9780916589370
9788189291754
9780883450420
9780893893125
9781447174301
9789358874600
9780521778336
9788194276029
9780780381360
9788174469809
9789383419562
9780691208749
9783540662037
9780877626756
9780002884631
9780787255718
9789810087814
9781508967736
9789348816085
9791576076803
9788184702194
9781138581616
9788126546367
9788170193340
9788170193524
9789381714614
9789383419869
9789386754165
9780077103729
9781801583190
9789350717394
9789251012123
9789382471738
9781942719144
9780340975091
9789386237910
9788181479785
9780367267643
9789608742901
9781451127881
9780323013307
9788189161248
9789695570081
9789387702608
9788170421573
9780443072055
9781581138191
9788119380602
9788180520846
9788190646765
9789383419524
9781557986221
9789162849153
9788170193432
9789381209431
9780367268589
9781302915636
9788170992509
9788174969828
9783037680681
9781472254405
9788170190073
9788170191711
9789380428741
9789385935930
9780333295045
9788131244470
9788189645427
9789698459024
9788186962916
9789388266772
9781506381930
9781442394544
9788184731910
9788187586203
9789350716250
9789385062452
9780070668218
9781731807014
9781731807595
9781731824738
9781731832771
9781506363035
9789380397207
9789380397368
9789384566005
9789385935299
9781071605714
9788170191483
9788170193616
9788187798552
9788189866006
9789388983815
9788185616995
9788189338459
9789076078830
9788125036777
9780071077361
9789462260504
9781138615687
9789385935435
9789385935503
9789385935909
9798897101542
9798897101986
9789355870292
9789355870315
9789355870346
9789355870353
9789355870490
9789355870568
9789355870919
9789355870926
9789355871008
9789355871220
9789355871510
9789355871572
9789355871640
9789355871657
9789355871817
9789355872128
9789355872456
9789355872616
9789355872814
9789355873224
9789355873422
9789355873620
9789355873712
9789355873781
9789355873934
9789355874016
9789355874399
9789381302309
9789390831760
9780074632109
9788184736007
9789384082697
9798897102082
9781405139694
9789388983037
9789392219580
9789392219689
9789393213099
9789393213624
9781731802354
9781731823977
9780070458260
9781581334623
9781071603970
9788123902128
9788170191247
9788170191353
9789380026787
9789388750691
9789388750813
9789616564939
9788172335298
9780198853060
9780192868268
9780137778713
9788121503778
9789380376080
9789385935992
9789937924870
9781264268580
9788126564446
9788130931562
9789382618072
9788177393873
9789350713969
9789694073606
9788184046991
9789353502188
9783131449719
9789380572505
9788190339773
9788181470737
9780415900768
9788177395228
9789384247669
9780582304109
9788121500203
9788126562213
9788131524091
9788181280848
9788181281357
9788184893373
9788190864282
9789384139421
9789386016386
9789388653008
9781931587181
9788125036753
9788126557851
9789339221072
9781784159030
9788170690566
9788172335151
9788173157707
9788184040609
9789350718834
9789384092696
9789384092702
9789384092719
9789384247591
9789384247645
9789789699698
9788184896558
9789124031060
9788184732016
9789355732828
9781259097096
9788181283788
9788182203426
9788184049367
9788184890198
9788190646734
9789352137015
9789353502478
9789694150697
9788131521564
9789380663425
9781107400597
9788193746714
9789350710845
9788126525720
9781408124321
9780882680170
9781837260447
9781786631664
9788126547401
9789355732446
9783055001567
9780071068130
9788126559831
9788176496384
9788176497589
9788177588217
9788181284129
9788184892710
9788189645755
9789382358343
9789385065170
9789389368239
9781837733323
9781974716975
9789387324190
9789353167936
9788125035213
9788125037019
9781999014407
9781032103341
9788131704721
9781935622680
9789352870998
9789352871018
9781684059102
9789352870967
9780070153868
9780230226517
9780692187555
9781581137026
9788100001028
9788121503006
9788126529346
9788126559862
9788126560509
9788126564453
9788131219485
9788131513545
9788190097109
9788194159780
9789355731883
9789380247199
9789380397467
9789382565611
9789531543828
9789994655120
9789332507586
9780070659490
9780195687040
9780521696210
9788121501118
9788170191544
9788170192299
9788170493532
9788173718298
9788178000046
9788178555508
9788180521072
9788181281371
9788181281388
9788182746220
9788182747135
9788188791194
9788188808915
9788193095775
9789380601939
9789380607443
9789381505687
9789382358060
9789385462009
9789385919756
9789387225091
9789387225107
9789387702448
9789389965711
9789748279855
9781668074749
9788175221758
9789698780128
9788126535170
9788174468369
9789350712542
9789350712672
9789350717646
9789350622780
9788121503747
9788125033882
9788170892397
9788172332051
9788173710483
9788175981768
9789350719855
9780241770573
9781837731787
9788131708088
9788181284907
9789362432841
9781493970810
9789332570498
9788173714634
9789388002233
9780750203890
9781932705546
9788126536863
9788126557080
9788126558346
9788126564781
9788131905555
9788180900761
9788183240949
9789353222529
9789382443988
9789698551223
9780070700628
9780195604399
9780230226951
9780230332935
9788121501842
9788125036821
9788170690559
9788173719592
9788177395020
9788177395051
9788178244587
9788183876742
9788184893267
9788184894455
9789386754035
9789694073729
9789812406507
9780070607484
9780198745648
9789355732903
9781910695029
9788122105544
9780230327733
9780230327764
9788125026204
9788125051756
9788173818677
9788175981492
9789352131808
9789389811339
9780071321075
9788173716799
9788126564149
9780521613927
9788125047063
9788126518531
9788170071587
9788174465207
9788175981812
9788177394405
9788184350791
9788187118176
9788189161620
9789350781296
9789350940747
9789355732408
9789355733610
9789389698657
9789353167264
9781032250182
9788126533183
9788126569717
9788174468727
9788126577484
9780070700598
9788121942393
9788125043997
9788126556786
9788174467881
9789352133819
9788126508273
9788126527588
9798987926420
9781732266261
9788125019169
9788174466822
9780007506385
9788122406191
9788122440232
9788126320936
9788126521531
9788126549221
9788126552733
9788131791370
9788172330903
9788177584073
9788184045215
9788184046748
9788184702248
9789351102045
9789355732590
9789380164359
9789381218624
9789385503153
9789386418265
9789388754897
9789387273504
9780070700390
9788121502436
9788122417180
9788125032670
9788125041672
9788125043225
9788126513727
9788126520237
9788126542321
9788126550494
9788130930138
9788170690504
9788170891925
9788175364806
9788177098471
9788180302961
9788180303029
9788189161057
9788189902209
9789311126197
9789350713419
9789351611011
9789352606603
9789380037080
9789380037127
9789380037332
9789380164083
9789380164137
9789380376028
9789380601908
9789380607122
9789381626351
9789382841722
9789388983389
9788178244624
9788178245164
9781138349834
9788125026525
9788131518618
9789350713013
9789350716724
9789389368109
9780197641958
9788126544349
9788181283047
9780070151437
9780603580796
9788126508204
9788126522187
9788126523535
9788126527779
9788126534401
9789390514694
9780912516424
9781480576353
9780199577217
9788121504195
9788121942812
9788122427226
9788126539505
9788170543299
9788170890560
9788172330231
9788173717338
9788178440255
9788181287571
9788181820150
9788182206526
9788184896879
9788189645458
9788190150446
9788190629430
9788190674829
9789332518704
9789350042038
9789350941294
9789380376103
9789386189141
9789698181062
9788187815563
9789352532179
9788126541829
9780070666931
9780198814351
9781259029097
9788125039143
9788170368243
9788173714153
9789350710166
9789350714638
9789388266826
9788126510016
9788126516421
9789339221904
9781138226425
9788125024934
9788126523313
9788126523665
9788126539567
9788126540150
9788126544127
9788126544752
9788126550906
9788126557608
9788126557646
9788126557905
9788126559770
9788126567171
9788126567188
9788131531778
9788131533215
9788131703885
9788170691211
9788178796468
9788186321621
9788189161583
9789382127055
9789384363130
9789386036537
9789386561756
9780070483347
9780070601840
9780071074278
9780199543359
9780199646340
9780755484720
9788121503532
9788121508780
9788132105077
9788170493211
9788172161453
9788173196577
9788176498708
9788178241944
9788178442808
9788181281982
9788182095748
9788182930056
9788184894462
9788184894714
9788184975222
9788188790203
9788188790364
9789350622520
9789380037011
9789380931081
9789381017807
9789381703908
9789385880162
9789386189035
9789395245746
9798181283602
9780670095926
9781771610452
9781940660301
9789815162950
9788125061410
9788126503865
9788178241234
9788178242989
9788178243290
9789355731975
9789385000188
9789387648395
9780340872512
9788126539642
9788126550883
9788126551538
9788170949640
9788172334338
9788173410314
9788173717284
9789698780012
9780230396302
9788125041467
9788125041665
9788180280399
9788190192088
9788184488104
9788120343016
9788121504362
9788121927673
9788126507894
9788126536061
9788126556199
9788126556212
9788126557356
9788126566198
9788132214083
9788173664359
9788173713927
9788176465489
9788181434852
9788194046486
9789350713389
9789351194019
9789352532186
9789383182954
9789384857998
9789389447569
9781138047495
9781138347106
9789390897018
9788131923818
9788180280313
9788189011345
9789311125053
9789354420665
9789383166237
9788120343108
9788126572731
9788176255929
9789350944905
9781665905664
9780198800705
9781259062537
9788120310759
9788126529605
9788126540723
9788131510995
9788131519004
9788131522851
9788132210771
9788177000665
9789350359013
9789350713617
9789350719770
9789352535347
9789383166183
9780940170049
9780194517942
9788125915454
9788125942566
9788126529162
9788186693612
9789355732347
9788126598564
9788126531677
9780853657859
9781107570894
9788121925990
9788180699696
9788180900860
9788184040418
9788184354713
9788185109855
9788185116556
9788185116648
9788185116655
9788185116662
9788185116686
9788185122700
9788185604893
9788189547288
9788190149907
9788194145448
9788194145455
9788194145479
9788194780854
9789311128184
9789350231944
9789350233719
9789351610618
9788125054009
9788131417386
9789382664123
9780199596959
9781405130592
9781445482767
9781445496795
9788120352964
9788120757219
9788121501415
9788121618496
9788121908412
9788121934596
9788122437836
9788122438796
9788126527809
9788126534234
9788126534760
9788126547432
9788126557684
9788131530757
9788132109990
9788172160326
9788174093189
9788174468659
9788178556697
9788178557090
9788181285850
9788182091023
9788184048872
9788185495804
9788185749815
9788187798019
9788188818167
9789351102519
9789351106012
9789351441403
9789351449379
9789352870264
9789354600159
9789380298849
9789380601915
9789380601946
9789382127451
9789385462306
9789386110374
9789387155510
9789387578654
9789387894945
9789387994041
9789388028264
9789390128365
9789391549985
9798181283190
9788180280269
9788180280344
9789350653043
9789354245831
9788126535682
9788126579891
9788172160357
9788178242224
9788180549687
9788126517749
9788126527861
9788125031963
9788126527991
9788126535163
9788126553143
9788171948871
9788173668517
9788183715638
9788197519093
9789350234259
9789350714713
9789356223509
9781510419124
9788125041092
9788126523481
9789332549333
9781421540658
9781421542126
9781421553696
9781550175066
9781422157381
9789390514038
9780070601741
9788125056331
9788173703034
9789388104180
9788173198090
9781482850888
9789358395280
9789388991179
9781107439573
9788121502795
9788121934695
9788131501177
9788131512159
9788131703014
9788172339173
9788173711169
9788173715167
9788174468376
9788174469052
9788174530974
9788181283399
9788183244220
9788184047097
9788184047479
9789380618371
9789384319397
9789384721053
9789384857059
9789386347329
9789387672406
9789694250984
9789937711609
9788125049968
9788126521371
9788126524235
9788175960626
9788178240268
9788180280245
9788186107034
9788190061544
9788190679046
9788198144560
9789350714195
9789351197645
9789386689696
9788173716140
9781902741482
9788125927761
9788170743392
9788189959531
9789352871650
9788131201633
9780070607941
9788121503983
9788125903376
9788178552163
9788180544019
9789325984462
9789350042441
9789350713402
9789351509868
9789351610571
9789386689689
9789388266888
9789388750127
9789388750264
9789698550066
9789387964037
9789352832439
9789356430853
9788125037811
9786030157549
9788121501125
9788121503044
9788121702102
9788130100425
9788170543909
9788170595694
9788170690276
9788172330354
9788173669842
9788178795782
9788184043266
9788184303612
9788184355130
9788185116525
9788185116631
9788185116679
9788186050569
9788187358015
9788189547189
9788190339728
9789350235751
9789351103141
9789351107910
9789381189504
9789382258094
9789385497124
9789389633214
9780143527961
9780691195070
9781421506012
9781421516097
9781783788507
9789361313684
9788185984650
9788125043164
9788125043171
9788126558612
9780190859190
9780393977905
9780749457006
9788120339507
9788121612104
9788121918596
9788122408270
9788122413168
9788122426038
9788122428278
9788122431360
9788122438833
9788122439274
9788122443172
9788126523214
9788126529469
9788126545933
9788126562312
9788126707386
9788131209325
9788131209394
9788131215302
9788131514092
9788131517109
9788131531907
9788170944447
9788170945406
9788170946335
9788170947691
9788170948506
9788170949961
9788172338701
9788173714511
9788173716157
9788173716874
9788173717581
9788174531292
9788175545502
9788176498630
9788177229028
9788177229370
9788177584394
9788178510835
9788181284983
9788182744271
9788184876161
9788188808632
9788189975760
9788190074506
9788190206877
9788193095638
9788193095669
9788193095720
9789350593301
9789350717349
9789350719152
9789355017932
9789358701777
9789380032153
9789380381459
9789380601410
9789380601489
9789380601496
9789380601557
9789380601809
9789382841050
9789383260133
9789385755699
9789386070159
9789386070807
9789386418180
9789386800688
9789388754453
9789389152012
9789694072845
9788122129724
9789971511722
9780007510801
9780101069366
9788174464453
9788174468499
9788174468529
9788178241364
9788183230322
9789351198086
9789352293582
9789389563429
9788125040583
9788171947379
9788173198526
9788173716508
9788173716928
9788182964518
9788184042832
9788184047035
9788190484510
9789311122700
9789350711590
9789350711842
9789351381617
9789352035847
9789386668561
9781250032720
9789351032144
9780201060249
9788120334847
9788121940474
9788125910114
9788131212608
9788175967793
9788183329293
9789325964822
9789382459927
9789384857912
9788126536023
9780190122010
9780706979398
9788125060994
9788125900474
9788181375612
9788185636337
9789352531288
9788129113733
9788131201725
9788131208120
9789393223449
9780071074360
9780333924228
9780706998962
9780749448974
9781403930262
9781472373373
9788120310421
9788120345591
9788121904506
9788121908870
9788122402162
9788125921547
9788126901630
9788131515938
9788170640943
9788172331467
9788172332013
9788173718205
9788175244818
9788177229714
9788177394832
9788177395280
9788178440200
9788178557014
9788183551434
9788184780444
9788185179773
9788186791691
9788187418238
9788189495237
9788192009056
9789325960411
9789325973954
9789325994119
9789350719718
9789351197164
9789352532056
9789380336381
9789380644042
9789381120101
9789382841074
9789385152320
9789385485046
9789386668165
9788125041054
9788125043065
9788184681574
9789389832136
9789393198914
9788126551194
9788131760864
9788184872088
9789350362617
9789350713815
9781665902410
9783030115753
9789393715296
9789393715876
9789394701762
9789395624435
9780070706538
9788122203417
9789311125305
9789351194743
9788126509164
9788126512645
9788126537068
9789388026208
9780749445157
9780749454739
9781405127271
9788120320239
9788120339958
9788120417410
9788121938488
9788122204568
9788125056478
9788125923480
9788131808634
9788183329408
9788190600101
9789350362594
9789350712917
9789351450245
9789351761013
9789352742493
9789352742516
9789352874460
9789356743199
9789385923944
9789386189028
9789387957213
9795217211066
9788181895356
9788126531318
9780706990300
9788125918462
9788125918530
9788174467270
9788174468505
9788185731087
9788188237289
9789325987531
9789350362587
9789352830305
9789352874453
9789698121068
9788125060321
9789352874446
9780070582958
9780071331746
9780333926581
9780749442422
9780876093054
9781846840913
9788120309685
9788120312296
9788120330405
9788120338852
9788121501439
9788121501965
9788121502351
9788121907996
9788121927239
9788121943284
9788121997997
9788122406702
9788122416886
9788122416893
9788122416961
9788122423891
9788122425925
9788122427851
9788122428254
9788122428346
9788122433463
9788125922940
9788125924104
9788125939368
9788125940562
9788126310890
9788126509584
9788126533602
9788131510902
9788131515846
9788131801246
9788131918234
9788170542841
9788170945321
9788170945703
9788170948346
9788170948704
9788170948957
9788171948420
9788172110284
9788172160289
9788172332495
9788174468055
9788174531254
9788175545281
9788175967182
9788176496049
9788178556185
9788178557311
9788179931271
9788181820280
9788182092211
9788183326513
9788184044942
9788185116594
9788185396378
9788187414858
9788189059514
9788189480196
9788189975340
9788190642750
9788193175125
9789325974180
9789327231236
9789350040225
9789350042106
9789350367780
9789350380437
9789350711163
9789350718261
9789350718988
9789350779507
9789351070337
9789352590452
9789355010643
9789382127901
9789383260447
9789383746545
9789383746644
9789384030094
9789385259975
9789385497933
9789385923784
9789385998805
9789386224972
9789386418456
9789386850119
9789387486812
9789387894884
9789387925427
9789388070799
9789388750141
9789388754477
9789388754507
9789388754842
9789388905985
9789388983143
9789389368376
9789391392253
9789694121406
9788126578573
9788178242385
9789352874422
9788126563265
9780670091577
9789389714852
9788121905411
9788121923484
9788122420944
9788125023180
9788125928522
9788125930846
9788176710435
9788185242927
9789311125299
9789350362563
9789350367773
9788125023760
9788125037842
9788184896862
9788185860770
9780201060348
9780706970319
9781259003653
9788121931649
9788121937054
9788122424744
9788122449914
9788125008224
9788125949640
9788172339579
9788174733795
9788175410244
9788181930484
9788185119113
9788185396323
9788186026144
9788189547677
9789325976016
9789325976023
9789325981270
9789327239010
9789350362716
9789350366462
9789351761006
9789352530236
9789353504083
9789354600197
9789380761145
9789385401701
9789385401718
9780143420637
9781408708101
9781499800722
9781728247847
9781742752686
9788126563432
9789815162493
9789815162639
9789352873951
9780199487127
9781259062599
9788121929936
9788121934985
9788125037804
9788125037835
9788125927921
9788173710940
9788174469670
9788183321570
9789311122793
9789327276756
9789350591918
9789350714171
9789351411307
9789385980862
9780201060317
9789352211296
9789381430804
9789381430897
9788121923552
9788125018803
9788125913771
9788131525647
9788172764517
9788185061436
9788190206891
9789380856230
9789384319953
9789385401695
9789386928337
9789960980171
9788126534647
9788126549184
9788131500293
9780007491063
9780007492169
9780198418856
9780230639966
9780706982206
9788120342774
9788120740747
9788121501507
9788121503204
9788121504126
9788121508490
9788121935678
9788121941402
9788121998024
9788122413854
9788125022060
9788125023722
9788125024972
9788125942375
9788125942412
9788127232924
9788131767733
9788131804117
9788131809273
9788173710698
9788174452481
9788174469502
9788174531704
9788177000238
9788177545128
9788180522307
9788182966123
9788183226059
9788183230391
9788183329491
9788183329507
9788185002927
9788185119106
9788185396286
9788186931080
9788189904340
9788189904357
9788190208673
9788193432044
9789311122625
9789325968943
9789325977570
9789325977808
9789325986671
9789350361399
9789350361559
9789350485484
9789350712115
9789350719862
9789380386140
9789380658032
9789380809854
9789381162712
9789381182581
9789382322245
9789385401206
9789385401633
9789386224187
9789386224224
9789386850102
9789386850973
9789387578210
9789387894006
9789395245357
9789698550059
9781989310588
9788125016229
9788125040323
9788170554165
9788180280207
9788131200483
9780002100151
9788123918532
9788131942888
9788171946990
9788175966727
9788183320610
9789350716083
9789350719886
9789385401596
9789385401602
9789390060917
9788126532681
9789352013777
9788121928830
9788121935838
9788131518908
9788131964026
9788183320603
9789350360149
9789350366967
9789350366998
9789385401640
9789385401657
9789385676628
9789385676635
9789385914881
9788183391153
9780333924099
9780749442293
9780863118166
9781403927439
9788120337817
9788120338067
9788121912976
9788121922944
9788121926720
9788121997720
9788121998017
9788122415964
9788122436303
9788125012320
9788125015666
9788125017622
9788125052005
9788125052876
9788125911821
9788125939399
9788125939474
9788126330126
9788131515952
9788170709534
9788170709541
9788171087242
9788172339951
9788173814624
9788173818004
9788175969292
9788178555881
9789325968929
9789325971592
9789325977549
9789325984295
9789333472203
9789350715703
9789351412205
9789352874071
9789353500238
9789381162545
9789382127758
9789382459934
9789384857226
9789385401558
9789354356131
9788131937822
9788125030119
9788181437013
9788121931281
9788181371706
9788184682731
9788193766798
9789388563383
9789390572199
9781447297604
9781526607157
9781526630490
9781906548063
9789385827563
9789386832528
9788131208465
9789352831821
9789358706567
9788121927567
9788125001768
9788125028659
9788125032403
9788174465351
9788187815921
9789389538687
9788126541157
9788131505748
9788177226973
9788171674336
9789381714171
9780002100113
9780007341306
9780333937167
9780706997866
9780863114458
9781405148252
9781405148344
9781405151597
9781781868379
9781846840098
9781865089843
9788100002308
9788120327399
9788120346048
9788120346819
9788121501583
9788121503136
9788121503488
9788121614276
9788121907033
9788121920643
9788121927260
9788121935746
9788121939102
9788121941051
9788122416985
9788122418064
9788122420005
9788122420456
9788122424713
9788122428285
9788122430462
9788122434149
9788122435023
9788122436105
9788122436358
9788122437607
9788125928560
9788125939955
9788125942429
9788125950844
9788125953036
9788126536467
9788128640636
9788130908908
9788131216385
9788131800515
9788131801611
9788131805862
9788131808603
9788131909225
9788131911068
9788170366355
9788170771036
9788170943433
9788170946625
9788170947912
9788170948612
9788170948995
9788170949114
9788170949527
9788171564712
9788171949991
9788172110666
9788172330415
9788173158575
9788173666766
9788174452993
9788174464439
9788174531247
9788175542495
9788178242903
9788178440248
9788178552736
9788178695600
9788178793207
9788180521515
9788181372215
9788181433404
9788181930590
9788181931269
9788183225878
9788184891645
9788185044583
9788185116488
9788185952833
9788185990637
9788186762301
9788187721123
9788188279319
9788188458424
9788188569922
9788188790746
9788189059279
9788189498849
9788193731987
9788195268795
9788197063145
9789322008130
9789325960039
9789325968837
9789325968899
9789325968912
9789325969834
9789325973596
9789325975477
9789325975507
9789325977556
9789325981072
9789350236277
9789350489932
9789350593066
9789350710098
9789350714164
9789350892565
9789351033653
9789352590469
9789352667703
9789352744084
9789358702002
9789358708509
9789380156491
9789380283272
9789380283913
9789380644189
9789380856452
9789381017081
9789382127116
9789382127321
9789382337355
9789382609360
9789384319410
9789385152696
9789385401527
9789385401541
9789385724756
9789385923777
9789385923845
9789386070869
9789386179272
9789386179319
9789386224903
9789386310880
9789386418449
9789386484437
9789386561350
9789386575418
9789386620422
9789386850287
9789387578081
9789388323338
9789388323390
9789389872101
9789395245647
9789698020194
9788121924931
9788125006794
9788178243146
9789352874491
9780007496990
9788121931243
9788121941143
9788125916536
9788125953043
9788131808665
9788171249343
9788174465856
9788179292020
9788182236370
9788182963412
9788186270622
9789350362785
9789351413110
9789386379085
9789388563369
9789388905909
9780670049943
9788120343238
9788120416468
9788121618724
9788121931700
9788121936545
9788121936699
9788121939218
9788121941150
9788121942560
9788122435016
9788122435764
9788122436204
9788122439724
9788123780658
9788125037774
9788125950813
9788125950905
9788131511923
9788170941910
9788171246717
9788174466334
9788175365056
9788178553429
9788181372116
9788183321556
9788185116563
9788185116570
9788185396064
9788187725251
9788189020170
9788189547011
9788189547042
9788189547363
9788192009001
9788192298504
9788193432082
9789325960053
9789325975514
9789325977532
9789325977594
9789325978423
9789325981188
9789332516595
9789351563716
9789352033027
9789352530595
9789380298559
9789381626481
9789385676550
9789386070975
9789937761376
9789993305927
9788131501351
9780333935064
9788121926744
9788121931205
9788125016700
9788170702009
9789351381624
9789385676543
9789385676949
9788123918129
9788123925240
9789353521066
9780070655621
9780070704886
9780195683851
9788121935555
9788121936682
9788121938976
9788121939133
9788125063209
9788173199059
9788181370891
9788181370907
9788181371690
9789311122809
9789325982260
9789352834013
9789386221315
9780143429647
9788184680966
9780195685466
9780861319817
9781474859011
9781474885171
9781542016568
9788120337916
9788120352704
9788120700710
9788120717435
9788120757905
9788121619769
9788121908009
9788121908948
9788121926652
9788121928526
9788121933421
9788121933469
9788121997614
9788121998499
9788122401196
9788122419245
9788122421156
9788122427714
9788122431025
9788122436006
9788125007821
9788125011668
9788125035992
9788125931218
9788130900247
9788131804179
9788131804711
9788131807989
9788131919293
9788170944416
9788171566228
9788172110239
9788172337599
9788173663680
9788173712982
9788175224827
9788175363090
9788176212083
9788177393699
9788178241685
9788181930651
9788182092020
9788183220064
9788183220576
9788183220729
9788183221122
9788183224277
9788184924800
9788185731346
9788186026113
9788186706268
9788189573584
9788190856027
9788192554167
9788192841595
9788193655696
9789325975552
9789325976191
9789325977747
9789325983403
9789325987418
9789350717776
9789350719985
9789351100478
9789381069714
9789381162330
9789383725472
9789383746415
9789385966804
9789386202123
9789386231512
9789386850744
9789387578111
9789387578791
9789387894709
9789387907393
9789694480916
9789699661013
9780143441267
9780143449553
9781471413001
9781786783264
9781838775995
9781849157193
9788119554430
9788131708798
9789380480404
9789381431139
9789385827112
9789385827778
9789385827891
9789386215017
9789386313782
9789386606280
9789388302777
9789391067083
9789391067946
9789815202267
9789352756278
9788131214626
9788119756841
9788120344495
9788125038238
9788181433220
9788181436917
9788184681857
9789382267478
9789382352969
9780007492428
9780863111211
9788121920827
9788121921589
9788121929776
9788121931380
9788121936675
9788122436785
9788131905487
9788181370860
9788181371522
9788181374097
9788181375377
9788181379832
9788185419596
9788189928483
9789325974166
9789350712900
9789350717554
9789380223612
9789380644998
9789384857752
9789384875282
9789386179388
9789388151887
9789386217813
9789386950895
9788121917087
9788121921497
9788121942768
9788122411270
9788173195242
9788183329477
9788188739356
9789350366189
9780955881862
9788125008712
9788184680959
9788184004595
9789389152333
9788123911885
9789353523466
9789353527044
9798123901618
9788120324947
9788120777170
9788121930062
9788121932011
9788122417357
9788122419573
9788122421200
9788122440539
9788123761886
9788125009313
9788125017172
9788125942658
9788131802366
9788173712081
9788175545335
9788182092495
9788182964310
9788192594873
9789325963955
9789325968868
9789325968974
9789325977495
9789325982277
9789325982437
9789351210238
9789351210269
9789352036868
9789352741076
9789352742318
9789352744671
9789358706017
9789383260850
9789383331048
9789384857769
9789385676925
9789386035103
9789386620927
9789386850676
9789387894174
9781250152343
9788189988715
9789351367772
9789384716424
9789386797605
9780007492404
9781403929419
9788121921817
9788121929431
9788121931861
9788121936651
9788121938556
9788122430271
9788123770635
9788125008200
9788131932933
9788175220591
9788176000031
9788183322799
9788183329163
9788184874891
9788185897042
9788188739141
9788196293550
9789350362891
9789385676673
9789386484482
9789388537643
9789383202539
9789383202607
9780007492398
9780333924587
9788121921558
9788121926669
9788121930932
9788121936095
9788121936644
9788125040880
9788131760000
9788170522546
9788173715372
9788182092037
9788192597942
9789351610601
9789389446210
9789392099878
9788131905616
9788131919309
9780002100182
9780007438617
9780007492381
9780230525153
9780230525160
9780943210728
9781405122696
9788100001950
9788120323025
9788120750890
9788120766624
9788121610957
9788121912570
9788121921657
9788121921800
9788121923231
9788121931823
9788121931946
9788121932165
9788121932240
9788121933551
9788121936637
9788121936774
9788121936781
9788121939164
9788121942553
9788121943338
9788122202137
9788122313987
9788122315035
9788122315189
9788122315400
9788122410365
9788122413113
9788122413311
9788122417142
9788122417548
9788122430226
9788122436259
9788122438178
9788122612851
9788125001782
9788125059721
9788125939986
9788131807569
9788131807576
9788131808245
9788131808900
9788131809495
9788170596141
9788171640072
9788172110116
9788172931056
9788174530790
9788175542396
9788175960558
9788176000055
9788176212120
9788176558327
9788177393743
9788177393750
9788180522000
9788180522604
9788180522611
9788180566288
9788181371980
9788181379092
9788182094857
9788182200371
9788183320740
9788183320764
9788184302288
9788184469660
9788184778816
9788187879367
9788188569809
9788189059507
9788190476256
9788190856010
9788192068503
9788192554129
9789311126128
9789325971646
9789325980860
9789325990258
9789332516533
9789350713310
9789350729274
9789350947968
9789351213031
9789351448310
9789352291267
9789352292363
9789363953017
9789380283586
9789380536071
9789380644233
9789380743325
9789381506691
9789383203482
9789384248703
9789384319007
9789384465018
9789384875183
9789384875268
9789385152054
9789385152528
9789385877377
9789386224569
9789386850935
9789387320581
9789387578579
9789388333191
9789388689700
9789388818261
9799993377299
9780143429562
9789350008584
9789382563181
9780670885596
9789353525897
9789386106704
9780007492374
9788121910835
9788121921596
9788121922647
9788121930796
9788122400656
9788122403992
9788123786896
9788125032502
9788170944362
9788170944812
9788172332877
9788177393736
9788179931950
9788188458011
9788194267577
9789352032983
9789381335826
9789384248727
9789384857240
9789387320574
9780593403877
9781728247816
9789351036326
9789385827365
9789386832269
9788176556835
9789351031710
9789392210242
9789814559065
9789814559089
9780007492367
9788121928571
9788121928670
9788121931762
9788121936620
9788122312058
9788122433272
9788170087861
9788175056039
9788182963009
9788182963016
9788183520072
9788194215844
9789351551362
9789381162385
9789385961007
9789387320567
9789388537391
9789352759958
9780007492350
9780874252750
9781846841927
9788121504843
9788121905046
9788121911290
9788121927208
9788121931250
9788121931632
9788121932035
9788121936729
9788122204964
9788122311426
9788122409567
9788122425659
9788125004912
9788125010401
9788125015000
9788125042136
9788125937036
9788126913237
9788131901663
9788131931288
9788170032205
9788170213048
9788170544883
9788170636618
9788171337774
9788171640447
9788171949014
9788173713026
9788173713064
9788173713125
9788173713170
9788173713347
9788174468512
9788175543584
9788179681541
9788179930076
9788180563126
9788181372659
9788185952710
9788189059439
9788189928858
9789311122670
9789311124322
9789325975460
9789325978430
9789325981232
9789327240979
9789332516557
9789350363058
9789350366523
9789350366530
9789353766375
9789380152707
9789380619002
9789380828015
9789381162774
9789382711230
9789384028473
9789384248734
9789387578425
9789388754248
9789382563198
9781846840531
9781846840609
9788121922487
9788121927109
9788121928632
9788121930024
9788121930499
9788121931748
9788121932561
9788122204957
9788122315172
9788125023272
9788125042945
9788127207380
9788130906546
9788177394207
9788179681695
9788182094864
9788182964327
9788184924077
9788185119229
9788185119663
9788185297606
9788188569441
9789380009230
9789385676680
9789385676697
9789385676703
9788123910130
9789385915833
9780143031451
9780143300472
9788176061308
9788179508701
9788184005998
9789351034179
9789352750245
9789381431986
9789387509344
9789815233520
9780143427308
9780195606928
9780195612714
9780198089179
9788120329492
9788120723092
9788120726581
9788120731394
9788121620499
9788121922654
9788121926768
9788121927680
9788121929233
9788121929868
9788121930659
9788121932158
9788121932264
9788121932363
9788121935852
9788121936361
9788121939300
9788121940993
9788121941785
9788122418927
9788122424539
9788122431087
9788122431124
9788122432596
9788122440485
9788125007838
9788125043980
9788125600046
9788131804698
9788131943991
9788131944561
9788172110833
9788175150836
9788175962972
9788177392081
9788183074148
9788184305777
9788184975994
9788185119670
9788185861487
9788186299982
9788190367899
9788190372831
9788192555782
9789325974197
9789352291540
9789352550296
9789352830404
9789382146575
9789385676659
9789385676666
9789386224002
9789386224019
9788129102768
9788129102836
9788129102843
9788125019596
9788188717125
9781403923660
9788121905893
9788121922289
9788121923965
9788121933612
9788122417029
9788125000310
9788125010685
9788125025733
9788125040514
9788125042150
9788125047131
9788170087762
9788172550646
9788175300156
9788183322744
9788188629176
9789350716069
9789386179463
9788123925158
9788184684841
9788187288763
9788194215820
9789351037286
9780863110627
9788121615181
9788121917902
9788123746463
9788123769714
9788125006145
9788125006343
9788125040484
9788125041146
9788125051107
9788173710209
9788175541085
9788176490856
9788179681572
9789352740093
9780753505526
9781846841149
9788120312319
9788120755475
9788120777101
9788121605571
9788121605984
9788121609395
9788121923576
9788121926423
9788121926430
9788121926508
9788121926515
9788121930970
9788121932424
9788121935494
9788121939058
9788122419597
9788123756097
9788123758077
9788125004042
9788125004165
9788125015277
9788131804278
9788170942283
9788171828999
9788175341159
9788178551685
9788183220354
9788183322737
9788183487924
9788184770681
9788189093396
9788189093600
9789350719312
9789351864110
9789380644677
9789386035455
9789993302919
9780143301554
9788193225318
9789815204452
9789386041722
9788123908731
9780435996963
9788121913683
9788121914192
9788121926829
9788121935487
9788122305197
9788125004189
9788125036340
9788125037453
9788125050124
9788126320622
9788126330492
9788131905517
9788170594284
9788183481540
9788184120448
9788184770131
9789380068176
9789382174325
9798125600922
9780143429760
9781526624178
9789351991885
9789814709811
9789815204483
9780333909553
9780861311965
9788121912044
9788121931106
9788121935470
9788121941433
9788122200010
9788123745732
9788125035237
9788131902479
9788177394535
9788177394542
9788180563393
9788180565595
9788183325738
9788183910194
9788171676378
9788123912486
9780861311859
9780861312221
9780861312306
9781474855471
9788120724891
9788120746046
9788120746077
9788120746084
9788120746091
9788120746107
9788120747005
9788120768789
9788121505024
9788121603478
9788121901796
9788121923026
9788121927130
9788121932806
9788121932875
9788121933636
9788121933698
9788121933735
9788121933766
9788121933995
9788121934022
9788121934404
9788121935142
9788121935661
9788121937498
9788121937504
9788121937511
9788121937542
9788121937566
9788121937870
9788121937924
9788121937962
9788121938075
9788121938402
9788121943611
9788121943635
9788121997539
9788122002959
9788122201383
9788122203431
9788122312508
9788122312539
9788122315981
9788122417883
9788122418170
9788122420340
9788125000747
9788125000778
9788125001751
9788125004691
9788125007289
9788125007296
9788125007432
9788125007456
9788125007807
9788125009474
9788125009672
9788125022534
9788125055341
9788125060109
9788130907208
9788131805268
9788170031383
9788170233114
9788170586456
9788170701569
9788175340039
9788176495721
9788176497411
9788176761376
9788177394528
9788178554570
9788178626192
9788178690414
9788178691770
9788178692449
9788179911747
9788179911761
9788179911822
9788179912300
9788179912348
9788179914250
9788183554268
9788184040098
9788184979015
9788185119014
9788185119472
9788189955021
9789350140628
9789350334379
9789350718674
9789351030454
9789351213154
9789352742936
9789381162293
9789381162651
9789383746187
9789384872229
9789385923623
9789385957222
9789386202567
9789993308348
9798184193366
9788125004653
9780435996949
9788120754379
9788121935524
9788121937337
9788121937368
9788121938419
9788125046967
9788125052272
9788131912782
9788172112547
9788175974630
9788177391114
9788177394511
9788178692692
9788184778328
9788192554112
9788131931264
9788131713112
9780863111259
9788121505222
9788121908115
9788121934954
9788121938952
9788123705330
9788123733173
9788125022657
9788125035312
9788125063391
9788126308460
9788131905593
9788131906064
9788170965459
9788171566105
9788177391091
9789311121871
9789311121932
9789380536262
9789386379894
9788177240313
9788131809464
9789384067595
9788123904139
9788176555012
9788131754238
9780199472550
9780863113000
9781845570361
9788120717749
9788120717961
9788120718197
9788120724020
9788121608350
9788121609708
9788121616348
9788121616454
9788121618250
9788121619325
9788121619912
9788122202533
9788122410136
9788123012568
9788125016731
9788125047100
9788131903797
9788175363960
9788176935654
9788180560255
9788181376879
9788183221245
9788184973440
9788185419183
9788192724645
9789380302287
9788176212106
9780863112683
9781781750148
9788120726369
9788120748682
9788120752726
9788120756540
9788120756687
9788120767348
9788121616294
9788121924436
9788122314403
9788125003199
9788125007845
9788125009023
9788170081548
9788171208975
9788173861147
9788174508171
9788174508218
9788176931465
9788176931472
9788176931489
9788176931496
9788176931502
9788178624068
9788179773918
9788184970838
9788184972269
9788184972559
9788184972566
9788184972573
9788184973969
9788188446315
9789350487143
9789351211969
9789351215868
9789385914218
9789385914225
9789389432596
9788120739208
9788120739222
9788120739826
9788121924214
9788122203219
9788123710891
9788125015192
9788125041948
9788131902066
9788171819546
9788178623658
9788178625812
9788178625836
9788179913017
9788179913055
9788184972580
9788184973723
9788185119021
9789380676746
9789383652334
9788183220408
9780195600179
9788131806319
9788131900161
9788131906002
9788131906088
9788170088165
9788170211976
9788171206407
9788171818174
9780861316489
9781845576523
9781845576530
9788120760257
9788123004259
9788123703633
9788123709291
9788123740225
9788131900123
9788131905029
9788131931523
9788170084129
9788170084150
9788170086406
9788189535162
9789350892572
9788123728087
9788170212454
9788176938532
9788178623764
9788178623801
9788178624426
9788131900802
9788170215936
9788178550725
9780862885175