9789386070166
9789386070210
9789386070234
9789386070265
9789386070296
9789386070326
9789386070531
9789386070548
9789386070562
9789386070579
9789386070593
9789386070609
9789386070616
9789386070623
9789386070777
9789386070791
9789386070852
9789386070876
9789386102386
9789386107961
9789386150288
9789386150721
9789386237071
9789386261403
9789386286048
9789386286529
9789386286574
9789386286741
9789386286765
9789386286796
9789386347015
9789386418043
9789386418050
9789386418098
9789386418135
9789386418159
9789386418296
9789386418319
9789386418463
9789386418487
9789386418852
9789386418869
9789386530028
9789386649140
9789386649157
9789386649171
9789386649782
9789386650900
9789386652454
9789386668165
9789386668424
9789386668462
9789386668561
9789386768445
9789386768780
9789386768803
9789386858139
9789386858825
9789386858955
9789387146518
9789387472006
9789387472020
9789387472075
9789387472136
9789387472334
9789387472617
9789387472655
9789387472716
9789387472853
9789387472938
9789387506657
9789387506817
9789387741263
9789387766228
9789387788398
9789387788879
9789387893788
9789387963252
9789387994041
9789387994874
9789387994881
9789388028042
9789388028103
9789388028295
9789388028493
9789388028714
9789388028813
9789388028899
9789388172752
9789388172912
9789388293884
9789388426091
9789388426169
9789388426176
9789388426183
9789388426190
9789388449076
9789388449304
9789388449328
9789388696753
9789388812870
9789388818162
9789388818445
9789388818858
9789389061536
9789389061833
9789389184242
9789389184266
9789389184501
9789389204957
9789389307054
9789389307085
9789389307320
9789389307863
9789389310191
9789389310955
9789389347005
9789389347081
9789389347210
9789389347340
9789389347449
9789389347777
9789389347876
9789389412314
9789389447484
9789389520651
9789389538908
9789389573305
9789389573312
9789389573329
9789389573336
9789389583243
9789389583410
9789389686340
9789389686722
9789389686838
9789389691412
9789389691931
9789389718669
9789389776805
9789389802382
9789389811285
9789389811735
9789389825886
9789389832785
9789389832808
9789389832921
9789389859355
9789390113590
9789390177530
9789390185597
9789390187188
9789390187379
9789390187454
9789390395057
9789390495153
9789390495368
9789390495474
9789390495504
9789390544226
9789390555949
9789390612796
9789390620197
9789390749126
9789390749683
9789391025946
9789391383848
9789391818043
9789391818104
9789391818142
9789391818500
9789391818821
9789391820268
9789392590375
9789392590672
9789393159731
9789393159915
9789393715265
9789395039864
9789395101783
9789395101844
