9789327194128
9789332500297
9789332518674
9789332519121
9789332550353
9789332575097
9789332575172
9789332585348
9789332587090
9789333220392
9789333221870
9789333223621
9789333223720
9789339204044
9789339221072
9789350046746
9789350140543
9789350141960
9789350142691
9789350142790
9789350143360
9789350143926
9789350144282
9789350145739
9789350237076
9789350251447
9789350251652
9789350253724
9789350255681
9789350256343
9789350296431
9789350900826
9789350904657
9789350904664
9789351073369
9789351073604
9789351073925
9789351105411
9789351198246
9789351382423
9789351440253
9789351450306
9789351521150
9789351521532
9789351523086
9789351523864
9789351529071
9789351611974
9789352301973
9789352501267
9789352512027
9789352533824
9789352535309
9789352551132
9789352607006
9789352702633
9789352703630
9789352703746
9789352703999
9789352830343
9789352832095
9789352833702
9789352833795
9789352834402
9789352835126
9789352835133
9789352835270
9789352837298
9789352837373
9789352837557
9789352838271
9789352838950
9789352862313
9789352863433
9789352863532
9789352868339
9789353160272
9789353169855
9789353433673
9789353433697
9789353439453
9789353439552
9789353500009
9789353500054
9789353500061
9789353500238
9789353500245
9789353500368
9789353500863
9789353501617
9789353502690
9789353503734
9789353503819
9789353504083
9789354439124
9789354439384
9789354531972
9789354600883
9789354641558
9789354656507
9789354658594
9789355010360
9789355013767
9789355014979
9789355015006
9789355015273
9789355016720
9789355017925
9789355018113
9789355322067
9789355641557
9789355641854
9789355643735
9789355646293
9789355730480
9789356062580
9789356810310
9789356810334
9789356810341
9789356810372
9789356810402
9789356964549
9789356966086
9789356966772
9789357461115
9789358875478
9789358879124
9789364685795
9789370601710
9789380156026
9789380156323
9789380298597
9789380298672
9789380386041
9789380386270
9789380386355
9789380386454
9789380386539
9789380386669
9789380386706
9789380386836
9789380386843
9789380386881
9789380386959
9789380386980
9789380578286
9789380618302
9789380704036
9789380704142
9789380853147
9789380856018
9789380856117
9789380856155
9789380856186
9789380856391
9789380856438
9789380856490
9789380856544
9789380856810
9789381159248
9789381159279
9789381162095
9789382127192
9789382291503
9789382291657
9789382332701
9789382448983
9789383419517
9789383525850
9789383692569
9789383746460
9789383750436
9789383828326
9789384319090
9789384323059
9789384588977
9789384857417
9789385923562
9789385923654
9789385935688
9789385999208
