9788131803301
9788131803486
9788131803660
9788131804346
9788131804353
9788131804414
9788131804445
9788131804520
9788131804575
9788131804780
9788131805015
9788131805305
9788131805374
9788131805398
9788131805442
9788131805497
9788131805664
9788131805817
9788131805930
9788131806005
9788131806111
9788131806272
9788131806777
9788131806913
9788131806999
9788131807019
9788131807149
9788131807323
9788131807484
9788131807736
9788131807811
9788131807972
9788131808320
9788131902547
9788131907139
9788131907566
9788131909188
9788132207900
9788170081210
9788170081395
9788170086185
9788170089520
9788171411634
9788171412662
9788171414246
9788171416288
9788172330392
9788172330453
9788172330507
9788172330514
9788172330989
9788172331993
9788172332297
9788172332853
9788172333577
9788172333720
9788172334482
9788172334994
9788172335038
9788172335212
9788172335526
9788172335618
9788172335632
9788172335939
9788172335946
9788172335953
9788172336509
9788172336530
9788172336912
9788172336929
9788172336950
9788172337544
9788172338299
9788172338510
9788172338527
9788172338633
9788172338640
9788172338718
9788172338794
9788172338916
9788172339029
9788172339098
9788172339401
9788172680015
9788173710353
9788173714092
9788173714467
9788173715907
9788173717161
9788173717703
9788173717741
9788173810275
9788173810558
9788173810787
9788173811043
9788173811173
9788173811753
9788173812088
9788173812095
9788173812132
9788173812804
9788173813023
9788173813757
9788173814006
9788173814778
9788173814921
9788173815034
9788173815041
9788173815089
9788173815133
9788173815270
9788173815331
9788173815393
9788173815416
9788173815614
9788173815669
9788173815805
9788173815812
9788173815881
9788173816116
9788173816208
9788173816468
9788173816512
9788173816598
9788173816635
9788173816987
9788173818523
9788173818776
9788173818905
9788173819865
9788174090737
9788174093103
9788177582758
9788178088044
9788178805863
9788179923153
9788179933237
9788180565083
9788180616082
9788181930644
9788182091993
9788183559300
9788183562256
9788183562638
9788183566049
9788183568302
9788183762915
9788184483574
9788184484120
9788184484823
9788184485813
9788184488517
9788184488609
9788184733228
9788184870589
9788184873900
9788184876406
9788184876789
9788185046174
9788185046631
9788185749815
9788185790619
9788185938936
9788187134176
9788188458936
9788189473235
9788189473358
9788189521271
9788189757472
9788194369646
9788194685142
9788194685166
9788194800224
9788194864554
9788195161195
9788198109484
9789026725784
9789325960060
9789325981287
9789325984356
9789325984547
