9780070140004
9780070141100
9780070147607
9780070151420
9780070483743
9780070494633
9780070585959
9780070591165
9780070634336
9780070659490
9780070671195
9780070681934
9780070700208
9780074601402
9780074602164
9780074602256
9780074620434
9780074623015
9780074633113
9780131462342
9780143461746
9780143463894
9780195604429
9780195664157
9780195683844
9780198069096
9780198076384
9780198092186
9780198098584
9780198814542
9780199459100
9780199464746
9780199477647
9780199487127
9780199560899
9780303173779
9780443045189
9780470286142
9780471717461
9780471920434
9780471956471
9780538754934
9780582641112
9780592054438
9780706986761
9780721695266
9780723606628
9780748407460
9780749443320
9780761935971
9780815351443
9780849358906
9780849374944
9780849393723
9780851865621
9780851991092
9780851994413
9780852006726
9780852723371
9780852725863
9780853697893
9780854047727
9780855204228
9780857091307
9780857096579
9780857291295
9780863802256
9780865776982
9780870714009
9780871704818
9780871708489
9780871710536
9780873539357
9780877454649
9780884153580
9780889376366
9780889376397
9780890060162
9780890060339
9780890060346
9780890065419
9780890068274
9780896033955
9780898389715
9780947711757
9780954695620
9780990619840
9781009207324
9781009680677
9781032520391
9781035065882
9781111525552
9781138616301
9781259026546
9781259029547
9781259029660
9781394307616
9781405148245
9781405148375
9781405155120
9781405163323
9781405836463
9781412810630
9781416060505
9781420053845
9781420060829
9781430260196
9781437704884
9781437705072
9781437705539
9781437705553
9781437712889
9781437718256
9781437718270
9781437718652
9781437718676
9781437719154
9781437724257
9781437724752
9781437724820
9781439804957
9781439808740
9781441955777
9781441965233
9781441995063
9781441998620
9781441998651
9781444181333
9781444334494
9781447111528
9781447113713
9781447147503
9781447154358
9781447174295
9781447174622
9781449647100
9781484267318
9781484267387
9781496396600
9781575955797
9781780173634
9781787791183
9781850706908
9781862008502
9783131442819
9783131443311
9783642206221
9783662608890
9788119364039
9788120312692
9788120328327
9788120328631
9788120339460
9788120340398
9788120340923
9788120341586
9788120341616
9788120341678
9788120341760
9788120341791
9788120342446
9788120342460
9788120342477
9788120342934
9788120346031
9788120348783
9788120349193
9788120349759
9788120352285
9788121100052
9788121103145
9788121900447
9788121902724
9788121905183
9788121914383
9788121914413
9788121920452
9788121923101
9788121923156
9788121924252
9788121924443
9788121925396
9788121927833
9788121929486
9788121930710
9788121931021
9788121931144
9788121932127
9788121935920
9788121939010
9788121939188
9788121939645
9788121940009
9788121940559
9788121940580
9788121942485
9788121942508
9788121942577
9788121942881
9788121942898
9788121943222
9788122402971
9788122403091
9788122403114
9788122403862
9788122403879
9788122404166
9788122404951
9788122404982
9788122405132
9788122406450
9788122406672
9788122406948
9788122407426
9788122407716
9788122408157
9788122408409
9788122408584
9788122408812
9788122409086
9788122409246
9788122409550
9788122409581
9788122409840
9788122409901
9788122410518
9788122410655
9788122410976
9788122411270
9788122411744
9788122411942
9788122411997
9788122412024
9788122412253
9788122412406
9788122412420
9788122412437
9788122412741
9788122412840
9788122412925
9788122413052
9788122413366
9788122413380
9788122413861
9788122414059
9788122414066
9788122414103
9788122414134
9788122414158
9788122414172
9788122414400
9788122414424
9788122414639
9788122414646
9788122414929
9788122415124
9788122415384
9788122415469
9788122415476
9788122415537
9788122415728
9788122415759
9788122415766
9788122415858
9788122416053
9788122416152
9788122416374
9788122416558
9788122416602
9788122416664
9788122416671
9788122416787
9788122417296
9788122417319
9788122417395
9788122417418
9788122417500
9788122417524
9788122417548
9788122417654
9788122417913
9788122417944
9788122418033
9788122418088
9788122418101
9788122418118
9788122418156
9788122418163
9788122418194
9788122418286
9788122418330
9788122418385
9788122418392
9788122418545
9788122418569
9788122418675
9788122418873
9788122418903
9788122419436
9788122419450
9788122419535
9788122419627
9788122419788
9788122419924
9788122420036
9788122420166
9788122420234
9788122420265
9788122420388
9788122420395
9788122420487
9788122420500
9788122420548
9788122420562
9788122420579
9788122420616
9788122420647
9788122420739
9788122420760
9788122420784
9788122420838
9788122421040
9788122421132
9788122421279
9788122421408
9788122421446
9788122421606
9788122421644
9788122421798
9788122421811
9788122421903
9788122422160
9788122422375
9788122422467
9788122422795
9788122422825
9788122423549
9788122423815
9788122423976
9788122424041
9788122424539
9788122424577
9788122424621
9788122425659
9788122425680
9788122425697
9788122425987
9788122426144
9788122426151
9788122426854
9788122426908
9788122426946
9788122427325
9788122427615
9788122427639
9788122427691
9788122430189
9788122430271
9788122430349
9788122430479
9788122430653
9788122432053
9788122432169
9788122432367
9788122433722
9788122433746
9788122433753
9788122434095
9788122434323
9788122434484
9788122434514
9788122435542
9788122436068
9788122436211
9788122436334
9788122436365
9788122436426
9788122436518
9788122436792
9788122436808
9788122437942
9788122437966
9788122438086
9788122438161
9788122438512
9788122438543
9788122438680
9788122438772
9788122438789
9788122438802
9788122438840
9788122438925
9788122438970
9788122439588
9788122439595
9788122439601
9788122439908
9788122439915
9788122440355
9788122440362
9788122440386
9788122440447
9788122440454
9788122440485
9788122440652
9788122440751
9788122440843
9788122440980
9788122449907
9788122472745
9788123911441
9788123919232
9788123929514
9788125008606
9788125909262
9788125913641
9788125916055
9788125949657
9788126508273
9788126514502
9788126520275
9788126524914
9788126527304
9788126529360
9788126530014
9788126534401
9788126538652
9788126543137
9788126543878
9788126543885
9788126549139
9788126550791
9788126550821
9788126551507
9788126551538
9788126553037
9788126553754
9788126555239
9788126556786
9788126557905
9788126560004
9788126561261
9788126562909
9788126563340
9788126564125
9788126565030
9788126568048
9788126569526
9788126569717
9788126569977
9788126569984
9788126570331
9788126571260
9788126572748
9788126576326
9788126577262
9788126578726
9788126579105
9788126579952
9788127205898
9788129706003
9788130706658
9788131201831
9788131210567
9788131211304
9788131226391
9788131229736
9788131253458
9788131255452
9788131256572
9788131256770
9788131257319
9788131257869
9788131259573
9788131261194
9788131262139
9788131514306
9788131515952
9788131516706
9788131517376
9788131518359
9788131518458
9788131520703
9788131524091
9788131525920
9788131527955
9788131528419
9788131529188
9788131531778
9788131531907
9788131533208
9788131533215
9788131706619
9788131717592
9788131729656
9788131787663
9788131800966
9788131801154
9788131802229
9788131803097
