9798176933063
9788193049563
9789390645596
9788198681508
9780143478065
9788120824065
9789347999116
9788119496204
9788123762418
9789388104142
9789362978646
9789370897410
9789382673637
9789386231109
9788123745831
9788119835805
9789353495763
9789355431806
9788197129377
9789391279752
9789354912405
9788123760162
9788123709260
9788123726335
9789349931930
9789354912030
9788123760018
9789349931633
9788119670338
9788123754543
9788193771303
9789385593024
9788186103085
9789350836231
9789355431134
9788123787145
9789348658715
9789394649736
9789349310100
9789370894822
9789334347098
9788123770895
9789387860605
9789334448689
9789367801079
9789367809181
9788188018444
9789354406386
9788123762340
9788123734453
9789390700059
9789380326450
9789390102709
9789392474446
9789351869627
9780143472292
9789391807924
9789357439343
9788123734392
9789371180207
9789371180139
9788100003885
9788119488070
9789347043239
9789381484111
9789380326191
9788170587927
9788196100544
9788100001816
9789334270693
9788188473596
9798885919784
9798886066029
9788195338078
9788193182390
9781942426080
9788196919863
9789380727042
9789355628961
9789334141535
9788177868913
9789390102402
9798885693639
9788195668885
9789347574535
9789364488112
9788100003769
9788100003616
9788100003903
9789369945436
9788100003833
9789369943487
9788100003633
9788100003626
9788100003862
9788100003722
9789392598746
9788123727738
9798904314859
9789362149541
9789381406151
9788123779973
9789387297449
9788100003000
9789373721757
9789385188619
9788100002323
9788183153157
9789363956094
9788199123748
9789359422022
9789395686402
9789390958771
9788171103164
9788180600166
9789347043727
9788123756967
9788198679154
9781637451946
9781636699387
9788123769691
9781946869289
9789359429731
9789356955516
9789395301671
9788123762272
9788179500637
9789375005520
9789393529725
9788123765228
9788128823985
9789391913496
9789392017018
9789389717075
9789390602148
9788199291805
9789384699390
9789355211101
9789359443188
9788119556762
9789394649705
9788183152464
9789392790744
9789392088209
9788123758404
9788190679664
9789363882379
9789362972217
9780143473565
9789390315185
9789355211651
9789353494087
9788131613696
9798886414110
9789381620601
9789350336595
9788185787794
9788168699038
9780143458036
9788197192036
9788188795048
9789384883225
9789355216243
9789359578743
9789369898671
9789389053838
9788168718449
9788177146547
9788197931628
9788196072667
9788198727541
9788170521990
9789388550390
9788197489587
9788186103051
9788123773322
9789334443219
9789394265509
9788183223478
9788194226321
9788170169536
9788199238626
9788193147306
9788123781792
9789389237030
9780143473572
9789355212559
9788126923687
9788185857404
9788177023114
9789356400665
9788119363599
9798888157411
9788171108640
9788190804660
9789347691270
9789387944190
9789386348845
9789389846492
9789391895990
9788123794204
9788170118749
9788183619974
9788194381013
9788170118626
9789381843031
9788190698207
9789381843116
9789349679481
9788100003597
9789347691119
9789385254512
9798889518174
9788171851218
9789360865504
9788170119524
9788123730325
9788174144058
9789387297821
9788184955712
9789380943725
9788184955866
9789356921917
9789384406110
9780143474111
9788198345196
9789390179503
9789390179336
9789354915048
9798895564349
9781642492569
9788123776392
9789352340972
9789350981665
9789349301931
9788171109333
9788187418498
9788183152761
9788172701901
9798904317812
9788171858088
9789389931921
9789352766116
9788199291836
9788100002867
9789387297869
9798899060229
9788199289543
9789390958726
9788198702869
9789390605903
9798901761878
9788119556281
9788171640881
9789382146483
9788170588580
9788179509548
9789354885686
9789354885747
9789351446040
9789351446064
9788198621634
9788171241651
9788123757100
9789385593505
9789349813168
9798895449295
9788184000689
9788170119661
9788123770550
9788195862658
9789388677257
9789382742203
9788100003050
9788196919856
9789392590450
9788172335595
9789389719895
9788119133826
9789388449410
9789353870126
9789355434531
9789353490256
9789384406301
9788194922537
9789355628626
9789359787497
9789392791833
9789359788036
9789385721328
9788123757414
9789389647648
9788123766041
9788174455383
9789380076201
9789349159501
9788178552439
9789358770353
9789390645374
9788183152075
9788174144133
9789385593253
9789334416541
9788172161774
9788128806124
9788170119128
9788123743158
9788123797229
9789393134585
9788123721163
9789354913464
9788198490216
9789373171111
9789389546361
9788174143358
9788123752815
9788171383115
9788171859771
9788131962664
9798896321187
9789392590504
9788119051014
9780143422150
9789373176796
9789364314961
9789349136038
9789381842805
9789394266452
9788170112488
9788170119111
9788171857951
9789350899618
9789350891827
9789395248877
9789395208901
9789394672727
9789389833409
9788120838178
9788170117810
9789348157607
9788123741642
9788174143495
9789390012640
9789349180468
9788170119166
9788123746364
9789385440939
9788170119500
9780143464037
9789372456158
9788123703817
9789384699055
9788123787619
9788123721415
9788170113720
9788119496822
9780143468509
9780143469407
9788179934715
9781637140352
9789360860066
9789349931770
9788123729480
9780143465317
9788123778792
9789356957923
9788171857494
9788123735504
9781638069249
9788193425398
9788119782802
9788123702520
9789391446468
9789385593307
9789390102792
9788123799995
9789354689802
9788183153881
9788123702414
9788189498542
9789392657306
9780143468271
9788185952833
9789348229410
9788186103444
9789390366958
9789385593659
9789394387676
9789364307055
9788170110507
9788123749310
9789386237019
9788189471620
9789389832389
9788195446520
9789389719901
9789390749126
9788176226226
9789382629436
9788193339732
9788174455413
9788193817360
9789371975360
9788176762199
9798886419283
9789385390845
9788123787985
9788197220272
9789326350686
9789352340736
9788174505814
9789380049168
9788185787596
9789383441457
9788186470817
9789387023284
9788177868890
9788123716671
9789392880346
9789384168391
9788100002866
9789394649682
9788188757480
9788198585837
9788123786872
9789388333412
9788170112563
9788170110941
9789352340149
9789382673972
9788195892709
9789384649715
9780143456094
9788123713441
9788128400070
9789355036278
9789356953000
9789394649323
9788172702991
9788189469351
9789387297845
9789357434928
9798900077192
9798900077246
9798905104756
9789388508568
9789384406547
9789381234839
9798895199770
9798895199749
9788123787671
9789384160063
9788179919392
9789382742302
9788193863213
9788185787626
9789387944343
9789386348968
9789384168117
9788171858873
9789367190555
9789360862800
9788193766798
9788196108250
9788171102181
9789354405907
9789347525445
9789393099792
9789380574639
9788119193134
9789350571927
9788170119593
9788170114000
9788170113041
9788170113058
9788170117728
9788170113171
9788170113423
9788123761329
9789384699031
9788183227681
9789392375293
9789352652983
9788121620758
9788170118091
9788123792026
9788123757469
9788123759241
9789391242831
9780144000425
9789390924554
9789355432308
9789355434104
9789355439468
9788198184474
9780143424956
9780143460824
9789366298672
9788122500073
9789389647570
9789353768355
9789353767662
9789353763428
9789384225179
9789382607670
9788119749836
9789380069050
9789380069043
9789380069074
9789380069678
9789380069081
9789380069005
9789381607282
9789382607717
9788119749515
9789381607411
9789382607694
9789353763398
9789384225230
9789353768171
9789381607251
9789381607213
9789380069234
9789353767655
9788187108177
9789353768393
9789353768331
9789353768379
9789353768294
9789384225216
9788119749898
9789384225254
9789381607268
9789380069036
9789380069029
9789382607137
9789394547933
9789394547919
9789382607731
9788119749393
9788119749041
9789353768256
9789353768317
9789380069067
9788125012399
9788183222631
9788131965061
9788131930557
9789389143744
9789387383456
9788183226615
9789390924981
9788183224031
9788192755649
9798575491163
9780143450009
9789350464021
9789351030447
9789353523435
9789350357958
9789350357965
9789350359082
9789350357972
9789351447146
9789357013994
9788183559270
9798894750781
9789355436320
9788183222785
9789355435019
9788129139849
9788125017226
9780143463856
9789386667960
9789350469712
9788181468024
9789350462089
9789350465738
9781403923813
9788183226950
9788183224260
9788186775752
9788183226738
9788183226752
9788183226028
9789353229719
9788183220507
9788183227421
9788131902394
9780143419235
9788125013006
9788120812154
9780143103974
9789355430304
9788197657740
9789387880030
9789387880016
9781685636456
9788119496419
9788119496938
9788119496815
9788119496556
9789391446130
9789384699130
9789360866471
9788199800168
9788194486237
9788199170988
9788198909992
9789356170025
9788186957448
9789388508292
9789391024994
9789391512620
9788186623862
9789381039656
9788183151696
9788172701000
9788100000699
9788198642684
9789380829173
9788190731218
9789360864224
9789392624575
9789380076713
9788198824240
9788100002991
9788183221788
9788123770192
9788196623371
9780143474128
9788123765594
9788123769042
9788123708607
9780143467199
9789395437400
9788174456380
9789356845879
9789356845732
9789356845909
9788123717562
9788123747170
9781649832139
9788120834392
9788170846581
9789386554864
9789385935251
9789386035042
9789386035059
9789386035066
9789386035073
9789385750533
9789385750601
9789385750625
9789348636065
9798903423552
9788123727752
9788170700500
9788178353814
9789380070698
9789357225847
9780761997801
9789374517680
9789383221165
9781138542655
9789389088786
9788119514311
9789386931283
9780143471349
9798904799151
9789381607732
9788187108184
9789381607244
9789382460169
9780143474135
9789354861635
9788181583536
9788173862656
9788194312321
9788123747538
9788170115151
9788170118169
9788123795515
9788199587595
9789382673774
9788194818298
9783278586568
9788184957747
9788184951578
9788188569465
9780143464266
9780143467038
9789350571699
9788128821967
9789363184831
9789353824679
9781717367464
9798885218290
9788184516920
9789350895023
9789363183902
9781453868652
9789350571125
9798886418668
9788172450533
9789357940139
9789350571118
9789350570098
9781456403935
9789357940146
9789350571835
9798889750772
9789350571620
9788119370924
9781636333533
9781648696749
9781639572014
9789386031440
9781553940425
9789349883956
9789350570760
9789357734547
9789334044645
9788186470022
9788183820622
9789357029117
9789380016542
9789352742578
9789388437950
9789383067565
9788195061716
9788119555819
9789351481904
9788193756881
9798887830407
9789382607120
9788171850839
9789392607523
9789354401299
9789355216168
9780739187340
9788120722392
9789349358119
9789354914478
9788125059462
9789393050960
9789334130515
9789381067680
9788183910088
9788170006893
9798903191178
9789386245779
9789387944701
9781618136657
9788119153138
9789385606199
9780143463863
9788193121757
9788198637536
9789392657290
9788198727015
9788172335496
9789355212603
9788100003253
9789351283140
9789351283348
9789351283102
9789351283300
9788194475934
9788171640812
9789350463666
9789391895839
9789392126673
9788119090686
9788119090693
9789386348104
9780893893125
9789350127544
9788171109821
9789380076744
9789360864965
9788126921348
9788126921355
9788186103616
9789394649897
9789350008997
9789385593789
9788189471958
9788184353686
9789385593918
9789385593000
9789359303529
9788123748801
9789352612611
9789395689045
9789352618323
9789394061309
9788100003910
9788177421446
9789385593475
9788180316326
9788180310355
9789387297456
9789393658746
9788195668663
9789350720424
9789386103739
9789347691225
9789392493096
9788183151788
9789390081257
9789373489353
9789373486857
9788195455737
9788189498955
9788174143365
9789391950989
9788186775424
9798903190959
9798903190935
9798900897387
9798900897479
9781642495317
9780143477419
9788175993181
9788123739205
9789390378777
9780143424499
9789359719849
9788119670970
9788189934149
9798889867470
9789354912689
9781648990366
9789386906564
9798886411492
9789353525019
9788183225991
9789355433497
9789356667815
9789356666719
9780143460305
9789353525644
9780143473589
9788183220064
9788180564505
9789355431448
9788123763590
9789383118793
9788174143938
9788174143204
9789355431264
9788186895375
9789350462454
9798886291087
9789389647488
9789389647556
9789382607625
9789390264919
9788183226578
9788173056314
9789388957052
9789356401143
9789355430694
9789355439024
9789353526900
9789350338995
9788178223490
9788100002990
9789365235210
9788183220729
9789390086870
9789389143225
9788186775462
9788198105059
9789355432438
9798896991953
9798896992714
9789355430731
9788184984453
9789391714611
9789352230006
9789355432834
9789355438744
9789355431721
9789355435910
9789355434678
9788176381161
9789386667861
9789387383258
9789353523602
9788186896006
9789383118779
9780143459552
9789386850416
9789389143683
9789387383548
9788183223287
9788131724217
9788186775479
9788183222297
9788173151644
9789353226817
9789385152641
9788122312188
9788183223928
9788174141996
9788129108548
9789353527907
9789373179407
9780143099802
9789355436474
9788123012766
9789388754446
9789355432780
9789355434708
9788183223881
9788183224291
9789348290533
9789355431325
9788179508855
9789390834495
9789387567573
9788183224314
9788184779868
9789353524678
9789389225846
9789363790308
9789387894488
9789353522537
9789362148551
9789381448021
9788189580872
9789391242015
9788198176950
9789386667182
9789350570982
9788125011118
9788125012368
9789389143690
9789387383890
9789355001702
9789355001719
9789383359141
9788183286244
9789351869474
9789357027328
9788180563546
9788121938716
9788183228008
9789355434227
9789355433121
9788176506601
9788183222952
9789355431837
9789388241113
9780143419983
9789388178648
9789355009142
9789383758593
9789380444727
9788131963043
9789385188107
9789389143577
9789389143669
9789365474947
9789383203376
9789383260157
9789362059659
9788183222815
9788186775486
9789355430175
9788176558914
9788186775172
9789353527679
9788189934873
9789383260065
9788183223027
9788183227513
9789384030063
9780143101666
9789348290847
9789353529543
9788129144836
9788129150509
9788183224277
9789380069807
9788131962596
9789389225006
9789389225051
9789389225044
9789389225099
9789389225013
9789389225068
9789389225020
9789389225082
9789389225037
9789389225075
9789381626573
9788174143914
9789370035898
9789381690574
9788195191970
9789391004583
9789348521224
9788123910444
9789355433541
9789355437464
9788125010883
9788184979558
9788183223164
9780190131579
9780804842914
9789361032059
9789362054012
9788122312270
9788181465955
9798886412086
9788129114112
9780143425250
9788183225373
9788184983098
9788186775295
9798901362457
9789355208019
9789355433688
9789387894877
9789389143584
9789362136435
9788131953228
9788183222778
9781648992087
9789355430977
9789355432810
9788183222945
9781646784677
9788125010876
9788131900970
9780143462033
9789389143706
9789387383531
9789388754248
9789351444466
9789351441397
9789354889363
9789388241519
9789381781685
9789350337431
9788119216215
9789389647280
9788173175503
9788176559911
9789375443728
9789355554062
9789355554079
9789355554086
9789355554093
9789355554109
9789355554116
9789355554147
9789355553225
9789355553249
9789355553263
9789355553331
9789355553348
9789355554178
9789355554185
9788181463456
9789348521972
9788184973723
9788184973727
9788183222181
9789381626788
9788183227810
9788129105578
9788176935357
9789390085668
9788183225908
9780143101574
9788186775905
9789350719985
9789382618201
9789390292950
9789815233643
9789352768295
9789390292547
9788192755632
9788183223942
9789355208460
9788181463524
9789390834068
9789388304719
9789363799158
9789394328310
9788131911624
9789361318153
9788123748092
9781684872756
9789384168353
9789387297968
9789334071580
9789391439453
9789384168872
9789350008096
9781685238605
9788170196693
9789354403729
9789387303874
9788190679633
9789394758759
9789389225945
9788170351993
9788123750668
9788119541249
9789389719925
9798887494579
9798887494487
9798887494869
9798888497869
9788171640751
9789356667976
9788121908115
9789350584873
9788123768656
9788123717197
9789385721205
9789383575985
9789348256447
9789356740839
9789325987630
9789359302904
9789359302225
9789359309309
9789359309576
9789359308555
9789356742819
9789356742840
9789356742857
9789356742864
9789356742871
9789356742888
9788125953371
9789359305325
9789352593750
9789352593767
9789352593798
9788119072224
9788123770420
9788171640287
9788189403065
9788123731438
9789352719617
9789352719648
9789352719655
9789352719662
9789350597392
9789350597422
9789392976216
9788189847845
9789392976223
9789359422244
9789392957222
9789352633180
9789352633227
9788173799129
9788187418375
9780143463474
9788199454958
9788181436047
9788190598477
9789387918818
9789350124567
9789390389025
9789390389018
9789380574530
9788125059714
9788194492856
9789351438267
9789354885563
9789354885570
9789354884047
9789354884382
9789354884399
9789351444480
9789351441649
9789354885587
9789385189685
9789351441380
9789387766563
9789355218490
9789354884269
9789354884276
9789354884252
9789354884375
9789354884238
9789354884245
9789354884351
9789354884313
9789354884344
9789354884320
9789354884368
9789354884306
9789354884337
9789334229714
9788123781907
9788125040675
9788120828964
9788180315220
9788121906524
9788171248285
9788174534675
9788171240333
9789350002773
9788121231435
9788121231442
9788172338930
9789352340781
9788192755625
9789381448069
9789388677318
9789350460788
9788100003729
9788174143037
9788174142818
9789380070377
9788100000558
9789347509223
9789364484046
9789364485739
9788170770039
9789357940306
9789377375744
9788181293589
9789391640231
9788192512686
9788183153706
9789355623102
9788100003030
9788100003638
9789364487122
9789383430246
9789350339121
9789369520725
9789384168368
9789364488136
9788100003754
9789334032222
9789386554611
9788183619769
9788171856411
9788174453983
9788174532848
9788170110095
9788123745398
9789382443414
9788174143723
9788100003951
9788183152839
9789387297913
9789384168698
9788187032175
9789386594921
9789391714093
9788174143013
9789350834831
9780143473596
9788175054615
9788123787121
9789362971487
9788170114857
9788170119890
9788189750404
9788189750589
9788170114864
9788170117322
9788170117704
9788170118336
9788170118343
9788170118770
9788170118992
9788170119067
9789392573446
9789382443490
9788174143785
9789391640958
9789391640255
9788188629077
9788188629060
9789387297289
9788123703343
9789355213730
9789391446536
9789387297173
9789385593987
9789384168643
9789350337011
9788186103227
9788193935521
9789352875535
9788126940097
9788126939534
9788194104483
9788194104490
9789391446284
9788100003728
9788100003750
9788183151177
9789377376956
9788174141422
9788174141415
9789394871694
9789347043215
9780143451419
9789355483874
9788189471125
9788123786902
9788199006126
9788173580130
9789391622107
9781715344467
9788189471811
9788172702359
9780193403642
9788100001645
9789354403088
9789362145468
9788195648306
9788189471149
9789382629122
9788189471552
9788174878137
9788123707679
9788194630227
9789389807455
9788174534590
9788189471279
9788189471507
9789355032485
9788123739151
9788183151283
9788193992227
9789389082685
9789355573551
9788123723433
9789354071461
9789353494995
9788168802919
9789373171517
9789373174341
9789360452544
9789383111497
9789350480731
9788189750244
9788168553231
9789347265921
9789347125966
9789350480700
9788170113843
9789352668021
9789351863236
9789360861414
9789391242046
9789385390968
9789385390920
9789385390937
9788199930308
9789385390852
9789384699284
9780670094714
9788197739514
9789349928657
9789360863999
9789386300218
9788192669038
9788196987060
9789350484593
9788100000271
9789353497422
9788123709444
9789351364948
9788123701929
9788171859900
9789386823281
9789395437257
9788183901598
9788171242320
9788189076801
9798885309554
9789392374432
9789360865375
9789359100470
9789359100494
9789352203413
9789371180894
9788186103562
9788131609828
9788123778693
9789350643471
9780143465836
9789359443591
9788185952260
9789359426761
9789353490188
9788125044536
9788125044543
9788125044550
9788125044567
9788125044574
9788125044581
9788125044598
9788125044604
9789352340156
9788181466259
9789394851139
9788171853151
9788123755083
9789377375829
9798885039093
9789358750034
9789362104311
9789391598563
9789385721250
9798903425211
9789380676944
9788123786841
9789385223808
9789390958481
9788172336127
9788123752488
9788170520634
9780143461715
9789387889965
9788171194711
9788171194728
9789387155169
9789390102839
9789348521422
9789394833890
9789364484572
9788100003844
9788100003908
9788100003792
9789392374913
9789394265387
9781638507611
9789390958290
9788189471224
9789352100996
9788123731308
9788189955113
9788189996116
9788179309483
9789381842553
9788123737614
9789360862879
9788122507942
9788199796171
9789381189580
9789360864484
9788197424298
9789381843406
9788175974760
9788100003579
9788100000850
9788174142092
9788174142788
9789358562118
9789390958443
9780143478393
9788179509241
9789355259103
9789309417870
9789309417849
9789395686396
9789394265707
9788130925653
9788130925660
9788130925684
9788130933474
9789394649903
9780143465423
9788170115144
9789347354236
9789387696037
9788196301231
9798902966234
9789389840089
9789390102266
9789359420417
9780143421405
9789348497079
9781638325161
9788171858811
9789386025432
9788123743738
9788199128095
9789355035264
9789374070376
9789352340408
9789354406751
9789354407253
9789358562347
9789358564228
9789358569773
9789358568936
9789358563184
9788179913147
9788170520573
9789363749993
9788199748859
9789352203390
9788126320974
9789395689694
9789388183413
9780143475347
9789389181210
9789381464519
9788100001635
9789358561692
9788121106948
9788121244558
9788121244565
9781613017203
9788100000147
9788192795287
9788128805943
9788190568975
9788227893698
9788186700617
9788187418863
9788182749207
9789360866488
9788170521211
9789356505148
9788196304782
9788194459743
9788173570629
9788126031191
9789372480344
9788171858187
9788168669703
9788119118090
9788195979257
9788171858521
9788198034472
9788171855650
9788193886663
9789389184181
9789347357695
9789348643292
9789348658135
9789348658371
9788193108444
9788170110118
9789395301695
9789359420547
9780913215029
9789394649668
9789384168377
9789394649521
9788172336349
9789387297722
9789387297357
9788100003009
9789391446918
9789391446932
9789350027196
9789388043649
9788123747293
9788171641284
9789359199320
9789353221621
9789350765005
9789386348623
9789358478198
9789389237177
9788123717982
9781647837280
9788170118411
9789334392210
9789387944459
9789387944039
9788184954739
9789364683739
9789361890925
9789358101621
9789373594132
9789381406878
9789359441436
9788194767749
9789352103010
9789359661049
9788100003790
9788195499854
9789355381651
9789355381576
9789391505042
9781639743049
9789355381910
9789355381828
9789391505912
9789373598543
9789349180437
9788123764832
9788189471835
9788123703534
9789353878658
9788171850563
9789392829567
9789360866235
9788193936504
9789386771391
9789372480115
9788123777382
9788186304372
9788170119845
9788195203918
9785050014924
9789388134323
9789355438218
9788199952355
9789362101372
9788199123793
9789391547202
9788199333949
9788123781730
9789348521330
9789364444972
9788193473603
9788194959113
9788193473641
9788119193585
9789391640101
9789353871079
9798888499696
9798888498972
9798888499689
9798888499368
9798888498682
9798888499214
9798888499849
9789363184756
9788188554317
9789350728505
9789380146423
9788172338374
9788172338398
9788123930282
9798889096115
9788100003015
9789354803413
9788119798469
9789380336824
9789362143327
9789374998137
9789358562262
9789395268394
9788186103746
9789385445668
9789385593628
9788121617175
9789395248839
9789384406165
9788188756421
9789385593130
9789391446796
9789387297005
9780143468202
9788196024413
9788186103777
9788171851270
9798905405396
9798905405341
9789390961900
9789395416337
9788184952667
9788184951561
9789382841241
9780143467502
9789360860233
9789384406721
9788123752150
9789390183517
9788199502598
9789356956919
9788179919682
9788119556755
9788194932314
9789354401695
9789391446765
9788192889962
9789355622006
9789357764636
9788170112952
9789394017559
9788123773261
9788123745817
9788123766959
9789384406141
9788100003008
9789358860689
9789385719011
9788195352913
9789383441495
9789352340859
9789371430913
9788100003005
9788186336885
9789381620793
9780143478416
9798892775205
9798894463650
9788197045424
9789349362468
9789390924936
9789381620571
9789386300317
9789380076645
9789388865814
9788170112372
9789388241724
9798887723402
9789355216052
9789392017094
9788170112006
9788123732039
9788170113089
9798902316565
9788183530651
9789348157768
9788124112908
9788124112830
9788124112878
9788124114919
9788124112892
9780143473459
9789348157317
9789377370107
9789347043987
9789394668881
9789394668850
9789394668843
9789394668874
9789390602773
9789390602698
9789390602612
9789390292714
9789390292745
9789390602759
9789390602674
9789390292738
9789390292721
9789390292707
9789392598401
9789388810555
9781613015513
9788184514162
9789366312446
9789387297586
9788183530682
9788123782058
9788123766652
9788123781785
9789389243192
9788131962589
9789385593796
9789389665154
9788195088201
9788123767024
9789355219725
9788186103753
9789385593468
9788100003017
9789384168629
9789394649484
9789384168261
9789392590320
9789348736253
9789371182294
9789392624865
9789355718303
9789380280110
9788131801093
9788178693330
9788170287926
9788171852512
9789348580771
9798888839003
9788123777337
9789391940065
9798889867326
9788172700515
9789389665161
9788193279403
9789349574168
9789362054340
9789372444636
9788177868456
9789359578699
9798897779857
9789393465238
9788123798219
9789360650308
9788199372276
9788170700524
9788189302412
9789393853424
9789390958580
9789392590511
9789381843352
9789354912412
9789389053517
9789373592879
9789392374159
9781138744738
9788170115311
9788123704265
9788178693538
9789350642672
9789348497642
9788187507680
9788123773568
9789356955943
9780143459576
9788170110071
9788123738963
9788193516027
9788184352047
9789383723072
9788194241447
9789381588932
9788131600054
9788197248719
9789353224141
9789392209956
9781942426653
9788126920211
9788126920204
9788196737573
9781638502753
9789377379759
9788184954814
9789394607415
9788123704067
9788199067806
9788170521709
9789385254055
9789389061864
9788122508062
9788119685165
9789389104349
9789389104363
9788193788516
9789394649460
9788123758305
9788193436288
9789395416566
9789360458515
9788199074897
9788188643936
9788123743165
9788123762050
9788123703657
9789350338483
9780143474142
9780143460015
9789360868765
9788121106047
9789380885054
9788187798798
9788194843948
9788170196815
9780230635043
9789393529459
9789360456832
9788119166817
9789356956100
9789355433879
9788123765792
9789383284412
9788172701147
9789353870348
9789353870249
9788186099735
9788183214094
9788186099810
9789382264224
9789389931174
9789349365513
9789353492304
9788193409084
9788188795079
9780143453635
9789386345233
9798898546526
9788183455749
9789395686105
9798894463681
9788189471408
9788178236230
9789382629269
9789383721535
9789390081752
9788185891385
9789350002148
9788123776514
9788126727421
9788126727425
9788190598491
9788168554740
9788197137440
9788100002865
9788100000557
9788185787923
9780143474159
9788100003911
9788185787565
9789349159471
9788123730707
9789348256799
9789356957626
9789383623303
9788170118022
9789364481502
9788100003726
9789380049977
9788123751368
9781646504152
9788123723273
9789362707826
9788171829064
9789381917299
9789386345776
9788171014507
9789354915628
9789363465473
9789385915116
9788170113454
9788100000654
9788179509388
9789392803406
9789386473295
9788183227261
9788172339630
9789380556130
9789385485473
9789387655324
9788123704166
9781685635626
9798897244157
9789353388638
9798890264411
9789389225532
9789380816883
9788122123203
9789389178241
9789354400902
9789389178302
9789354400742
9789354400759
9789389178272
9789389178265
9789354400766
9789389178319
9789354400858
9789389178425
9789389178258
9789354400773
9789389178296
9789354400827
9789354400834
9789354400087
9789389178326
9789389178289
9789354400841
9780007415625
9780007415649
9789354400155
9789390602834
9789390602933
9798891862616
9789391750206
9789391750107
9789391750114
9788197341519
9798886841787
9789359573946
9780143457602
9789391019730
9789390366491
9789350361016
9789384858063
9788184692983
9798886677874
9789384699185
9788170190547
9780143470410
9788199133891
9788100003880
9788100003896
9788100003734
9788100003815
9789386850720
9789385152528
9789381607985
9789350121443
9789350464649
9788184973969
9789386850782
9789349928442
9788100002993
9789384030537
9789354688102
9789354688126
9789354688140
9789354688171
9789354688188
9789354687884
9780143103332
9789395073776
9789355432292
9788183226011
9789355205889
9789386224491
9789382608264
9788176558570
9798176933079
9788176556538
9788184770278
9789355432032
9789355433411
9780143460893
9788183227025
9789355433350
9788183224505
9788183223959
9780143462040
9780143418498
9789390918225
9789381608234
9789355432490
9780143101895
9789391855543
9788183502580
9788183502474
9788123707655
9789388241526
9788183222693
9789387918627
9789354883088
9789357157896
9789327196825
9789351415671
9789351415497
9789351416234
9789351416166
9789351416326
9789351416173
9788119689200
9789387320512
9789387320529
9789387320536
9789387320543
9789387320550
9789387320567
9789387320574
9789387320581
9789354776755
9789351444305
9789351447221
9789355016249
9789388030151
9789348203663
9789348203199
9789387444638
9781638323051
9789386850232
9788176933414
9789388241762
9789353529352
9789393088741
9789391569716
9789348625076
9789391569815
9789391569457
9780825686160
9780706484373
9789394900301
9789391004620
9789393088000
9788185495279
9789389143751
9789355435057
9788125013013
9788119665464
9789362070074
9789362078896
9789362079992
9788119665891
9788119665167
9789362074065
9789362071194
9788119665839
9788183226288
9788186775592
9788121620857
9789355431592
9788183220200
9788183225687
9789373172408
9789355431400
9789369626922
9788178692852
9789355436887
9789355439550
9789350465912
9788123781983
9788193432099
9789380326795
9789383118762
9780143462057
9789395073233
9789388754507
9789370891364
9789353527051
9789353528225
9789355438584
9780143068068
9798895417836
9789334062199
9789355439833
9789387383739
9789357361392
9789357365178
9789391282066
9788183223768
9788170259401
9788170289401
9788194838142
9789387644960
9789350468418
9788195816071
9788195816064
9789354919718
9789327198546
9789354888885
9789354881169
9789364447515
9789354495724
9789355561046
9788194049449
9789367136454
9789361594342
9789354778261
9789354779053
9789390744107
9789349262805
9789355218766
9789388107365
9788192549729
9789392803932
9789348658531
9789356956766
9789391446024
9789390958122
9789389643237
9788123786964
9789395301725
9788123757230
9789385958144
9789377379797
9780143473602
9789355625359
9788174456731
9789380917030
9788100003076
9789390081325
9788120807037
9789360860172
9789385593451
9788171859146
9789393739452
9788124607350
9788194861737
9788189471859
9788123791777
9788186470381
9789380592923
9780143481812
9788189750237
9789334194173
9788183150064
9781942426820
9789389807431
9788123751504
9789373170435
9788174143426
9788185990392
9788100003768
9780143481263
9788195524105
9788183456692
9789392590610
9789353495114
9788172336615
9788172009007
9789392420269
9789392420344
9789392420429
9789392420504
9789392420665
9789392420740
9789392420054
9789392420016
9789392420634
9789392420627
9789392420689
9789368938712
9789392420696
9789392420702
9789392420719
9789392420764
9789392420771
9781916321144
9788123757766
9788199234451
9789352965625
9788183151139
9788189699987
9788184469103
9780143474166
9788123747187
9788123791760
9789349186064
9788123722498
9788123729497
9788123759715
9788123746432
9781613017234
9788170117179
9788176212410
9788131962671
9789356501997
9788170110156
9789384168100
9789380114187
9789364484602
9789391598570
9788100003664
9788199356085
9789392374258
9780143478003
9788195171156
9789354407222
9789352340828
9788100003890
9788100003966
9789380827537
9788100003952
9788197278051
9781648287305
9788123797465
9789386731227
9789394646995
9789359100074
9789382276128
9788123786896
9788123795492
9788189796686
9789356959361
9789390702541
9789388757218
9788195950225
9789350123256
9788174878380
9788178245294
9788178242606
9788170110149
9788170113287
9789385610004
9789385610011
9789385610028
9789385610035
9789385610042
9789385610059
9789385610066
9789385610073
9788170112389
9788123718378
9788100001937
9789353240608
9789380386560
9788183563703
9788183151603
9788182967106
9788182967120
9788182967090
9788177397208
9788182967113
9788186336151
9789395437509
9788100003874
9788123752006
9788100003895
9789364481649
9789386867865
9789360862459
9788179506455
9789380326672
9788100003362
9780143467267
9789352535347
9788178127392
9789354776403
9789352835621
9789355010575
9789355010650
9788183892377
9788183893848
9798885306409
9789392624537
9789382629429
9789387297616
9789356507555
9789391100889
9789390485932
9789391100766
9789356135680
9789356136021
9789356136083
9789356135703
9789350124772
9789350124642
9789350954294
9789350954324
9789350954331
9788125022640
9788125022657
9788125022664
9788125022671
9788125025597
9788125025603
9788125025610
9788125025641
9788125025573
9788125025580
9780143473619
9788198345790
9788196631352
9789384872397
9789384872557
9789385750588
9789384872328
9788131808115
9789351380214
9789351380221
9789351380238
9789357672252
9788100000273
9781638502005
9788170113829
9789348157416
9788123757759
9789384716561
9788170113744
9788123717111
9789356660007
9789356660014
9789356660052
9789385683183
9788170114376
9781647834166
9781647832735
9788182745803
9789395686112
9789359429274
9789348970428
9789357365697
9789357360814
9789357361033
9789357361057
9789357363709
9789357360968
9789379386502
9780143470731
9788123753713
9789365818543
9789355625946
9788184541052
9798889355434
9789391569037
9788196404697
9789373592275
9789389573237
9789356811034
9788123726045
9780231178303
9789380318547
9798885750196
9780143475446
9789334141412
9789390315581
9788123757254
9789392126857
9781942426257
9789382711469
9789347138423
9788119478767
9789388333474
9788194864974
9789385492464
9781009400619
9788183222860
9789388141833
9789390474547
9789392512674
9780143478782
9788123761732
9798889750529
9789384376567
9789374736722
9789381448496
9789381448830
9788180690310
9789355576040
9789355576002
9789355575968
9789355576033
9789355576026
9789355573476
9789391126445
9789355578310
9789355579157
9789386799944
9789350002377
9798885215015
9781639043125
9789384699444
9788197275289
9789391061944
9788179309094
9788179308257
9788194277101
9789354886119
9789386300324
9788179759912
9789390187997
9780641847042
9789352231171
9789325290631
9789352032761
9788183151269
9780143478058
9788171921157
9788183895521
9788183895866
9789369633173
9789356509047
9798894753522
9780302170670
9788181293817
9789380076249
9789348555168
9788170118763
9789350790656
9788171858934
9788172334277
9788172334273
9788185425658
9788174534323
9788174140227
9789351862994
9789388810487
9788119007752
9789349227095
9788199291843
9789350336571
9789374114377
9789375498247
9788168699939
9789347035500
9788119745685
9788171107353
9789390825912
9789352200511
9789354689789
9788123754697
9780143457176
9789394710474
9789380661346
9798895195192
9798895562826
9789384168612
9789380829302
9788183154758
9788100003609
9788100003905
9789380326696
9788100002989
9789347216060
9789348736437
9788171564606
9789353493844
9789390081516
9789348658869
9788170288992
9788179913185
9788194937142
9789350643457
9788123755076
9788197045417
9789389143904
9788183890151
9788183890168
9789387644946
9789373173757
9781513695525
9789348584694
9789374134726
9788196087920
9789393099525
9789381016879
9788131963067
9788121914383
9781685233037
9798885697248
9788100003058
9788187418481
9788187418900
9789350480571
9788197924712
9780190137236
9780190137656
9789354975349
9789354975356
9789355951045
9789355355562
9789350120774
9789350125908
9788178126111
9789350120798
9781947586857
9789353490119
9789387383579
9789355430922
9780143440758
9788199720497
9788183222709
9780143467496
9780143447580
9789389647587
9780670097319
9788198200358
9789354898976
9789360451479
9788129144935
9789389143126
9789390924776
9788189955076
9789354688096
9789357202282
9788188805389
9788131907122
9788180563515
9788125051138
9789373177403
9789355432919
9788172613846
9789362393326
9788123702575
9789355203045
9780143464341
9789388241823
9788183226202
9780195649116
9780143471387
9789385152535
9789361310560
9780195648195
9789354975844
9780190120955
9789361036842
9788186877340
9789355010391
9788180140778
9789350128435
9789389573800
9789350123492
9789363467798
9789357941686
9789357941662
9789357941693
9789357941655
9789357941679
9789350125748
9788178123707
9788178121352
9789389573817
9789350125380
9789386634023
9789386634016
9789386634009
9789386629098
9789387949393
9788170007159
9789389573794
9789357154802
9788121617987
9789370027855
9780143464242
9789354801952
9789381384398
9789348643070
9788171859726
9788189750428
9789387471863
9788100003784
9788128803680
9789385995026
9789387225077
9789356879751
9789359571270
9788196043360
9789358562354
9780143467472
9789369589142
9788173156250
9789352203680
9788193992081
9789388333887
9788189955083
9789384535759
9788119556250
9789384149734
9780144001576
9780143473626
9789356951501
9788175994522
9780143471233
9789358917413
9789356402539
9789393232922
9789393232588
9788199713307
9788180530258
9798888499108
9789386820532
9789349965140
9789390378937
9780143475750
9789390749904
9789334239294
9789354427077
9789354426650
9789354429262
9788125049968
9788193943526
9788194572022
9789348561305
9789356955912
9789348561336
9789395268233
9788119478675
9789348658944
9780143458845
9788119193462
9789373017297
9789373010465
9789377139018
9789373016795
9789309242694
9789373016627
9789309240362
9789377135614
9789367473443
9789367477601
9789377133153
9789377135195
9789377134112
9788119737949
9789389225921
9789348561756
9789391634339
9789350466766
9788173040504
9789391446994
9789349941175
9780190136345
9780190136369
9789361032400
9789361031311
9789361032714
9789367258583
9789367252499
9780198076407
9780199472222
9788173615061
9780199474301
9789354975837
9780190127879
9789373745077
9789384406776
9789355430236
9789381608210
9789387894297
9789390085439
9788184776683
9789358111477
9789350337264
9789356965270
9788123734910
9788120823853
9789389143034
9780143064312
9788180564512
9780143460923
9780143460947
9788192921761
9789383721429
9789353525361
9789350337448
9789353527273
9789355430465
9789351869863
9788183226929
9788131901052
9788131965115
9789358861198
9780143460954
9788183227957
9789355432018
9798885550598
9789370897106
9788183761352
9788123752242
9789390085187
9788174143455
9788174143976
9789353525576
9789352230013
9788176556545
9789388691086
9789388691093
9789389647303
9789380298757
9789380298641
9788187542032
9788176556781
9789353525316
9788183225885
9788183226974
9789389143720
9789387383470
9788183220651
9788186351482
9788170219378
9780143471356
9788126702701
9788176554879
9780143103882
9789355433848
9798176933055
9789386454935
9789327217292
9788123792507
9789360329037
9788181469083
9789395073783
9780143063254
9788195443864
9789354423109
9789350480557
9789350480540
9789350468647
9789350125984
9789350126165
9788131933367
9788131900697
9789351038696
9789351039815
9788184774689
9788176554329
9789352750764
9789392210389
9788183222143
9789355438690
9788183224321
9789350484791
9788173157714
9788173157691
9788173157707
9789353527938
9789387383920
9788183224338
9789353173265
9788183224246
9788183220095
9789382716747
9788188808052
9789392178092
9788131907108
9789389403428
9789369622818
9789389403749
9789351865575
9789386300867
9788170215950
9789369626052
9788183227469
9788183220354
9788183222495
9788131909171
9788181461490
9788184955170
9788183227070
9788170233138
9789352662746
9789350335062
9789350335093
9789388304528
9789350338490
9789350338476
9789350339084
9789350334874
9789350335109
9789350339060
9789389643046
9789389643084
9789389643060
9789389643022
9789388304580
9789388304597
9789350339107
9789388304573
9789350335079
9789350335086
9789350339145
9789350335116
9789388304795
9788198184443
9788125008293
9789350336632
9789353522131
9788120821026
9789355573490
9789355573506
9789355573520
9780143414513
9789354091537
9788131610145
9788125053606
9789384343736
9788175418356
9788183223867
9789355433480
9788129113597
9789387578685
9788180564161
9788180565977
9789392820458
9788131754207
9788186775103
9789355432506
9788183226127
9788194238645
9789353528164
9789355430724
9789389225877
9789353527020
9789353526382
9789386231888
9789353520182
9789355431141
9789355996640
9789350641323
9788180566301
9789355433527
9789355435378
9789389225761
9788183227223
9789384850876
9789358772432
9789351673132
9789354097645
9789354097621
9789354095528
9789354093470
9788123018591
9789354098017
9789354092190
9789354091773
9789354096747
9789354090370
9788123031606
9788123032047
9788123032290
9789354092091
9789354091445
9789354096785
9789354093418
9789354097065
9789354096754
9788171672264
9789382842811
9781637810637
9798894987538
9788183226134
9780143100317
9798894989280
9788194736004
9789378184185
9789360344436
9789374677773
9789374676325
9789374678480
9789371531962
9789374675755
9789374679944
9780143460862
9788180566974
9788194136330
9789387333437
9781666413489
9788184469660
9789356956827
9788123716251
9789392820687
9788123758626
9788123772356
9789373176215
9788173862038
9789348561206
9798890671684
9789391160562
9789391160616
9789391160623
9789391160630
9789391160647
9789391160692
9789364810692
9789364819091
9789364811668
9789364817400
9789364815192
9789364813037
9789364817462
9788100003073
9789367716038
9788197079955
9789357795678
9788126716630
9789394646391
9789390749867
9789386652492
9789386347268
9789392590627
9788176224635
9789395301664
9789348561664
9788100003053
9789386863423
9788100003871
9788123708515
9780143473633
9789373175010
9789354913136
9788123718026
9788123798202
9788123728773
9789381843215
9788123749303
9788188757459
9789393498847
9788123756127
9788126317899
9789353493523
9780143064169
9789347138393
9789352668212
9789390958139
9788174456366
9788197440809
9788197481420
9788119989362
9788123769738
9788123758145
9789392880575
9788100001651
9788183152785
9789392880612
9788193462119
9788183154666
9788194078708
9789355431813
9798887830445
9798887830377
9788123760070
9789380244778
9789353495121
9788198621658
9788175973114
9788175973121
9788175973138
9788175973145
9789387893900
9788171242641
9789354915543
9789381588994
9788120825307
9789348521002
9788123742939
9788189471040
9788189471873
9789384406509
9788187418696
9788187418436
9788183150644
9788170112310
9788123713748
9788170110125
9788170110330
9788170110583
9788170110903
9788192361840
9789389178142
9789389178135
9789384406561
9789382885836
9789354423864
9798889098386
9788185990422
9789386329837
9788123735207
9788194104476
9788123797434
9788123760032
9789392590351
9788123726298
9789360863494
9789384699000
9788171857029
9788123793023
9789355218131
9788183152419
9780143481324
9789384920838
9789384920852
9789384168605
9788199435865
9788171640836
9788184013887
9789390461189
9788192496757
9788192496771
9789390064434
9789391629137
9788174143396
9788171850976
9788173098574
9789382276616
9788179913154
9788123714325
9788170114512
9789388449045
9789377370039
9789347019531
9788119577675
9789363185968
9788123771861
9789360867973
9789370897984
9789389178791
9788119623006
9789355485854
9780143476276
9789347940309
9788123780665
9788174878304
9789386824363
9788123705811
9788119743247
9788100003978
9789387297906
9788100003368
9789394977631
9789350643006
9780143061922
9789367835555
9788171640664
9788171640669
9788190717397
9788189471668
9788190717366
9789380748009
9789380748054
9789380748030
9789380748016
9788125057512
9789390384693
9788189471590
9789388684095
9789391061920
9789369589067
9788123794297
9788123755328
9788189471897
9789391418762
9788189471200
9788190777032
9788189471576
9789387919273
9788189471071
9789380076331
9789348658937
9788195461332
9788199457652
9788170118794
9789383284054
9788123709253
9789351249924
9788123734088
9788194395805
9788174144324
9788123759432
9780143474173
9780144000968
9788100000148
9789394829381
9788174142276
9788189485184
9789390818785
9789386463708
9788100003274
9788100003870
9789364481106
9789380592381
9789391598129
9788175054400
9789352208265
9789389567151
9789363232938
9788121620796
9789355217295
9788195007684
9789369209224
9789369204632
9788132102229
9789350981047
9788194897804
9788124204894
9788123759647
9788195179091
9789392820854
9780143101888
9788123781341
9789355481757
9788124204900
9788184191325
9788184191356
9788174452498
9788174455437
9788174455406
9788174454201
9788174455529
9788174455512
9788189996147
9788173041839
9789352340071
9789354860140
9789382276104
9781666413472
9788119577958
9788100003972
9788170118350
9788170110163
9788170110347
9788170111702
9789369942398
9788121238816
9788121238823
9789392202919
9789383737062
9788123716756
9788171855605
9788198985798
9788179918982
9788198681560
9789385223761
9781637813799
9788131726037
9789371366878
9789371363143
9789371366724
9789371366502
9789356064591
9789332538528
9789332581555
9789371362122
9788123719863
9789354912382
9788170118558
9788170113614
9789367192535
9788123705675
9789360860271
9788170118787
9788123786957
9788123701912
9788198637550
9789377303525
9788170119050
9788189833893
9788123707600
9788196237578
9788185504063
9788131962534
9780143102601
9789395416368
9788100003016
9789389931679
9789389931662
9789389931686
9789389931693
9789389931709
9789389931730
9789389931754
9789389931716
9789389931723
9789389931747
9789389931761
9788197630477
9788182966369
9788177394924
9788182965256
9788182965522
9788182965188
9788182965454
9788182965263
9788182965539
9788182965195
9788182965461
9781009442466
9789356503137
9788179509302
9788126702718
9788173044984
9788175992894
9788195104512
9789387297739
9781639579600
9788120821460
9788120821415
9785758855430
9789393456670
9789354801341
9788168543126
9788131269718
9789354803277
9789382629412
9789360861667
9788189750046
9788123750422
9789384699239
9798898260972
9788123723280
9788123720029
9780143476290
9788199587571
9788123776538
9788170705635
9788170705642
9788170702702
9788170702719
9788170702726
9789357553629
9789353599423
9789355381309
9789355381330
9789391326197
9789393985743
9789384699246
9788170118947
9780143474180
9781947429765
9788186211595
9788123734309
9788171248766
9789353490072
9788173293108
9788196688578
9788197042881
9789360869762
9789355334275
9788123777924
9789360860561
9788119020119
9788100003832
9788170119722
9780143474197
9788121107365
9788100000098
9789389184082
9788123754680
9798888692387
9789391598303
9788119556335
9798888692424
9789384087319
9780007415465
9780007415472
9789384087258
9788171641277
9788178246628
9788119436156
9789348138743
9789359579252
9788198011237
9789389624557
9789393285256
9788170228011
9781108416139
9789359440392
9788121908962
9789354803949
9789354804625
9789390035038
9789356955684
9788100002330
9788194973867
9788195968121
9788195968138
9788195968114
9788195995875
9780670099924
9788194000938
9788194000945
9789371975810
9788123754987
9789386546913
9789389152111
9788123768250
9788181437006
9789354860225
9780143474203
9788183152733
9788170552087
9789357769389
9789353495329
9789356957848
9788171858026
9789355437785
9789350360996
9788178120119
9789391446338
9789350126424
9788190830591
9788131803653
9788185002750
9789384285876
9789391547004
9789334184396
9789355214607
9789357796965
9789362059130
9788198505545
9789347604225
9789394649330
9789392474408
9789385593581
9788188683154
9789390958634
9789354889509
9789390900466
9789355217868
9789395437042
9789385858918
9788177869675
9798903925360
9788123780771
9789364444224
9788121505697
9788183762052
9789394168916
9789381843376
9788190598453
9789381843192
9788187322931
9788121908795
9789382629283
9789385593697
9789392590436
9789381907900
9789383158317
9789362754202
9788190419208
9788183150033
9789390081738
9788189471774
9789380550473
9789347691379
9788187418641
9789387297142
9788186103006
9788131610152
9789381448014
9789359574226
9788188479917
9789382629214
9789347094606
9780143474210
9788174533548
9789352340897
9788199333994
9798885750301
9788199444102
9789391893910
9789349965812
9789354914423
9788123773155
9788171857173
9789385385742
9788183150408
9788183150767
9789348960115
9788123779799
9789374438077
9788192549736
9788192549712
9780143474227
9788120775268
9788189471903
9788195273294
9788189471989
9789389237023
9789374262368
9788175977280
9788124611463
9789360861735
9788183150538
9789381620342
9788194932802
9788175254848
9788170520726
9788189485191
9789389832136
9788123764801
9788174143693
9788174143235
9788174143242
9788123753973
9788170582144
9789352201563
9788123777368
9789386365279
9788180313677
9788197443428
9788191056952
9789383774203
9788189471682
9788170552567
9789387648852
9788195977369
9788170703860
9788170703822
9788170588641
9788170589778
9789352100071
9789352100279
9789381769133
9788179509562
9788198621672
9788100003973
9789380661407
9788119099528
9780143476306
9788170119913
9789386689092
9788173570896
9789392573408
9798889090878
9789392420597
9789392420672
9789392420757
9789392420917
9789392420993
9789392420184
9789392420832
9789388144193
9789392420870
9789366298139
9789391214531
9788123753867
9788190403494
9788185127279
9788171194353
9789386329813
9789386329922
9789386329844
9789386329851
9789386329806
9788121296021
9788121219921
9788123738826
9789388810494
9789382206576
9789347940965
9789360867980
9789360862855
9788197164798
9788194771715
9788174140197
9789381350393
9788189471217
9789326354370
9789357758284
9789326355803
9789381620106
9788189471743
9788172337315
9788172337476
9788172333560
9789394779846
9789363469365
9788171339686
9788194492870
9798885553643
9789387024069
9789352295012
9789352290918
9788170554322
9788181436634
9789387330894
9789352292677
9789359261829
9789384028534
9789385500558
9789386883988
9788100003684
9789360865757
9788197045400
9788181435435
9788181435439
9789348963086
9789380661278
9788199333901
9789392657153
9788119776054
9780143476313
9789389225211
9788171850204
9788172016630
9788171855209
9788171851416
9789362147745
9789395689823
9789350338964
9789389643336
9789363797925
9789390292240
9789356521513
9789350337134
9789389225785
9789350337141
9788123795744
9788199995611
9789395437585
9789362140029
9789371224376
9788193241417
9789371971164
9789362146472
9788197005497
9780143468240
9788171824069
9789354404184
9789371974035
9788123745664
9789371971638
9789354401268
9789352766109
9789350027394
9798186265634
9788123754659
9788100003662
9789004253124
9788188757275
9788100003971
9788119051021
9789351864554
9798697329917
9789354406980
9789354406997
9789371791519
9789386102782
9789327297126
9788121109918
9789387297043
9789350337417
9788196301262
9788100003006
9789391446192
9780143468189
9789394369962
9788171855414
9788186103784
9798893225365
9788125047070
9789390154852
9789355380999
9798902966227
9781648283437
9789349159495
9788184958898
9789354911057
9789353768416
9788180900464
9789388508346
9789388508353
9789388172981
9789354806070
9788177393729
9789355217103
9788131730751
9788183559065
9788123769363
9789354421839
9780143449850
9789390179039
9788187418146
9789392618000
9789392618499
9798888692899
9789380114811
9789392657450
9789352876624
9788174532244
9789355627285
9788123779577
9788123791852
9788190038157
9789387328556
9788198490230
9788128807275
9788185832364
9789389665239
9789381843420
9781685868895
9781649836090
9788171856831
9789392989094
9788196029562
9789382281733
9788123771939
9788170114284
9789352220465
9789359892870
9780143474241
9788172333943
9789382629115
9788183302777
9789383575015
9788189471606
9788123766218
9789395643733
9781636333304
9788174790613
9788181462060
9789384301569
9789362148704
9789386231567
9788195321643
9788198326812
9789371391238
9780143460992
9788186775615
9788187838142
9798885698627
9789389647501
9788198302649
9789390811335
9789353490270
9798889865087
9789334337471
9789358561708
9789392820229
9789351437253
9789355017420
9789364683227
9788196350550
9788123742007
9788187838012
9789387045866
9789350126875
9789359198408
9789381588864
9789380352619
9789355623935
9789387053489
9789384696658
9788196112684
9788198872517
9789392099731
9788129102249
9789388754361
9788171673896
9789350465387
9788120825628
9780143460008
9788183227216
9788183220941
9789350463451
9789367196090
9788177398120
9789367197004
9789353525897
9789386906786
9789389225884
9789351865438
9798896731566
9798888152645
9789388588300
9789352874958
9789387273092
9789391855567
9788123718972
9788183227858
9789388241281
9789380070476
9789390264186
9789352967483
9789352967476
9789395701013
9789394547537
9789394547520
9789394547551
9789394547568
9789394547575
9789394547469
9789394547483
9789394547476
9789394547490
9789394547513
9789394547506
9789394547544
9789353336561
9789365697933
9789353527105
9789386771780
9789389647112
9789350463758
9789353522100
9789361104886
9788122314335
9788122300383
9788122313901
9788122314304
9788122314526
9788122313727
9788122314984
9788122313970
9788122314328
9788122300420
9780143462163
9788192512679
9789391978082
9789391978099
9788123728735
9789348290397
9789355430540
9789388241830
9789351446293
9789389718317
9789389143942
9788178122687
9789390085743
9780143474005
9788123706900
9788125025023
9789392374678
9789389458770
9789354884726
9788170218630
9788170219163
9788183227551
9788183221450
9789355438096
9789390085804
9788183223751
9788183224888
9788183220842
9788183227544
9789355435415
9789357024822
9788181461742
9789355435507
9780143428442
9788186103026
9789353528140
9788180566929
9788131960813
9788180560422
9789348290816
9789392820489
9789350464557
9789353524470
9780143462064
9789373170381
9789350120989
9789386860934
9789356810167
9789372183009
9789351448013
9789351448020
9789390542246
9789348203533
9789390389575
9789388642576
9789354889820
9789354889387
9789373175065
9789355433725
9788129109125
9788129114150
9780192871572
9781648289866
9788126713967
9789393077950
9789393077578
9788182474376
9789350023471
9788100003946
9789385803314
9789380661155
9789347265358
9789395073813
9789389152166
9789386797858
9789395654005
9789395654029
9789395654036
9789395654043
9789395654067
9789395654074
9780143429814
9789387480940
9789352663644
9789390088904
9789354403644
9780143468257
9788186103027
9789356187740
9789356187566
9789393349231
9789393349248
9789393349392
9789393349408
9788194645832
9788199958418
9789380326702
9788100003788
9789395416351
9780231206617
9789391948993
9780143476320
9788100002002
9789356958272
9789384406554
9780143468141
9789390924929
9789350480403
9788123764818
9788170552345
9780143458784
9789360136390
9788123779898
9788174144201
9788174143617
9788100002003
9788174144140
9788174143532
9789391734213
9788188756203
9789361697159
9789350135372
9789385888854
9789373593531
9788197069116
9789364685238
9789364687911
9789364685788
9789352531776
9789381842690
9788182965911
9788182965928
9788182965935
9788185681030
9789354688379
9789354687815
9789354689581
9789354689703
9789354680014
9789354684098
9789354687150
9789354687143
9789354681455
9789354685002
9789354687082
9789354682155
9789354683947
9789354682896
9789354686900
9789354687136
9789390784806
9789354687556
9789354685514
9789354680205
9789354686252
9789354686177
9789354680366
9789354680694
9789354685415
9789354680250
9789390784776
9789354681141
9789354683176
9789354680953
9789354686672
9789354684852
9789354687716
9789354686337
9789354683473
9789354682438
9789354687518
9789354686085
9789354682353
9789354685149
9789354687914
9789354683411
9789354687440
9789354687600
9789354688225
9789354687839
9789354685477
9789354687068
9789354689864
9789385721199
9788196596569
9789390670659
9789392790775
9789354681660
9789354681929
9789354683312
9789352664337
9789358060362
9788100003055
9788123722375
9788170118688
9788123731261
9788177398113
9789384883218
9789350486085
9789390081448
9789348138439
9788172702892
9788195326907
9789389178210
9788100003084
9789347940972
9788188757404
9789388812726
9789351445593
9789357731157
9789385593727
9789391446529
9788192516448
9789372456035
9789386652157
9788197234033
9789384168575
9789391446260
9789391446888
9789394649590
9789385593802
9789348239259
9789387297180
9789384168674
9789387297432
9789386347862
9789391446253
9789391446666
9788188757558
9789384168360
9789391446314
9788186103062
9789385593598
9789385593994
9788125054665
9788197361951
9789372451238
9789391446277
9789391446987
9789391446000
9789384168469
9788186103715
9789372456097
9789394649224
9788186103034
9789387444485
9789354884719
9789381234549
9788193009390
9789387297012
9789390179497
9788188757527
9788197206832
9789390179022
9788172339777
9789387297135
9789387297340
9788193423851
9789390179107
9788186103807
9789382410393
9789391446215
9788186103037
9789387297661
9788100003070
9788186103068
9789394649385
9789390179091
9789390179114
9788100003079
9789384168551
9789394649958
9788190042567
9789394649569
9788100003074
9789385593635
9788188757299
9788196398705
9789390179015
9789385593116
9788100003071
9788189302337
9789348157331
9788196398712
9789384168537
9789390179213
9789394649545
9789394649835
9788100003056
9788171102587
9788197643033
9788170552000
9788188118939
9788181430939
9788193895146
9789348189400
9788123781471
9789391157197
9788174142450
9788174144515
9788196150716
9789384168384
9788188757626
9788100003018
9788126729982
9789352340910
9789384699109
9788131962688
9789386182043
9780143476337
9788189471132
9788125054832
9788199958678
9788170282679
9789390179060
9788192453774
9789384168667
9789394649675
9789385593413
9788186103272
9789384168315
9789387297654
9789390179077
9789385593406
9780143474258
9789391948498
9788194932888
9789348234520
9789389990638
9788182748507
9788189403089
9789365472301
9789395073844
9788100003546
9789392209703
9780143429258
9788100003360
9788194381006
9788100003569
9788100003747
9789359108803
9789363928961
9789352666287
9789355215673
9788100002675
9788192540801
9789383430123
9789395701020
9789394547735
9789394547841
9789395701037
9789356407473
9789392834981
9788100003958
9789365696417
9788171103218
9788197018145
9788100003552
9789382276074
9789360865696
9788188479948
9788123733135
9788194381099
9788188643455
9788100003963
9788198494726
9788194484523
9789399657651
9788129303479
9789381274422
9789395437806
9788123731742
9788170113263
9788123747866
9788131953198
9788171859764
9788171852147
9789380076683
9789390102624
9788119488230
9789389432435
9789347429675
9788119745203
9789355215581
9788189211172
9789350337288
9788123709161
9788123726328
9789347035203
9788100003725
9788173861178
9788195512768
9788171859825
9780143477136
9789391446123
9789347999314
9788119555857
9789351441496
9789354887345
9789386601131
9788122317831
9788122318098
9789385593123
9788191019551
9788124609309
9789380076997
9788174877901
9788174456144
9788197421006
9788123781402
9789351659686
9788186103180
9788123799513
9789381311004
9789382996194
9789350023396
9789357437615
9789390923885
9788193823163
9789385958335
9788123738451
9788174534699
9788180699962
9789353490065
9788192447209
9789352296941
9788123741048
9788123786926
9789352292646
9789360861452
9789390101115
9788196319656
9789394649354
9789385593031
9789394649743
9788170703303
9788170703310
9788170703327
9789355991034
9788123771007
9789389082395
9788187077152
9788171854097
9789381224076
9788171859627
9780143468288
9788123758152
9788183151009
9788177891201
9789350336892
9788170556121
9788171858729
9788171858736
9789350484111
9789390287772
9788123748559
9789384168810
9788171850358
9788193287804
9788168549142
9780367222574
9788132239826
9788100001637
9789361802379
9798896326151
9788186013692
9788183271897
9789350125915
9789386385918
9789387925601
9789392299117
9789385919275
9788130933641
9788188757190
9789394200043
9789351461319
9788195764051
9788132104728
9789374736401
9798888693667
9798888693513
9789357365345
9781490450148
9788123768663
9789389719932
9789388820356
9788194580799
9788171855422
9780143477143
9788194876960
9788123718101
9780195113648
9780199451814
9789359149264
9789353286552
9789382276098
9780143466697
9788186103321
9789364336338
9789364337298
9789364338554
9789364332712
9789364335331
9789364339933
9788188756013
9789351282563
9789389802757
9788131614051
9788174790866
9788170005322
9788131613498
9789389742169
9788119737352
9781649832269
9788129124401
9789364116954
9789354914157
9788169690447
9789390542642
9789350642535
9789373171531
9788186775219
9789373171548
9788194898818
9789384061418
9788179500446
9789393624840
9788120822467
9788172765613
9788171106141
9789381620113
9789381620168
9789381620496
9788186336649
9789384753689
9789387840232
9789387840249
9789387840256
9789387840263
9789387840270
9788183150224
9789356136458
9788100000851
9788100000852
9784569063737
9780733470363
9788194718727
9780143468134
9789351861829
9781684660049
9789349362529
9789355030306
9788174534743
9789069801100
9780143478133
9789382906544
9789394061590
9789349110205
9788184956764
9788186336120
9789383284542
9789383510986
9788199067820
9789355430144
9789389104264
9789389104288
9789384646011
9789360866242
9788125006817
9789384699345
9789352838554
9781947586888
9788189235949
9788121505147
9788170844693
9789380326788
9789353221720
9789371180740
9789353493974
9781009197175
9788123703398
9780143464419
9789347162121
9788131611708
9789355210494
9789351865513
9788187418269
9789358702880
9789352832545
9789351448372
9789351445319
9788121937085
9788121921299
9789355014689
9788121932349
9789348988881
9789349340046
9789348988973
9788196207823
9789348988539
9789348988027
9789349340831
9789348988126
9789348988034
9789348988102
9789348988591
9789348988119
9788196207809
9780143100584
9788123753492
9788193182376
9788121620680
9788183222679
9788183227049
9788131900628
9789390924141
9788183221801
9788183225755
9788183225762
9789370898776
9789370894716
9780143102939
9788183226943
9780143465867
9788184979510
9788131962619
9788183225922
9788183220026
9789371868556
9788186775912
9789390924868
9788183223003
9788183226684
9788183226448
9780143481508
9789355433077
9788189661700
9788189661717
9788189661748
9788189661434
9789355430809
9788126050598
9789355481887
9788126004409
9788126052103
9789388468480
9789391855666
9789393853974
9789357023108
9788197232329
9788183221412
9788183220248
9788186775585
9789386850249
9788170289708
9788183226561
9789355438317
9789389143737
9789387383562
9798899060786
9798899060793
9788125040149
9789353526764
9789350357903
9789350357910
9789384761585
9789381771600
9789367500163
9789350125496
9780143460848
9789357377799
9789391242619
9788184979497
9788183221481
9789355431059
9788171858132
9789355432445
9789364077705
9788125017646
9789385144783
9788120711327
9788183226844
9788182747272
9788183222662
9789350337257
9788183221368
9788183221733
9788125041153
9789361565502
9798186265405
9788183222761
9789387383937
9788183220170
9788183222068
9789387383944
9789389715521
9789367198797
9789389647464
9789388189217
9789377377311
9788194028901
9788198258960
9788183227919
9789388304344
9789353523466
9789355432797
9788183220163
9788131900314
9780143101420
9788180561696
9789355435101
9780143459583
9789354979767
9788120820982
9788120820975
9789391214944
9789381851173
9788125005476
9788125006473
9788190767651
9788190767668
9788190767675
9788190767682
9788190767699
9788190796200
9788183227988
9788125035046
9789387383630
9789388241175
9788129136961
9789355435552
9788180566288
9789386871336
9788131901014
9788174144485
9789357206280
9788173055768
9789391855024
9789393241726
9789331322968
9789386906748
9788123797861
9788170211143
9789353624231
9788183227278
9788183220231
9789383260041
9789352876280
9789348439260
9788189771119
9788184983821
9788190442374
9789350462362
9788129129659
9780143102878
9780143099956
9788170843962
9789353768447
9789348911490
9780143461234
9788195377213
9788173154775
9789352101030
9789352103157
9789355439697
9788174144294
9789389161038
9789351443421
9789389718416
9789351444138
9789351448877
9789351448860
9789354887888
9789351449195
9789351445777
9789351445364
9789351442523
9789351445616
9789351449362
9789351873792
9789352833252
9789355438676
9789373170534
9789354687631
9789354687570
9789354687662
9780143100287
9788178124933
9788181468277
9788131909126
9788173719035
9789350570111
9789355431219
9788183224239
9789389143324
9788183220408
9788183220439
9788183220415
9788183220446
9788183221115
9789390085927
9789384030780
9789353520656
9789353522087
9789353529918
9788199685192
9788122310771
9788122310764
9788122300352
9788122300437
9788122300369
9788122300444
9788122300406
9780143420163
9789389225242
9789362059963
9789353521066
9789347206733
9788194582076
9789355438287
9788183220422
9789355202680
9789388241434
9780143460138
9789355431301
9780143481492
9789357203951
9788170288893
9788184081039
9789390410262
9780144001644
9788183226714
9789391855031
9789356771277
9789390924134
9789355433237
9789350337677
9789350337684
9788180566912
9789386224675
9780143065647
9788122318531
9789362010391
9789353526757
9789350338780
9788181464989
9788186775431
9780143063568
9789392374296
9789352101573
9788175418295
9788175418301
9789391978426
9789391978440
9788120735330
9789355434012
9780144001460
9788197674020
9789361566844
9789386850294
9788183226066
9780143424147
9788195650996
9789355432469
9789348128638
9788183227247
9788183227674
9789389665963
9789389665956
9788183227322
9788187250555
9780144001378
9788123756318
9788100003544
9788193085417
9788100002998
9788183228077
9788100003645
9789384600457
9789355436948
9789387383616
9789353521257
9789376462933
9788175971745
9788187250562
9788186510322
9788186510261
9788186510315
9789352662715
9788100003807
9789381506462
9788120820807
9789355434203
9789355433893
9789373172521
9789390085569
9788123770680
9789385724336
9789386850096
9780143424734
9788183226707
9788183227537
9789355433756
9789386036926
9788185933061
9788185933276
9789355210876
9788131915967
9788170219699
9788181469533
9789355005168
9789386850973
9789355001627
9789389647730
9788175054592
9789386224613
9789386224590
9798176934410
9789350642863
9789350643518
9789350643167
9789350642825
9788170289678
9789350643488
9789387383388
9788171948062
9789357209342
9788199773882
9789355439406
9789355437396
9788183220972
9788119782000
9798889751175
9798886291438
9789391576356
9789388822138
9788174143570
9788131963050
9788129114846
9789393724755
9789391873530
9788183227759
9788129114037
9789355208446
9788189535568
9788125034018
9788125034674
9788125034025
9789357825825
9789354460807
9789384878993
9789384878986
9789349805811
9789349805255
9780143062134
9789353763497
9789353763510
9789353763527
9789353763534
9789353763541
9789353764449
9789353764456
9789353764463
9789353764470
9789353764487
9789353764494
9789353763435
9789353763442
9789353763459
9789353763466
9789353763473
9789353763480
9788193675885
9788193967508
9789386554451
9788196229665
9788183227056
9788188018185
9780143455684
9789388689854
9789364484879
9789364484015
9789364484268
9789389203813
9788183558730
9788193303603
9789351449423
9789352533169
9789389161281
9788194968429
9788194968436
9789356811485
9789351444848
9789351448389
9789348203892
9789385676437
9789352531394
9789351446019
9789351448365
9789351449935
9789351447078
9789348203373
9789350120941
9789351444770
9788183553254
9789351445579
9789351441991
9789389573251
9789364688925
9789395499941
9789388030748
9789389310375
9789389310368
9789389310351
9789388030755
9789334187731
9788197609794
9789327199932
9789369583218
9788197609787
9789351447252
9789351443384
9788130933610
9789355015648
9789354777592
9788178124261
9788178125824
9788178129877
9789389143263
9789385152054
9788180564840
9788183223973
9788183225359
9789355437754
9789355439840
9789355432957
9789350465219
9788131935323
9788120822955
9789351446354
9788183559539
9789355436801
9798902316282
9789355436115
9789382607618
9788183224741
9789390924998
9789380227658
9789384030216
9788194193296
9788194193289
9789348521705
9780143460930
9789390924561
9789350467220
9789390989331
9789357026079
9789352103027
9789383772186
9789389143058
9789390378661
9789354687778
9780143066941
9780143066842
9789362180148
9789355432520
9789355432377
9789362180513
9789362186218
9789362187086
9789364171229
9789364178990
9789364173292
9789387383272
9788171675371
9789371972680
9789385724015
9789355432209
9788196974794
9788123763163
9788120824331
9788174142122
9788174142139
9788174144256
9788174144218
9788174144591
9788174144577
9780143460916
9789353520021
9788177666441
9788183226363
9789355438263
9788176934459
9780143100485
9788174144317
9788180560477
9789355432186
9788170219484
9788183221511
9780143462026
9789355437051
9788180565540
9788186053171
9788131909164
9780001063426
9788123742229
9788188808687
9788183226004
9788119782123
9789371976053
9780143481331
9789373177090
9788170113652
9789355212498
9788186103053
9798887338972
9788123763880
9788194395836
9788123791869
9788123769349
9788123705002
9788123792095
9789309020230
9789347265471
9789360864897
9789350485897
9788171640257
9789388173131
9788172335649
9789392590344
9788123774145
9788171640607
9788171642656
9789380076935
9788173861376
9788173862618
9780143477150
9788123704142
9788125947264
9780143453789
9788123767567
9789392099601
9789387330566
9789380146997
9789388959360
9789349703971
9789369945177
9780143103035
9789390607150
9788125025474
9788125025481
9788125025498
9788125025504
9788125025450
9788125025467
9788175975552
9788126939817
9789350361023
9788179918890
9789353494094
9780143477167
9788125025511
9789383441082
9788193858776
9788100001620
9788170521532
9788100000554
9788100003709
9788171248018
9788100000143
9788193858783
9788185141299
9788100001590
9788194787556
9789351506638
9789353494384
9789354860065
9780070602854
9789353494414
9789386463425
9789394387386
9788171823239
9789354403132
9789380494531
9788194967484
9789390924677
9789375438434
9788196882440
9788123719290
9789358060461
9781942426509
9788123727776
9788172332891
9788123790152
9788171242139
9788171855803
9788187250593
9788195069996
9788100003763
9788196840983
9788199009806
9788123786995
9788100003531
9788191019568
9788197284830
9788123747880
9789357762809
9788126023974
9788126022595
9789389195309
9788183704038
9788123776255
9788119104147
9788119104130
9788119104048
9789353394295
9789357857604
9789357858212
9789357857451
9789357859806
9789357850353
9789357855921
9789357853903
9789357854498
9780143475309
9789362873705
9789391807719
9788120822542
9788120822535
9788185707440
9789395382694
9788173862700
9788176762205
9788195731671
9789380828657
9788173862670
9788120789944
9788197606311
9788120798861
9788197553400
9788197606366
9788174454119
9788174454102
9788121504256
9789353494438
9788123773414
9788186103079
9789391109424
9789391109844
9788193823156
9788120815698
9789382742562
9788189471866
9789350009468
9789395689861
9789395437127
9788121294324
9788121294331
9789391659998
9780143468264
9788195551965
9789380644899
9789380644967
9789380644998
9789380644974
9789380644981
9789351380207
9789351380245
9789351380252
9789350467114
9788198505569
9788174455420
9788174455444
9788189471781
9788123777610
9788193272602
9789374764725
9789390081707
9780143464426
9788119363698
9788170112501
9788189471262
9789382629184
9788172332921
9789382629153
9788189471491
9788190717359
9789382629177
9788189471354
9788158933082
9789382629245
9789380146706
9789380146713
9788170161639
9788170162469
9789388691581
9789388691598
9788189471101
9789380287300
9788190717328
9788125055389
9789356763562
9789382629030
9788125055402
9788171857982
9788179320471
9789384761165
9789388043755
9781618656339
9788189471286
9789381458440
9789352837045
9789386601148
9789354883118
9788194778967
9789364680462
9789350125342
9789385593291
9789369589241
9789350126264
9788178120515
9789350943076
9788196355982
9789389573145
9788119361434
9789395654562
9788186877470
9789364682664
9789387889071
9788130910161
9789389982275
9788189471323
9789348229137
9789384406691
9789382742968
9780143476351
9789392374487
9789392374494
9788100000727
9788190840675
9788185787541
9788100002562
9789393322388
9789389484878
9789393322272
9788123765709
9789353493806
9788123442143
9789392657122
9789389719949
9781613014448
9788119792078
9788119792603
9789390777518
9788126330393
9788125044611
9789350725818
9789352073580
9788197035517
9789350001363
9788188933877
9789350722978
9788195138180
9788183151511
9788125036968
9788188808520
9788188808526
9788183153935
9789355030979
9789348214270
9789386799517
9789350723654
9788180315367
9788170554011
9789388107143
9788181439635
9789384478698
9788181430042
9788181435996
9789391335748
9788195076185
9789352341238
9788189798239
9788179509036
9788100003028
9789326355520
9789354911880
9789390423538
9788179509685
9789352290406
9789381794142
9789364687546
9789386092793
9789383447015
9788170113096
9788174142795
9789372455823
9789385593895
9789388373531
9798889753186
9789392590528
9788172338626
9788123782133
9788123755212
9789388508155
9788123766591
9788123706719
9789354860041
9788174455376
9788185990385
9788192901688
9788189605711
9788180317088
9789381975701
9788129302830
9780143468172
9788121617116
9788171855797
9788171855247
9788123754994
9788100003713
9788186103883
9788172330811
9789385538438
9788179914168
9789385149580
9789393322579
9798899067266
9788193297902
9789355217233
9789360454906
9788190598460
9788100002605
9788128400209
9780143477181
9789387453616
9788100003820
9788131953181
9788170848608
9789358702668
9788121900379
9788179308233
9788123769745
9788100003930
9788100003534
9788100003660
9789364483308
9789326351034
9789350723852
9789364489706
9788129301536
9788100003032
9788100003563
9788100003260
9788100003931
9788129300997
9789364487092
9788100003901
9789369946570
9788100003705
9788100003604
9789369948222
9788100003593
9788100003823
9788190100700
9788100003778
9788100003806
9788100003881
9788100003692
9789369944644
9789390645251
9789381620120
9789386347220
9789393134103
9789382629221
9789380318431
9789393372871
9788183616225
9789326354714
9789372456370
9789391446819
9788189989361
9788121513180
9788183150958
9788124607008
9788124607053
9789390696505
9789384879471
9788174874634
9788186013112
9788192969695
9789384406639
9789355030207
9788187418351
9788183151627
9788185787695
9788186336052
9788186336069
9789385593178
9788171106738
9788183154789
9788183153386
9789387297272
9789384168650
9788119210923
9789385593888
9789384168568
9789390921430
9788171108404
9788171102273
9789394061149
9789347043772
9788194412601
9788189235352
9789394266421
9789353492885
9789384168285
9788177864076
9789350484296
9789348957665
9789351653981
9788170521570
9788100003906
9789360865979
9788197288104
9789355034496
9788194712114
9789390102129
9788188756780
9789360866938
9789360863586
9789390085279
9788123773940
9789392088162
9788119812981
9788119812851
9788186775646
9788198380029
9789359103709
9789360867188
9789395047746
9789355011787
9788183152709
9788100003667
9789395047968
9788172454432
9789393329196
9789393329202
9789393329271
9789393329295
9789355184566
9789351382331
9789351382348
9789351382355
9788198213495
9789350640074
9788121924726
9788186470534
9789384299736
9789367073896
9781942426332
9788123779218
9789388508308
9789350337158
9789350337165
9789354403569
9788186470718
9789385721939
9788172765941
9789352053308
9781942426370
9788172299231
9788171859535
9789384406189
9788191447216
9788188569342
9788193772188
9788189403126
9789385610929
9789385610936
9789385610462
9789385610479
9789385610486
9789385610493
9789385610509
9789385610516
9789349186781
9788190675680
9788174143518
9788181293855
9788198175564
9789347323447
9789363887343
9789377303334
9788123738635
9788190598415
9789352561957
9789352561964
9789355579591
9789353624255
9789353624248
9789353624262
9789353624279
9789384600778
9789358569667
9789348835468
9789385223723
9788171242634
9788100002994
9788172455309
9789389225822
9788123781723
9789387307056
9789390495221
9788174530523
9788186762141
9789352341641
9788170552147
9789347532030
9788189771409
9780143473817
9788170521419
9789384406493
9788100000652
9789326354318
9788196919818
9788179919828
9788187418306
9789334083484
9789334079951
9780143473824
9788100003976
9788183304542
9789369583591
9788188775804
9788183302982
9788193402825
9789347162237
9788169489607
9789347162169
9789347162091
9789347163067
9789380801070
9789347162251
9789347163708
9789347162381
9789347163982
9789347162466
9788169489065
9789349908390
9789347163890
9789347162558
9788169489638
9789347162589
9789347163302
9789349908222
9789347163036
9788169489348
9789347162824
9789347163265
9789347163043
9789347163319
9789347162534
9788169489249
9788169489881
9788169489188
9789347162114
9789347163272
9788169489690
9789347162992
9788169489256
9788198332455
9788199365728
9789385539602
9789381448229
9788183300957
9789383725977
9789383725960
9788198707352
9788193330647
9789383962716
9789386810342
9789386810533
9789374933459
9789374934265
9789374935378
9789374933039
9789374938676
9789374937747
9788122305777
9789383725090
9789386835420
9789386835499
9789386810045
9788183300353
9789347163661
9789371077132
9789391034832
9789354914669
9789385621468
9789388151139
9788194334309
9789349908468
9788178540665
9789370973664
9789370979451
9789358127584
9789383725861
9789383725588
9789370975392
9789370979307
9789389341539
9788198673190
9788178543048
9789347163753
9789349983892
9788185133355
9789349908628
9788183302425
9789937071215
9789389341935
9788126010233
9788129313065
9789390645893
9788178540535
9789383963584
9788186339497
9788178541570
9788183302944
9788122305807
9789349908833
9789370975651
9789370975682
9788171640584
9789349908079
9788178541976
9788122310429
9789382658788
9789382658719
9788196222291
9789387774360
9788178540399
9789381843536
9788178541204
9789383725120
9788178542331
9788174255426
9789387774667
9789372250251
9789372250442
9789362759511
9789349908604
9788174458414
9789386810359
9789386810472
9788185133249
9788175243279
9789358772692
9789393285607
9789369202737
9789369200757
9789386810571
9789386810601
9789386630261
9789386630278
9788183303514
9788178542836
9789382998082
9788193391488
9788193407110
9789380801261
9789389585025
9789369629800
9788183303705
9789383980338
9788183300568
9788183300667
9788185133867
9788178442952
9788183302876
9788183305761
9788175245310
9788175246768
9788175244895
9789358774023
9789358777352
9788183300827
9789362071811
9788183305310
9788183300841
9789349908932
9789383980444
9788183304481
9788183304511
9789351733720
9788183304474
9788183305730
9789383725106
9789383980895
9788183304153
9789387671904
9788183305358
9788183302180
9788185133232
9788183306409
9788178543024
9789347163296
9788178543420
9788129301147
9788178540504
9789334408874
9789395380317
9788119019410
9789387774872
9789388698115
9789387774940
9789387774803
9788189576530
9788168571020
9789367398258
9788178443300
9789386835048
9789393580634
9789391297534
9788198344427
9788122314649
9788188775545
9788175243767
9789359781075
9789358772005
9789358770612
9789358770223
9789358770155
9789358775938
9788175245212
9789358778908
9788196319120
9788175242531
9789358771749
9788175246300
9788100002748
9788120841932
9789372259865
9789372256864
9789386810960
9788178440897
9788122306712
9789390081967
9789390973705
9789390973781
9788126300116
9788126300132
9788126300191
9788126300272
9789393393661
9788175246331
9789358770193
9789393393319
9789393393326
9788122306798
9788175245093
9788175242639
9789358775402
9789349908192
9788189983659
9788175242213
9788189983444
9788175244984
9789358773118
9789358777796
9789358774962
9789358775440
9789393393920
9789358777628
9788175242051
9789393393821
9788183303781
9789387671812
9789358779899
9788175244585
9788175242685
9788175244534
9788175245611
9788175242273
9788175246119
9788175245034
9788175245255
9788175243295
9788175242361
9788175242515
9789358778571
9789358776447
9788175245069
9788175243899
9788175247284
9788175244852
9789393393838
9789358772142
9788196319106
9789359787305
9788175246508
9788183303798
9789367504796
9788175246522
9788175243791
9788175245123
9788175242620
9789358779998
9789358776348
9788175245115
9788175247536
9788175246553
9788175246416
9788175244818
9788175246386
9788175241551
9788175244518
9788175245689
9788175245476
9788175246324
9788175246201
9788175245840
9788175245166
9788175245271
9789358770841
9789358773880
9788175247291
9788175244240
9789358771350
9789358777895
9789358773552
9789358771152
9789358770285
9788175245263
9788175242426
9788175244160
9789390911196
9789358774443
9789358770216
9788175246560
9789358770124
9789358779301
9788175247277
9789359781938
9789358774627
9789358774986
9788175244402
9788175247109
9789358772074
9788175245182
9788175243783
9789358777017
9788175247529
9788175247352
9789393393876
9788183303828
9788175241896
9788175245425
9788175244593
9789358770230
9788175246546
9789358776317
9788183300377
9789391297183
9788126007448
9789362808325
9789390659357
9788183300292
9788194572169
9788183301671
9789349908260
9788183305402
9788183305495
9788194350194
9788175247079
9788194350156
9789390911240
9789367507155
9788175242728
9788188775934
9788194350149
9789387774209
9788175242302
9788188775750
9788194572183
9788183301190
9789356630697
9788188775019
9788190394460
9788183304832
9788194572107
9788183300452
9788183305525
9788194398295
9788194350187
9788183305464
9788189983000
9788119922376
9788194350163
9788194350101
9789351677901
9788183305945
9788183305617
9788183305075
9788175242442
9788188775255
9788175242744
9788190461795
9788189983116
9788190394413
9788183300445
9788190461702
9788120337244
9788183305976
9788194572190
9788198293350
9788183305549
9788183305600
9788194572121
9789381842973
9788183305488
9788189983062
9788175243805
9788189983178
9789358770186
9788188775231
9788189983154
9788175241888
9788189983222
9788177795943
9789386810434
9789386810281
9788122314007
9788188775088
9788198356871
9788178443256
9788178443317
9789349242791
9789334227680
9789334265187
9788100002789
9788197286001
9788195104543
9789347163401
9789375103691
9788100002902
9788129302526
9788122307382
9789354695902
9788122315783
9788177021356
9788119014446
9789375101161
9789355182807
9789387774414
9789357222853
9789357222822
9789393285867
9788199599949
9789371647540
9789351711346
9789383962907
9789383962914
9788198344441
9788126312408
9788122315011
9788183301206
9788183301183
9789385027185
9788189983048
9788183305235
9788194572145
9788119922741
9788120351066
9788183301152
9788183301213
9788189983024
9788183305082
9788183301060
9789391406103
9788186339305
9789388151122
9788188790449
9788183303224
9788189983130
9788175243880
9788178440903
9788171107445
9789383980475
9788183303910
9789383962846
9788119455331
9788178440514
9788198356833
9781944725099
9789372251296
9789372256581
9788188790272
9788178540719
9789372252323
9789372259100
9788194267362
9788182882911
9788121211925
9788121219471
9789349908734
9781944725013
9789361855658
9789393285447
9788198356864
9788178543055
9788198356840
9788129301154
9789383725557
9789383725816
9788199175969
9788178542911
9788100002898
9788129302588
9788178542935
9788194267331
9788178541419
9789381887677
9789347162817
9789387774681
9788178542232
9789351711758
9788194267300
9788193630297
9789356637474
9789356632332
9788178541938
9789385539749
9788178542959
9789386630544
9789383725434
9789386630520
9789383725878
9788122309461
9788178440569
9789937112802
9788174251398
9789393285089
9789393285157
9788186339749
9789393285812
9788100002895
9788129302922
9788129302977
9789390659029
9788178540467
9789381224229
9789387774889
9789360700539
9788178440163
9789386630322
9789386630339
9789386630285
9789386630254
9789370024229
9788126330706
9788126305407
9788183301046
9789383962389
9789349908505
9789353240172
9789347683985
9789352719488
9788183305297
9788183302890
9788183305716
9789387671232
9788198673138
9789390932245
9789390932238
9789390932757
9789390932740
9789390932252
9789390932283
9788178441696
9788188790920
9789386630186
9788198919830
9788121265645
9788121265638
9789356632639
9789356635050
9788126307777
9789386835789
9789347163852
9789353496418
9789326351669
9789349983533
9788183303620
9788169488280
9788178440279
9789387671201
9788183302616
9798885752756
9788129306326
9789393285027
9788122315776
9789386779076
9789386779083
9788183768948
9788193630280
9789387774766
9788183301275
9788178442280
9788178543369
9788120340466
9788122308150
9788172113599
9788183301374
9789380118611
9788178540733
9789358918953
9788172110741
9788183305754
9788183303071
9788122301205
9788172113087
9788178542515
9789390932290
9789386835734
9788178543062
9788178542089
9788178543154
9788178540368
9788178543017
9788178543031
9788178541853
9788178541068
9788178541334
9789359664460
9788189983093
9788183301619
9789349908338
9788190987219
9788178541877
9789389665116
9788189576486
9788178542102
9788178541686
9789388454216
9788185133379
9788178540900
9788178542218
9788171109531
9788178542072
9788178542034
9788178542768
9788178543253
9789389665659
9788178542140
9789362806550
9789386810939
9789386835031
9788183304375
9788183304290
9788183305372
9788187728726
9788198356857
9789348420091
9788122315868
9789395162135
9789395162166
9789382657484
9789382657477
9789382658825
9789382657019
9789382657194
9789374931936
9789374937587
9789359479248
9788178542171
9789389341195
9789389341607
9788178540542
9789369203277
9789369209828
9789372252712
9789372253702
9788129302533
9788182882539
9788122304602
9788190191340
9788121265058
9788121265041
9788178542133
9789367807521
9789367804926
9788126320622
9788192682815
9789355188564
9789355188465
9789386630797
9789386630780
9789386630773
9789386630629
9789386630841
9789386630858
9789386630803
9789386630810
9789386630827
9789386630834
9789357750264
9789393285683
9788188790906
9789382998310
9789358478365
9788188790630
9788196332907
9789383725601
9789383725533
9788199175952
9789388677301
9789347162657
9789371642835
9789387774780
9789358771565
9789362803689
9789386810311
9789386810410
9788177796032
9789380801643
9788131614204
9788131614624
9788178440620
9789391297268
9788188775927
9789389341409
9789383980956
9789387671713
9788188775712
9789391034139
9789386771773
9789391297299
9788178440385
9788188790746
9788126040193
9789393580603
9789382915232
9789383725113
9789393580023
9789393580108
9788196490263
9789353249625
9789375272786
9789386835956
9789368535164
9789390973620
9789347163586
9789386835857
9789386835864
9789391034641
9789353241278
9789375275671
9788183300681
9788183304337
9788183305723
9788183302395
9789383962396
9789382658146
9789387671010
9788175245875
9788188775002
9788131612644
9788168838130
9789391034993
9788171694709
9788188775316
9789362075772
9789351737407
9789381247112
9789381247372
9788183302173
9788189983505
9789380801674
9788183303231
9789383980673
9789362073228
9788183303316
9788183304825
9788188775781
9788120344495
9788120348608
9789387671867
9788188775811
9788189983468
9788183302203
9788183302265
9789381247044
9788183305594
9788183303293
9788183766852
9789351677406
9789383980932
9789381247075
9789381247471
9789387919181
9789987919549
9788183301091
9789387671980
9789349908901
9788183306812
9789386630308
9788183306577
9789364524742
9788183302920
9789388028592
9788183300605
9789382658498
9789382658412
9789382658399
9789382658504
9789347162800
9789386630452
9789386630445
9789382658467
9789382658368
9789382658405
9789382658511
9788199955134
9789390461110
9789388022200
9788178542003
9789355189394
9788126308446
9788120843936
9788172111588
9788170495772
9788122310269
9789369204366
9789369203871
9788195699964
9789391297206
9788172112318
9789386630605
9789383968428
9789388019460
9789359668697
9788122304848
9788183300179
9788183300209
9788183300162
9789382657422
9789347163074
9788183304450
9788198691552
9788183306836
9788178542041
9788120844353
9788183303019
9789385621451
9788126305315
9788183303002
9788199175983
9788174458377
9788198919847
9789393285416
9789386835222
9788178443430
9789360062453
9788196755669
9788119014002
9789351711186
9789389341751
9788126330409
9788193630204
9788183301473
9788183304955
9789393580122
9788183301176
9789380873503
9788183300254
9788190394452
9788194350118
9788183303286
9788188775682
9788183304948
9788189983543
9789354439773
9789387774476
9789386397836
9788183300117
9788183303309
9788183303439
9789380873176
9788174458896
9788183306768
9788188775309
9788183303248
9788183303064
9788183304108
9789383980949
9789387671928
9788189983482
9788188775897
9788183305792
9789387671850
9788189983475
9788188775637
9788188775835
9789387671645
9789387671706
9788183302241
9788188775705
9789383980666
9788183302227
9789387671720
9788183300025
9788183767415
9789356633988
9789356634343
9788198673169
9789383963621
9788183303651
9789387671799
9789382998419
9788183305167
9788183305334
9789349908741
9789383980048
9789387919600
9789357439503
9789370974142
9789370974036
9788195267491
9788183304900
9788126312719
9788122300086
9788122308532
9789383962181
9789390932375
9789370973244
9789370979918
9788193340073
9788193340066
9788172113155
9788126050819
9788126050826
9789383964024
9788195179015
9788178543451
9788178542546
9789389341706
9788169491860
9788190888523
9788173201974
9789383369294
9789370970366
9789370970892
9788122314830
9788198318060
9789390973019
9789389341768
9789356630208
9788198673145
9789387774643
9788193402801
9789348420800
9788122312423
9788119057467
9789367508367
9789334237078
9789357750301
9789392375415
9789349908185
9789355180216
9789355185433
9788119689088
9789355417626
9789372251128
9789372253979
9788122304749
9789383725380
9789383725236
9789348101792
9789384091859
9789390659395
9788178541563
9789348239808
9788183302869
9788198691521
9789353494100
9789393285805
9788186339367
9788183302463
9788188791248
9789387567153
9789383725212
9788170816959
9788121217101
9788121219563
9789383962280
9788119014026
9788119014088
9789326318018
9789385390753
9788183305518
9788194398264
9789355317971
9789369623648
9789326350648
9788198699930
9789380801667
9789349908055
9789383980772
9789354439476
9789357750202
9789355185792
9789392661990
9788183306546
9788178543499
9788168898196
9789386810991
9788196490256
9789353241896
9788196234690
9788119019519
9788100002894
9788198699961
9788183304467
9789387774896
9789326351263
9788183300513
9788122315097
9788183302883
9789371646819
9789388019576
9789381619568
9788119019045
9788119019052
9789387774612
9789372251937
9789372254785
9789390932139
9788172113520
9788122311884
9788174458841
9789347162763
9789309416200
9789309417535
9789382998358
9788178541983
9788120352162
9788199175907
9789391297626
9788129301390
9789370973343
9789370978423
9789375437000
9789383725984
9789386835574
9789383962921
9789383962358
9789383725342
9788195110537
9788195110520
9789390973224
9789371649018
9788175244313
9788119019243
9789383980765
9789383980758
9789383980727
9789386810717
9789386810700
9789393285058
9789349983526
9788178441542
9788178441566
9789393285300
9789393285874
9789395380416
9789395380423
9789380873237
9789387774605
9789387774636
9788178440835
9788199645141
9789387774902
9789387774551
9789371333887
9789371332514
9789358770926
9789359576169
9789369547074
9788188790524
9788178440484
9788185133331
9789389082937
9789355485304
9789355485311
9789395380041
9788174458582
9788174458599
9788178542270
9788183302500
9788188790210
9788188790098
9789380550737
9788190248150
9788183304641
9788183302517
9789349908949
9788178443409
9788178443393
9789358778588
9789358772668
9788175244968
9788175242396
9788175243619
9788175242663
9788175242548
9789386092892
9788119922222
9788198356888
9788175244658
9788183301831
9788175242388
9788183305570
9788196319144
9788175245670
9788175245379
9789358778526
9789359786216
9788175244208
9788175244178
9788175245174
9788194398233
9789358778298
9788175242401
9788168838123
9788175244666
9788175242116
9788175243600
9788175245964
9788119689118
9788183304733
9789382658160
9788178443089
9788178443096
9789393580252
9788188790623
9788178440859
9789357750141
9788129343086
9788126027316
9789391034252
9789393580276
9789355183569
9789371068994
9789371069540
9789387774575
9789383962228
9789353241483
9789353240479
9789387774506
9788122310382
9788119020011
9788119019649
9788122309973
9788122310962
9789385621253
9789383980260
9789391034221
9789391034214
9788189131876
9789383725571
9789383725564
9789386835260
9788119689057
9788126027439
9788188790111
9789375272885
9788196975579
9788172018054
9788174253088
9789391034634
9789391034689
9788197350580
9788188790777
9789391034658
9789393580986
9789383725663
9789383725762
9789383725779
9789383725670
9789386630728
9789386630711
9789386630735
9789386630742
9789383725618
9789383725717
9789383725724
9789383725625
9789383725632
9789383725731
9789383725649
9789383725748
9789383725656
9789383725755
9789386630704
9789386630698
9789386630766
9789386630759
9789386630674
9789386630681
9789383725786
9789383725687
9789383725793
9789383725694
9789383725809
9789383725700
9781997766056
9789389341577
9789389341584
9788178440521
9789390688203
9789355481962
9789370973619
9789370972148
9788178440538
9788178440248
9788188790531
9788119922901
9789387774957
9788178440934
9789393285836
9788188790456
9789372251265
9789372256734
9789391395100
9789391395094
9789391973568
9788168898172
9789367500255
9789372256048
9789372250688
9789382658733
9789391395391
9788198345127
9788126024254
9788192003351
9788192003368
9788188790593
9788188790432
9789349908406
9788178440606
9789393285249
9788122308365
9789385985454
9788171856176
9788171697625
9788122310177
9789374241967
9788188775217
9789390981687
9789383206834
9788100002904
9789386630063
9788198318039
9789393285843
9788121260480
9788121260473
9788195110551
9788195110544
9789373593692
9788168838109
9788188790715
9789385302855
9789382998686
9788188791170
9788172016579
9788119019106
9788119019829
9788198919816
9789386835482
9788178541648
9789362076229
9789326352512
9789355183774
9789383725939
9788126306152
9789389341225
9788183305259
9789386810205
9789386810397
9789355180407
9789355185006
9789382658122
9788183300629
9788120350038
9789393285652
9789393580702
9789393580696
9788178543307
9789387028623
9788198919878
9789383963102
9788188790814
9788178542485
9788198919854
9788183301633
9789349908314
9788190461733
9788193402818
9789383725274
9789383725267
9788126307913
9789383980451
9788183768283
9789393285713
9789380292021
9789382658344
9789386835512
9789386835505
9789386630919
9789395380443
9789393580443
9788190394436
9789391034245
9789372252316
9789372257595
9789385485343
9788183304719
9789371695770
9789371695183
9789349983342
9788170072713
9788188775958
9789395380430
9789395380447
9789383725144
9789383962297
9788178440880
9789382998677
9789389195033
9788198293398
9788169489263
9788126043088
9788185119649
9789370972049
9789370970281
9788126043224
9788169302586
9789351710707
9789383962174
9789386221797
9788193875599
9789390900084
9789353246419
9789353249724
9789353249731
9788193630242
9789385621727
9789371006330
9789386630612
9789386630971
9788175243465
9788174458681
9789349144361
9789390973835
9789357743297
9789351711254
9788188775941
9789348420206
9788122313376
9789375276906
9788122312539
9789389778724
9788192331171
9788189983673
9788192004921
9789355742810
9788122315622
9788122314052
9789334179798
9788168650626
9788198678386
9788126026678
9788168650619
9788194893004
9788179509135
9789349113008
9788196008017
9789380244495
9788119541560
9788194448952
9789390811410
9789390958061
9789355232427
9788195978168
9789395268608
9788197914867
9788195753222
9789381098158
9788194437161
9788195458455
9789388631105
9789334368918
9788194940401
9788193366974
9789394793583
9788199348912
9789394516007
9788194966692
9788197083365
9788199348998
9788199067363
9788195383078
9789390771950
9788195904853
9789391994648
9788199942905
9789390958252
9789392474514
9788179509128
9789355666789
9789379430205
9789355231048
9788199942950
9789390958184
9788194448907
9789395268318
9788195650767
9789355273192
9788168515215
9788119320363
9789354691355
9789366665467
9789391994914
9788197505928
9788199652125
9789380220635
9788199013049
9789366660936
9789355273277
9788199067394
9789348598844
9788198981752
9788199739321
9789355232403
9789375104605
9788193476598
9788199952300
9788198623638
9788196058913
9788183452359
9789390107377
9788190735520
9788195630141
9788198950611
9789380630786
9788199070745
9788179503904
9788180851964
9788119628292
9788196975302
9789387234628
9789390989638
9789385814174
9788197241420
9788194405054
9788119576395
9789348660039
9788198385871
9789349113800
9788119436545
9789366666747
9788193269152
9789347923746
9788194467946
9788195393718
9789358159950
9788199013025
9788196208004
9789356070646
9788192786599
9789380020778
9788119436804
9788194211327
9788199586833
9789349017955
9788199312821
9789355273123
9789390771790
9789384646530
9789349113367
9789386755193
9788119496617
9788198158703
9789392241451
9788199716438
9789395268226
9788199067387
9789390802951
9788194008439
9788199458345
9789366663012
9789366667812
9789355276391
9788199067332
9788183452434
9788190788588
9788195006984
9788119550234
9788119576357
9788195095278
9789393724960
9788194334859
9788199067325
9789390958115
9788194455134
9788199853836
9788119496952
9788195630172
9788119191123
9788179501740
9788192123721
9789392241888
9788179508763
9788183072090
9789351710332
9788121244312
9788121244329
9788184953237
9788184954180
9789360852047
9789334415261
