9780195638462
9789349941458
9789350262658
9780781809832
9788170283270
9789386850270
9789355436160
9789388241403
9789355433060
9789359571928
9788123746852
9789355439741
9798886679243
9789352770960
9789386850324
9789371977661
9789389647877
9788181930491
9789367710067
9789387195141
9788170217947
9789389143133
9788180563584
9788170215271
9788131905326
9788131905357
9788170216223
9788170215196
9788131907184
9788131901588
9788180563492
9788131903384
9788131906033
9788170210061
9788131907252
9788131908020
9788180566714
9788180561191
9788180566417
9789355436023
9789349941359
9789349941625
9789349941915
9781684875351
9788183223874
9789389143065
9789355436597
9789355439888
9789353337360
9789391242350
9788183223485
9788183223706
9789383203192
9789348098580
9789355437556
9789347199080
9788183227995
9789357025539
9789355432193
9789357025072
9789357027533
9788183227834
9789390085958
9789354774546
9789354691539
9780143462132
9788183225731
9789387383722
9788192942070
9789386845634
9789386063960
9789386845696
9789358777000
9789353528218
9788123768885
9780143103301
9780143101765
9789360135607
9789355430878
9789390924325
9789353520311
9789391154714
9789384168735
9780143456087
9788123734941
9789377372637
9789392126949
9788123792248
9788123715575
9781685388416
9788193423806
9789390179251
9789387297241
9780143471523
9788100003025
9788189399702
9789384168919
9788194357902
9789354683930
9788123705521
9788123746548
9788189471118
9788123030241
9788123719139
9788123703930
9788123735573
9788123017686
9788188757978
9788170110545
9788123711744
9788123737485
9788182650206
9789352102754
9788123725529
9788100000127
9788123716800
9788199230323
9788121619929
9788123792774
9789355215741
9789384168421
9788123758619
9788194459132
9788123906263
9788179931219
9788171640690
9788171640683
9788195237265
9789394644304
9780000201600
9788116489110
9788171859412
9788131962718
9788170111856
9789352713219
9789352713226
9788179500101
9789391129040
9788179504642
9788100003817
9789363953628
9798893220759
9789365154191
9789390702558
9798892770941
9798894755489
9781648993466
9789364118453
9789388632546
9789388632553
9789388632560
9789388632577
9789388632584
9789388632591
9789388632607
9789388632614
9789388563154
9789388563161
9789388537162
9789388537285
9789388537186
9789388537193
9789388537209
9789388563116
9789388563123
9789388563130
9789334209167
9789391019426
9789356638099
9788175977471
9788193642436
9789387101647
9789387101616
9789387101838
9789375734925
9788100003825
9788199675971
9788177143683
9788123767932
9789390179510
9788100003036
9788183245364
9789392590672
9788123780856
9788123737737
9788193763063
9789385721014
9781636692654
9789388134408
9788120826151
9788123744285
9789356129542
9789352875115
9788123749693
9789350121955
9788195400805
9788193770481
9789354915642
9789388187169
9789381794456
9789381794128
9788188757510
9788123736365
9788189485405
9789390179176
9788189485122
9788170116868
9789382711735
9788170522072
9789366311463
9789353494063
9789386392794
9788123742380
9788123768922
9789390645169
9788119555772
9788123745138
9788172238759
9789360453954
9789349159068
9789350028384
9780143466628
9788184957013
9788184959079
9788184957990
9788190521932
9789352725168
9789355577313
9789385390791
9789385390838
9780143481409
9788199212763
9780143471530
9788123787602
9798897443130
9788193261262
9789381017067
9789393906540
9780143460541
9789390085514
9789356805644
9789357179188
9789348458933
9788121929776
9789394871397
9798904315450
9788125056904
9789380076423
9789350127742
9788100001048
9788123701820
9789355436443
9781877854460
9788171857074
9788175970458
9788175973015
9788123735542
9788183424776
9788195822560
9789390602742
9781636692883
9798889519195
9781406224573
9789373590417
9788179924389
9789373488042
9789373488592
9788184574944
9789391913717
9789350724699
9788180313608
9788181439093
9789388211758
9788181432100
9788180314896
9789352295937
9788126722075
9789360869083
9788188988495
9788188168118
9781438245232
9788170553281
9789350726228
9788178550725
9789326350631
9788126707492
9798886849219
9798905405112
9798905405129
9788185616582
9789390915187
9789357759496
9789357759465
9788170556015
9789387648500
9788100003072
9789388684880
9781638323655
9789386799142
9788181351760
9788179756034
9788181294968
9788100003967
9788100003968
9788100003969
9798887831084
9798888153819
9788174534248
9789350004098
9789388107556
9789350125076
9788170553878
9789387889897
9789362873620
9789387648371
9788170554998
9789389563306
9788171249664
9788194364801
9789362870315
9789390915149
9789389915334
9789386231529
9788181439888
9781648925610
9789388107792
9788174534484
9788170556091
9788170556090
9789352292783
9789387648821
9788181436160
9788180900389
9789352211296
9789350004845
9789389563389
9789350008591
9788189982461
9789390915293
9788197288234
9789395172387
9789393511942
9798904318352
9798905104879
9798905104886
9788122122985
9788122136654
9788122140835
9789393511430
9789352292400
9788174531872
9788190485333
9788195635504
9788193434123
9789348214416
9789373170817
9789382553816
9789383723652
9789362877925
9781041027454
9788192311029
9798888836118
9780310463597
9789388630405
9781138061019
9789350728376
9789389243567
9789350728369
9789383723195
9788121503839
9789350724644
9789393511454
9789350124666
9788170559924
9788170555384
9788197116087
9789352340026
9789355181558
9789355181398
9798888332139
9798888699164
9781684877775
9798887830896
9788185002644
9788126921737
9780736105583
9788181432179
9788120828971
9789392617119
9789395432627
9789393091185
9788119590704
9798889860198
9788184352498
9788181432063
9788170557517
9789369444045
9789362874795
9789362874719
9789362871770
9788170557524
9789362879660
9789350001721
9798896996682
9781647333225
9789372253955
9789372257823
9788108140408
9798903922260
9798903922253
9788122139433
9789393511997
9781648923067
9781648923623
9789354477102
9788187902072
9789382993964
9789350725788
9789351460404
9789351461050
9789389563399
9789350005071
9789355181251
9789350007815
9789355182173
9789390265572
9789351461432
9789352295999
9789352298136
9789395380829
9789350729267
9788181436498
9789386799210
9788171246366
9788179755525
9788181433541
9789387409477
9789352294695
9789389742596
9788199312241
9788188466962
9789334102185
9788174533203
9789350725696
9789362871237
9781649838568
9788119019892
9789350000106
9789352294794
9789350728130
9789391214975
9789394829565
9788190831963
9789326351621
9788170555339
9789381555217
9788121613637
9788121615150
9789353495770
9789369442638
9789369446575
9789326350877
9780143473503
9788170552963
9788181432126
9789350576472
9789384406364
9788170551744
9788188118984
9789388107112
9789384406967
9788171246519
9788126319558
9788181436573
9788170555377
9788122205237
9781639748228
9788181291271
9788180317668
9798885300445
9781638064909
9788121943031
9789352711321
9789386340221
9789386340238
9789395831031
9788178550749
9788171241248
9789350728673
9789350728291
9789373489759
9780944613269
9789350007747
9788174530196
9788174534569
9788180310348
9789350720288
9788174533937
9788174533364
9789380146355
9789352294329
9788171244102
9781639208586
9789355181329
9789357751810
9789391297305
9788174821119
9789351210955
9789351210948
9788177308501
9788170559238
9788130910178
9788199312296
9788171247509
9788188757398
9788173150678
9788124330982
9788126305421
9788126330720
9788119989270
9789350723128
9789350723135
9789350727577
9788170556459
9789351461425
9788181439314
9788189612207
9788170555131
9788171243303
9788174532916
9789380397368
9789380534305
9788184550344
9789359243474
9789368687498
9789372489491
9789368688051
9789362870292
9788180311291
9788170551854
9788170551843
9798886060881
9780199488391
9789389563320
9789350720295
9789357759304
9789350725429
9789390971657
9789390430437
9798886290400
9789373168142
9789373165134
9789389563757
9789353495299
9788193871812
9788180319211
9789350128930
9788174532831
9789389243949
9789350642771
9789392186813
9789357754484
9789357755023
9788174533357
9788197187193
9789372345438
9789352211142
9788194088202
9789362874832
9789350004067
9789387024076
9789387889903
9788180318429
9788180318962
9789369446940
9789369447671
9788171248650
9789350004036
9789350726891
9788181436078
9788171197859
9788183611800
9789385054327
9788171249558
9789356824973
9789350004586
9789350728116
9788180312014
9789385054358
9788177142488
9789393606969
9788189471996
9788174681119
9788181438553
9789352294022
9789355006134
9788171980369
9789391640439
9789352294954
9789388211338
9788190642088
9789350134153
9788180312045
9789351460602
9788171248605
9789351460893
9789350727195
9788181437273
9789362014337
9789349362666
9789369447626
9789369443246
9788126719273
9789350576878
9789352341009
9789391335816
9798887728445
9798887831633
9788193785034
9788119251469
9788190551793
9789388434911
9798889093398
9789386799548
9789388684019
9788197316760
9789350001394
9788189407339
9789383494026
9789367212899
9788174531537
9789359263540
9788188554614
9789357553315
9788171384693
9789356823600
9789386092939
9789383424726
9788194556275
9781637813706
9788171561148
9788126905645
9788126714094
9788174531780
9788181430964
9789387648463
9788126905652
9788171561131
9789350000380
9788171242931
9789392512162
9788119109050
9781473680067
9781685544331
9788178550732
9788188468379
9781645872467
9789352292615
9789355180414
9788126122585
9788188118045
9798888698495
9789386046895
9788119099559
9789350338155
9789350337356
9789364816380
9781730127762
9781730127922
9781730128066
9781730127847
9781730128141
9789363995277
9789363991293
9789387910478
9789363990081
9789352295609
9789350001875
9798887831893
9798890021359
9798885555807
9788170555513
9781685865894
9789380146430
9789350008867
9788171245116
9789352290307
9788171199815
9788171383894
9789355181039
9789355181176
9788126714957
9788126717286
9788196672621
9788126728732
9789395226424
9788180313905
9789352290253
9789352294541
9789352294718
9789388434010
9789381350621
9789384478926
9788181294166
9788174534064
9798890021564
9798890660848
9789389915143
9781639972586
9798886842746
9788131953174
9788170113690
9789386799487
9789387409910
9788170553342
9789350001516
9788190551991
9789326351027
9789350723746
9789350723753
9789393606990
9788130916521
9780199478422
9788170166832
9789389663495
9788188121915
9788126340859
9789385071751
9789385071768
9788183896634
9788183896146
9788170553441
9789789381777
9789385071317
9789385071324
9789385071331
9781502753267
9780198096818
9788193547168
9798885910408
9781474706933
9798888152454
9798888153512
9789392512315
9788119109067
9789392512322
9789392512339
9789389742589
9788172299835
9788194364955
9789391640095
9789382396291
9788121924221
9789388107426
9788186103043
9789350727973
9788100003992
9788174531704
9789380550893
9788125049630
9788125049647
9788125049654
9788125049661
9788125049678
9788125049685
9788125049692
9788125049708
9788125049715
9788125049722
9789353870447
9788188808519
9788188808512
9789381555521
9788425424830
9789360833251
9789372486445
9789372483864
9789368684817
9789372485578
9789372483246
9789372488180
9789372482522
9789372486193
9789372483154
9789372488814
9789372488081
9789368688624
9789372487480
9789372487305
9789368687139
9781646785322
9788193823255
9789388107228
9788192033099
9789372486438
9789360837600
9788186880708
9781638324577
9789352714087
9789352714056
9788194698609
9788121930512
9788183481397
9788178125305
9788181436535
9781649514288
9798896992615
9780415356718
9781032163048
9798506804154
9788171852215
9789390372652
9789350021071
9789350026090
9788180314056
9788177211276
9789391242688
9789383751006
9788119989706
9788123706344
9789350484470
9789355036612
9788100001634
9788128807961
9789359579689
9789384406233
9788185990378
9789387297777
9788173610332
9788193423813
9789390179282
9788185990903
9789392209949
9788123771458
9789384168728
9789360863852
9788100000579
9789360864972
9789391154813
9789347265044
9788170700494
9788179919378
9788123763279
9789360865740
9788194807643
9789391446116
9788100002863
9789390179367
9781032607078
9788100003014
9788193261231
9788196103061
9788100003046
9789375486688
9789375481881
9788124603802
9788124603086
9788124603697
9788124603956
9781894770361
9789387297814
9789391446499
9788186103147
9788192907970
9789391446208
9788186103500
9789387297050
9789387297029
9789352065516
9789394649965
9788100002874
9789384168865
9789387297227
9789384168032
9788196103011
9788185170145
9781685095017
9789366666020
9789384406080
9780143472261
9789382460442
9788193288856
9788123776507
9798890673510
9788187186038
9788122125542
9788119487547
9789381448823
9789394649156
9789352340491
9788190789226
9789388241700
9789384699093
9789394829466
9789352129072
9781922159922
9788178124445
9789365238105
9789380070254
9788171854714
9789384406585
9789390093991
9781647330248
9781685637712
9789389931501
9789389053968
9789389178401
9789389053975
9789352203499
9789355629876
9789383203154
9789354400179
9789354406416
9789352204229
9789352207916
9789354401558
9789389053951
9789362149398
9789352203253
9788197393310
9788194727569
9798891336360
9798891865693
9780143476474
9788195015061
9789352203550
9789362974808
9789352203536
9789325956704
9789359647272
9788119007707
9789359573144
9789362050793
9798900237947
9798900237954
9780143471134
9780143471127
9781639571215
9789389053067
9780143462149
9788187798767
9789354860355
9788185141411
9789385721106
9789385721175
9789381887349
9788123721026
9788192728308
9788100003049
9788183220903
9788123779256
9788123770925
9789384406387
9788123792057
9788123925165
9788123924748
9789351671961
9788130909271
9789380502755
9788123788845
9789358567694
9798885692939
9788131963029
9788125039204
9789389243000
9781516995806
9780143068228
9789355433008
9789355439208
9789355431752
9781684870066
9789349939158
9789388241014
9780143475262
9789386667540
9789352774555
9789380941394
9789355623584
9798894154060
9798894154053
9789389647105
9788197355394
9781525981784
9789350469101
9789350469194
9789377300203
9789386720207
9789355217776
9789355437181
9789380494029
9789351447085
9789351440161
9789351447047
9789388182508
9789351443056
9789352533244
9789351443162
9789354882869
9789388030441
9789354881534
9789350127056
9789351446347
9789351442974
9788183220590
9780143461241
9789389592527
9789350946817
9789387672970
9789387578098
9789351768678
9789363360938
9789351446156
9788178129983
9789351445883
9789381690468
9789381690482
9789366922034
9789357786102
9789357789578
9789357787802
9789357789677
9789357783651
9789357789899
9789390712724
9789390085354
9788123780009
9788183220774
9789385724053
9789355437891
9788125016915
9788184979503
9780143101000
9788181469267
9789350716441
9789350716793
9788171946464
9781685863005
9781685863050
9789363795747
9788123753478
9789380326238
9788197196294
9780143455448
9789388241731
9798902965244
9798902965213
9788183224376
9788173719028
9798885464345
9780143446248
9789353525651
9788120417113
9789352551590
9788185788128
9789385724381
9789385724404
9789385724398
9789359168838
9788194136385
9788122315455
9789389143560
9789350465035
9789384883430
9788125000501
9789353529277
9780143465829
9789389647815
9780143416579
9780143424529
9788183224253
9789351868095
9789394266780
9789392099892
9788183224468
9789388983402
9788131802755
9789350461686
9788194799818
9789350121351
9788198907875
9789354705533
9788198907851
9789391242954
9789353529871
9789348182487
9789348231703
9789348231956
9789385152658
9789373326337
9789388550246
9798886297836
9789357769099
9789394782051
9798897442744
9789350125717
9788194787501
9780143463825
9789355996404
9789388550314
9789387944534
9789350009024
9789355181688
9789350022016
9789395107129
9789355033628
9788119628155
9789348658555
9789348658074
9789348658142
9789348658722
9788184280067
9788119478873
9788196208035
9789384406714
9789349703759
9789394829923
9789356400221
9780195139990
9788167742339
9788195250264
9789347125232
9788192453736
9789381588475
9781643249650
9781638866640
9789887759430
9789359578040
9789350911846
9788123408040
9789390958146
9789386618559
9789347604270
9788192495927
9789354356605
9780143461913
9781685383855
9788185990590
9789354886713
9789354472909
9788186103128
9789370602557
9788186103105
9789350339169
9789351445357
9788183563727
9788183563604
9788183563642
9788183563659
9788183563673
9788183563635
9788183563628
9788183563666
9788183563611
9789351672142
9789364440356
9788183563710
9789356811027
9789351445999
9788183559614
9789325971639
9788178125466
9788170333906
9788131603482
9788131611753
9789377303327
9788171692460
9789370336490
9788123749761
9788123764948
9788170114260
9780143473510
9789387297876
9788123703305
9788170116882
9788170117186
9788172701369
9781647836986
9798889238355
9788196147099
9789348734976
9789392803680
9780143444459
9798888698105
9789392803970
9788119556090
9789356958951
9788199421820
9788123748245
9789375730484
9788123734811
9789380607757
9780143473527
9789373173405
9789350124574
9798888497647
9789354887611
9788195099320
9788120805590
9788173044694
9788172333492
9789352120437
9788186425862
9788183578394
9789350127650
9789351441519
9789355621825
9788188569403
9789354428746
9798899066726
9789381588895
9789352207978
9789355381965
9789357553575
9788198736918
9789350474143
9788188757701
9798905600937
9788100003007
9788189835194
9789381406588
9789374936894
9789374932964
9788120417823
9788190647922
9788184950380
9788184950939
9789384646226
9788194838524
9788199199828
9789382673880
9789347275784
9789360863463
9780143473534
9788100001968
9789391446246
9798886297157
9789373010328
9788170117476
9789364481083
9788100003666
9788170600428
9789364480703
9788179509555
9788199390959
9789381620700
9788170588733
9788199268104
9788188643875
9789366088471
9788123762036
9788185787497
9789394779211
9780143473374
9780143458906
9781986289450
9788171854387
9788119478989
9788119556199
9780143478386
9789354912481
9788188756010
9789369527007
9788194395829
9789348290045
9788196919825
9789384512330
9788189524999
9788183222969
9780143419624
9789352872640
9780143467489
9789394176836
9789355432339
9789373179322
9780143459668
9789362016201
9789356666498
9789357028325
9789353521424
9789391917036
9788180564574
9789367190418
9789357028882
9789385152245
9788183220040
9780144000418
9789355435729
9789391242008
9789355431158
9789361274077
9789388642149
9788178123998
9788178126586
9789395576826
9789395576574
9789395576871
9789395576833
9789360326593
9789360328047
9789327194777
9788183220910
9780143459569
9788183223898
9789382951841
9788129135629
9788129135483
9789381626795
9788183224345
9788183221597
9780143418504
9789390495610
9788194736073
9788183226783
9788183227766
9789389143119
9788183221245
9788183222877
9788183222884
9789367192276
9788181463821
9789351869467
9788183222518
9789355435941
9788197173295
9788176556774
9788183226691
9789380089775
9789385724374
9788170218647
9788197094682
9788197069154
9788197094668
9789355433633
9788125012344
9788183226110
9780143100218
9788183221740
9789353528775
9789354428203
9789354422867
9789353524227
9789392126765
9789389310634
9788178123134
9789354880025
9789354887956
9789364688642
9788197038747
9788197038792
9788197038785
9788197038754
9788197052675
9788197052651
9789355218018
9789354888571
9789354884139
9789354884122
9789354884146
9789348203458
9789354887444
9789354884085
9789354888410
9789354884078
9789350959477
9789350959510
9789350959528
9789353333461
9789355432384
9789350464731
9789390696406
9788170117162
9789394649446
9788188757442
9788174141262
9788194794509
9788198133601
9788100003013
9789348239266
9788188757282
9788123747545
9788123781884
9788123738840
9789360863333
9789357432658
9788123786858
9788123765044
9788123760124
9789390645176
9788171640140
9789392186073
9788123723297
9788123771793
9788171858675
9789393197023
9788100003363
9789392624971
9788100003024
9789373170084
9788171858903
9788185787589
9780143467182
9780143472278
9788123762067
9789395270052
9789360865900
9789350897201
9789347940026
9788180315442
9789381156193
9788123721774
9788172701468
9788187418139
9788126320769
9789380186092
9789387297715
9788100001682
9788183152938
9788184702231
9788123756103
9789384406325
9788199333956
9788188479771
9789387297463
9788186103425
9788123737461
9788194845096
9788193772157
9789380823379
9789371971454
9788193261255
9788123761084
9789389719390
9789390495276
9789353491499
9788123735832
9788172332358
9788123753621
9788186098202
9789388264723
9788174878434
9789350024478
9788181464507
9789360869120
9789386473196
9789387328341
9789382629191
9788123705910
9789394649873
9788123777788
9789388107433
9789352875146
9780143473428
9788188757640
9788189471941
9789385509872
9788170113768
9788192453743
9788123755878
9788123789170
9789387297647
9788189471415
9789382629207
9788119478088
9788185727301
9788170520580
9789354911958
9788186103135
9788199234260
9789394176249
9788195138104
9788170119906
9788171855391
9789348239754
9788188629022
9788188629039
9789352204687
9788120822634
9789377376185
9789387297364
9781715341152
9788184540819
9788184540840
9788184540826
9788184540833
9788186103685
9789361699092
9789350125205
9789351449744
9789351444060
9789364685696
9789355015013
9789355218889
9780143470663
9788123707617
9788123718187
9788170110491
9788100003962
9788195241606
9780143422945
9788187418092
9789387679443
9789387679467
9789387679474
9789387679450
9788123710631
9789384406417
9789348643865
9788123768007
9789391446178
9798902697718
9788194934660
9789347265303
9788170520566
9789390971916
9788170117407
9788123407807
9788189235673
9789351654681
9789362145031
9780143446798
9798890263285
9789389846478
9789366313955
9789350480151
9789387297883
9789355031686
9789380727080
9788100000578
9789347265846
9789354913372
9788123778419
9780143478140
9788123768229
9788186103456
9788186103021
9788123740546
9789353769109
9789395437530
9788123752075
9789354888519
9789350980521
9789351445692
9789351442486
9789387766624
9788125056898
9789381842478
9789351444855
9789351447696
9789351444862
9789351447702
9789373593890
9780143465379
9789391895655
9789360865986
9788123763828
9789368527091
9789349001329
9788123764955
9788196631390
9788100003361
9789393197856
9788123751559
9788123787015
9788174143303
9788123791807
9788123723228
9788100003020
9788123770512
9789393528209
9789355030689
9789380114217
9789391598426
9789389846485
9788199528178
9788190082334
9789380727189
9789384883584
9788126319268
9789360861971
9788199736016
9789375739593
9788199129870
9789387297395
9789394649217
9789391446444
9789387297159
9789385593611
9789391446697
9788123780979
9789360869526
9788176212403
9788179508862
9789392126413
9788123756585
9789350959367
9788123798196
9780143419990
9788123766478
9788123780191
9780670096367
9780143476016
9789390081929
9788123704043
9788123701844
9788123761978
9788123788319
9789360457075
9789347265679
9789369399383
9789384385056
9788119812011
9789359425627
9781638320012
9789367719398
9789388409810
9788100003359
9788170521013
9788100000547
9780143475200
9788187415282
9789395047128
9781495987342
9789353000707
9789392510649
9788198113573
9789348521170
9781645460350
9788188082315
9788188082247
9788188082230
9788188082254
9789387578050
9798890660787
9780143461265
9789355436627
9780143068624
9780143473541
9789348290113
9788171675333
9788184972559
9789353527068
9789355434654
9798176933093
9789388304085
9780670096749
9780144001583
9780143462002
9789359246154
9780143421054
9788183220958
9788189020729
9789370036604
9788183225144
9788184973716
9780143460985
9789353524104
9789348290298
9788199100039
9789390260928
9789355437716
9788183227568
9788193287828
9781639401918
9781639571086
9781639570607
9789357205405
9788174142313
9788199640900
9780143473558
9789388304771
9788131925508
9788170218708
9788170219583
9789353181055
9789357209458
9789353525088
9789350466599
9789353522711
9798895196403
9781685636593
9798894987507
9781639048021
9789353528416
9789386850881
9789994996230
9789353529246
9789388304566
9789390343676
9789389647150
9780143100300
9788131731970
9788183223195
9789382901464
9789355210883
9789355000774
9789355000859
9789390085774
9788125008156
9788123792620
9789350467497
9789386224842
9789367191781
9788120826915
9780143459514
9788193432013
9798176933086
9789386850386
9788183223904
9789355437860
9788176550130
9789354689512
9789389203431
9781639978588
9789355439390
9789388689076
9789355433435
9788174142597
9789389647440
9788180564536
9798889592433
9780143414506
9780143099871
9788176558945
9788131963036
9798176933024
9788174143648
9789380565972
9789348290496
9788193182338
9788183227414
9788180564796
9789353528454
9788123798288
9788193608142
9780143441410
9789355432261
9789350298718
9789390924646
9789355434180
9789383260447
9788173054341
9789354689000
9789357689076
9789357208963
9789357204101
9789355430885
9789388241625
9788183225342
9780143061939
9789367196199
9789386224552
9788174144553
9788119541195
9789386906670
9780143101567
9789370036697
9789353521486
9788170218746
9789350124109
9789350124154
9788178128580
9788178128849
9788178128832
9788178128542
9788178128566
9788178128672
9788182742758
9788174142967
9780143418788
9788183223379
9789355437532
9788123731896
9789389647594
9789395416306
9788198824202
9788123767055
9789347532702
9789360459109
9789384172008
9788123723594
9789390287741
9788194794578
9789360763923
9789348658982
9798901369067
9789395260831
9789354914140
9789390102808
9788119989003
9789370891319
9789355484413
9788189403157
9789391113315
9780143465478
9789379380050
9788131962572
9788170119760
9788196398781
9789384657840
9788172290504
9789350480526
9789350480489
9788171824373
9781613010167
9788100003960
9788195549344
9789384406745
9788195815760
9789383513956
9788185990415
9788172290801
9788100000855
9788100000971
9788100000275
9788100002361
9788179321010
9789354401497
9789354400339
9788190082389
9788170521785
9789380326719
9788183155328
9789382443186
9789388508315
9789393134899
9788123768212
9788123751979
9789393498991
9788120211002
9789383369270
9789384600358
9788170585138
9788100003819
9788186050149
9788123704197
9788186775066
9788175974562
9788196171179
9788189535544
9789383203222
9789386313713
9789350124024
9788131962626
9788119090631
9798889095736
9789385676659
9789385676666
9789385676673
9789385676680
9789385676697
9789385676703
9789392126598
9789390749744
9789385606335
9789372447088
9788192453729
9781638739135
9788189235871
9788100001640
9789380227719
9789355939333
9789392723209
9788170118237
9789348636362
9789374934890
9789374936313
9798904794323
9798904794347
9789371185011
9789359576985
9789363183292
9789363188525
9780143476870
9798888057735
9788123747132
9789386001665
9780143463351
9788174143679
9788194932178
9798894154602
9789357559461
9788178695440
9788183150378
9788131943717
9789347574276
9788122300239
9788197321733
9789389432442
9789394879201
9789350488386
9789355219909
9789372442755
9789373174433
9788100000857
9788123745336
9789347265501
9789386592804
9789355485830
9789382443957
9788100001632
9789392624995
9788172339258
9788123798929
9789391446369
9788171859122
9789391078737
9798889863878
9780143464488
9798901763469
9789334014051
9780143478843
9789380076461
9789391895907
9788192054919
9789371182478
9789383575688
9788173862151
9788188757961
9789352803750
9789351171591
9788179911846
9789353769413
9789353769390
9789353769376
9789353769383
9789353769437
9789353769369
9789353769406
9788121504294
9788183222150
9788188479559
9788185990408
9798889750673
9780143477013
9788194267577
9788197544620
9788197031625
9788197054532
9788196984793
9798889750758
9788100003883
9789368535102
9788123777276
9789391895617
9788123705279
9788170845539
9788100003677
9789347043376
9789386268570
9788183220316
9789355621429
9789390900114
9789394201774
9789391759865
9789391759926
9789394201729
9788121620819
9788172162375
9788175248830
9788189471934
9789359780757
9789386731043
9789394649453
9789391446833
9789359782782
9788172162696
9788172162702
9788172162719
9788172161125
9788172161231
9788172161248
9788172161484
9788172160319
9789392375231
9789353493110
9789393308016
9788195428151
9788100000556
9789393134639
9788183704373
9780143467458
9789382171669
9789351654957
9789353495152
9788170846349
9789373172354
9789393892805
9788123792071
9789360868352
9798888693810
9788180360213
9789379853295
9789353493127
9780143476368
9789390179428
9788100002873
9788131962633
9789371979740
9788122318548
9788122318555
9788122318579
9788122318586
9789352792603
9788193933008
9788123743219
9789354402180
9788195988761
9788171859160
9789391547349
9789382276449
9788182748378
9789354911026
9789350481394
9789352341504
9788123728940
9789350023815
9789350023808
9789395985666
9788172161514
9789362756183
9789381274248
9789393322159
9788123742502
9798905841248
9788120781917
9788176762106
9788186336960
9788100001478
9788171641566
9789391895556
9789382276432
9788186921708
9789354409035
9788121804028
9788100003551
9788100003252
9789391598914
9788100003539
9788100003743
9788194234814
9780143471370
9788100003886
9798905404054
9798905404108
9788100003876
9789383721931
9788184959772
9789390656134
9789350481790
9788170521273
9788195977321
9789354695117
9789391730840
9789361820762
9788171859672
9789355215307
9789392657061
9788198622839
9788198727091
9788198727077
9788198727053
9788189485238
9788174791665
9788119750214
9788189750619
9788182838017
9788198820983
9788171857296
9788183153690
9789390343829
9788100000576
9789390645305
9789375730729
9788187798750
9780367539559
9788123718071
9789394649200
9788123795508
9788176226301
9789350897171
9789371182027
9783007846086
9788197054563
9789371181358
9789371185295
9788100003658
9789391807955
9788171856039
9788189035037
9788181291929
9789352297474
9789352297467
9789393232618
9789353768591
9789385593925
9788100002877
9788100001636
9789352884773
9788199432116
9788100003588
9788100001766
9788190804691
9789381484326
9788100001643
9789358565409
9788129311146
9788100003532
9788175978065
9789355212023
9788172702335
9785268874587
9788100003582
9788129882288
9788129812292
9789358562323
9789387297784
9789385593819
9789334041286
9788197105661
9788188756792
9789353004705
9798903620692
9780144001453
9789385005237
9788184541205
9788173861215
9788100002875
9789359776125
9788186103302
9789387297371
9788197105647
9788100003655
9788100003785
9788100003822
9788186569382
9789354405891
9789354407581
9789864752720
9788100003693
9788100003727
9789364484213
9788100003663
9788100003234
9788171247431
9788120783508
9788194777250
9788124603635
9788174142832
9789389665093
9798889596349
9788100003676
9789371180887
9789371181761
9789371187114
9789371185028
9789371180122
9789371189538
9789371186612
9789371184441
9789371188845
9789371189750
9789371183710
9788170844686
9788100001633
9789389665130
9789380326467
9789381484487
9788195380756
9788100003751
9788100003565
9780143466444
9789352662623
9789352662630
9789353490324
9789349159389
9788100003634
9789381464885
9789354400872
9789380049915
9788100003594
9789381464915
9788119749478
9789349001916
9788100003723
9788100003771
9789369946662
9788100003557
9780143470588
9789390085880
9789385224621
9789389562774
9789385986185
9788100003528
9789385224652
9788100003619
9788186510278
9788100000841
9788184541175
9788184541250
9788100003574
9788100003935
9788100003564
9788189235680
9788189750275
9789371182096
9788186471692
9788100003797
9789358136432
9788100002988
9789383721085
9789394176058
9788180312106
9788196301255
9788194515142
9789391730536
9789360867409
9788197765384
9789392099359
9789364489881
9789384406523
9788194794561
9788100003975
9789357808194
9788171383238
9788128810367
9789348561688
9789359712659
9789359712192
9788195150021
9798190038187
9788190038187
9788177866599
9789352205639
9789384898618
9788174454126
9788185787671
9789385098161
9788186336366
9788100001049
9788185501000
9789380326177
9789380829906
9789392759352
9781637540046
9788189235956
9788188757015
9789384406295
9788123738628
9789395686136
9789394061477
9798896320661
9788198638618
9788119277841
9781465300485
9789334234060
9788186882421
9788123791135
9788123747682
9789360863913
9789384168483
9789395686129
9789347043369
9798905848001
9788100003529
9789387297852
9789395073875
9789386224859
9780143429241
9788195324934
9788172701048
9788123766065
9788199128002
9781545761748
9788121206075
9789362803290
9781642492422
9788179508626
9798887046129
9788199824270
9781644292525
9788175974579
9789348138927
9789348138835
9789374623824
9789384168209
9788188757063
9789375733218
9789383522279
9788172339203
9788172339197
9788121500449
9789360800758
9780143470946
9789371427654
9789381039601
9780143464259
9781685381264
9798887048963
9789360866662
9789374437179
9789360285265
9789365474558
9788190777087
9788176212854
9789348569806
9789348569615
9789391547370
9789349845985
9788186775554
9788119756773
9788186103494
9789385958304
9789347043536
9788186103123
9788183563222
9788131611555
9789354884153
9788100002870
9788171690497
9788171698493
9789394369924
9788192698359
9788171696031
9788131610459
9788131613702
9788131611050
9788131610435
9788198736901
9789350480588
9788177868432
9789385721212
9788177868852
9788188995004
9788192618265
9788119436309
9789381952535
9789390958740
9789380644271
9789394265134
9789390553808
9789395390996
9789390553839
9780143460299
9789390594078
9789388274982
9789355217158
9788123712284
9789390960811
9789390960873
9789390960781
9789354863486
9788119700837
9788123738437
9788100000137
9788177867541
9780143465461
9789355621214
9788121213721
9789334402773
9789367806302
9789367801680
9788100003064
9788123735634
9780143478041
9789354689505
9789353768454
9789355216007
9788179911822
9780143473794
9788123756110
9789369204984
9789369204441
9788195996957
9788174453914
9788171641997
9788123769356
9789383721436
9789349159860
9789351367772
9789353114534
9788199055100
9789383145911
9789377303488
9788179309551
9788179309896
9788179309445
9788179309759
9788179309179
9788171859641
9789334259292
9789357941327
9788125034681
9789394200913
9789392374289
9788183152518
9788183151894
9788175973855
9788100003112
9788100004009
9789352880002
9788192540887
9788175973824
9788171201280
9788100001961
9788100003675
9788100003530
9788186336991
9788186921968
9788175970755
9788100003799
9789380326900
9789381620427
9788100003879
9788100003867
9788100003854
9789381620038
9788180850554
9789364486415
9798901363232
9798901764947
9789381484210
9780069347001
9788179509043
9789381484470
9788183150637
9788100003710
9788175973183
9798895417867
9789364482189
9788175054578
9789381120309
9789382742364
9788175972216
9788175972933
9788175973664
9788194080565
9788100003858
9788187418726
9790045746537
9788100002482
9789389665949
9789389665932
9788100004010
9788186336717
9788100003838
9788179500354
9788175972575
9788100002999
9789386554598
9788100001708
9788100003907
9789391940652
9789389665482
9788179507483
9788100003749
9788100003033
9789357825290
9788100001976
9788100003888
9788100003548
9789392638336
9789392638343
9789392638473
9788184013559
9788184013566
9788184013986
9788184013870
9788184014136
9788184014143
9789362975508
9788192856742
9788192856704
9789387232051
9788179509845
9789381570463
9788170847588
9789384454555
9788171209477
9788100002300
9788100003953
9789364483124
9788100003757
9788175970168
9785846847927
9788100003941
9788100003740
9788172241308
9788100003642
9788189562700
9789391316419
9788174790248
9788100003605
9788100003758
9788100003523
9788100003524
9788100003541
9788179509920
9788100003650
9788100003686
9788129300010
9788100003689
9788171106608
9788100003929
9788179509449
9788199133839
9789382443339
9788170844914
9788100000278
9788100001639
9789390081974
9781529330519
9789392803833
9788121915151
9788189973940
9789385858567
9788172337872
9798888693766
9789350482629
9781639401536
9788184937138
9780143476375
9789358860139
9788119032976
9789350832905
9789352208104
9789353225919
9789373170282
9780143475392
9789395598040
9788170701019
9788170701026
9789356407527
9788100003587
9788194794516
9788194461111
9788172334857
9788100003736
9789355180681
9789381530672
9788188808636
9788188808632
9788183150569
9788190702546
9789367800522
9789367800867
9789380829081
9788171855360
9789334194661
9788183558365
9789351442059
9788195056491
9789353240257
9789389982138
9789383513673
9788172013486
9781719082945
9789395166492
9789395166515
9788183151078
9788121911887
9788121911894
9788121911900
9788121911917
9788121911924
9788131002889
9798885557887
9788123760353
9789383260843
9789371976701
9789371971669
9789390378852
9789381384138
9788184955446
9788172330606
9789387297425
9789351654407
9789362978028
9789351654384
9788181436603
9788178132471
9789350951866
9789350959916
9789350951903
9789350951859
9798886290875
9789347138355
9780143465348
9789390924004
9789384649203
9788123729343
9789373170930
9789393529985
9788196814373
9788196814311
9780143478546
9788178542867
9789384699291
9789382496878
9789382496885
9789382496892
9789347043925
9789383145218
9788171857937
9788190082372
9780143476382
9788123747323
9788123731254
9788100003585
9788196044732
9789343459072
9789389931518
9789389053050
9789363793477
9788100003627
9788184253375
9783077152933
9798903624898
9798903624881
9780670099887
9789326354738
9788170112334
9798892773621
9789353224288
9789355214096
9789355215956
9788123787282
9789384406103
9789350128831
9788173158766
9789355212702
9798895561874
9789355216403
9788123770819
9788121504492
9788100003892
9788123773193
9788189750251
9789354914492
9788123711591
9789392573873
9788183610681
9789381506868
9788123726038
9781763700017
9788119623945
9788121211062
9788121211079
9788131808467
9788131808610
9780143476399
9789384168841
9788185787473
9788188575116
9788188575119
9789371978712
9789384168636
9780674292710
9789367716489
9789353624309
9789390749614
9789392791116
9788174142115
9788198943309
9788100002992
9788174870841
9788100000572
9789390981649
9789384699451
9781942426516
9788192702612
9788123752228
9789389184044
9788100001822
9788123711768
9788123712888
9789393111081
9788173045998
9789389643008
9788186103082
9789385958540
9789371976299
9789385858253
9788175054882
9788188757411
9789352203352
9788100002869
9798899844225
9789355219671
9788172765675
9788193371480
9798896104896
9789393232137
9798185787809
9788199447103
9789381620595
9789381620885
9798903425877
9781639573462
9798899060182
9798888055021
9798903428007
9798903428014
9798888699911
9789377302580
9780143463368
9780143456254
9789381620359
9789381620939
9789381620991
9788100001638
9789356599192
9789356170124
9789355577108
9788120777026
9789386092762
9789355436450
9788175248779
9788123770789
9788183150651
9788195113811
9788189471460
9789354401213
9788192361833
9788170556114
9788183154765
9789350790755
9788193425381
9789356296718
9789395089739
9789381620151
9789351768708
9788171107162
9789381781142
9789381781159
9788181465771
9789355436283
9789373175676
9789353527600
9789353528300
9788182745810
9789380494562
9789383189533
9789365695809
9788122127003
9788122117424
9798889756149
9781637810620
9798889091943
9788193446270
9788193461761
9789352663804
9789352663873
9780231150644
9780231150651
9789393875129
9781649194701
9798894987484
9781637813416
9788170543909
9781639208630
9798887723785
9798887045337
9788194736011
9798887045191
9798889354437
9788122129533
9780781810166
9789353521837
9789388178631
9788120822276
9789390924011
9789388241427
9789389647723
9781444174687
9789385385759
9788178123684
9788182744677
9788183227452
9789355439161
9788183226035
9788183226646
9788185026213
9788181460660
9789353765644
9798889598848
9788125030157
9788123902432
9789393128133
9788181462626
9789388019804
9780143460329
9780198079385
9788183225120
9789355436863
9788129106179
9789353451073
9789350463284
9788183222204
9788183222327
9798885213165
9788183223102
9789355206305
9788183223119
9788184972603
9789388241458
9789371973137
9788183223805
9788183226455
9788195041503
9789355435187
9789355437365
9789387383371
9789349358492
9788183226172
9789373177823
9788189955045
9789357208635
9788199145283
9789355431509
9789357028349
9789370039001
9789388757362
9789384454036
9789350890356
9789350468746
9789380283913
9789381626092
9789355431233
9789390924189
9789362052469
9789355433909
9789355438508
9789350466858
9788183223362
9788183222365
9780143469421
9789391560737
9789390924066
9789355435033
9789355432247
9789355436504
9789355432391
9789355435484
9788183223188
9780143474784
9798888158661
9789355432278
9788199442702
9789353528942
9789355434784
9788183227797
9789383203673
9789392126406
9789357205580
9789355433114
9780143473398
9789390085392
9798890020499
9789362053213
9788183222723
9789390924905
9789355436832
9789355438928
9781542040471
9781542044172
9789355430342
9789355436405
9789361315152
9789355437310
9789350461211
9789357024006
9788194735304
9789390924462
9789390652297
9789354478598
9789391242985
9789387578081
9789355433992
9789355432605
9789355438126
9789355438140
9789355438157
9789357207775
9789357205917
9789395853026
9780198062202
9789361133978
9788189955038
9789380658827
9781590176788
9789381283097
9789355435811
9789386667083
9788181463647
9789350461044
9789390085385
9788197996047
9788183223584
9789384898236
9789355436924
9789348098375
9789355433923
9789348098009
9789355439109
9789355432889
9789355437518
9788181468987
9788189934828
9789382585084
9780143444442
9789355430366
9788183223232
9789350460955
9789389982763
9789389982756
9788183226806
9789353520908
9788184957518
9789355433053
9789355439000
9789355431127
9789390085910
9789355437648
9788198184429
9789389143959
9789365476286
9789389647792
9789389143218
9789355439253
9789355438027
9788181469717
9789355435903
9788187108757
9788181462480
9788183227612
9788184972566
9789353527655
9789362052674
9789389143638
9788183226486
9789355433558
9789388241861
9789355435231
9789355434234
9788183222464
9789362146533
9789390900930
9789391256548
9789391256746
9789357027953
9789394112568
9788183225618
9789350463369
9789390260218
9789390085217
9789365471328
9788181461773
9789385724329
9789389203073
9789355437426
9788183222051
9789350468913
9788183227827
9789381626603
9789369891832
9789357205924
9789348521729
9789350460436
9789355432285
9789386206886
9788183285049
9788178246581
9789385152757
9789353529048
9789361566035
9789353525880
9789355438294
9788122311204
9789364076043
9789386850430
9788193893241
9789353528546
9789355437877
9788183223133
9789391256579
9789391256760
9789361568084
9788184956924
9788129142276
9788129142269
9780143455455
9789387243910
9789387243927
9789387243903
9789355203700
9788194736028
9789390989027
9789390989010
9789350483329
9789389647051
9798885691147
9788195317820
9789353525125
9789355438973
9788121618403
9789387383463
9789389143713
9788183220187
9780143423041
9789352755516
9788176555210
9789355437334
9788183226240
9789380069456
9789380070599
9789380070575
9789380070414
9788174142984
9789389647860
9789375424628
9788183223683
9781638067726
9789389225259
9789353520915
9788196596514
9781647601744
9788196596521
9788196596538
9789353523664
9789358773767
9788125015949
9781636696669
9788199468092
9780143450191
9780143440413
9788198740519
9780143459651
9788171675128
9788125026518
9789350464281
9789355430328
9788171675326
9788183226868
9789357206839
9780804839617
9788199457690
9788119625130
9789355430663
9789353768522
9788173862663
9780143477907
9780143477914
9788100003891
9788198621627
9780143477921
9789348433312
9788119555369
9788123774213
9788195464371
9788171859139
9789376612192
9789376611980
9789387944589
9789375001683
9781452165912
9789391835026
9789374513415
9788177229356
9788131803967
9789390078844
9789391895549
9789380188089
9780143421450
9788175993891
9788126715732
9788195138135
9789353494001
9798887729442
9798899064753
9780674972292
9798887175386
9781460993088
9798889237341
9798887832180
9798886844504
9798903195107
9798888498552
9788122124798
9798903928163
9798903928156
9788119095353
9788122124767
9789383166060
9780226152745
9789359442921
9780198952398
9789386215604
9789361137556
9798889094159
9798888838303
9788186050781
9798887332161
9788186050521
9788180900521
9798885910484
9789393511294
9781637456378
9798889863250
9789350026229
9780253002334
9798888058299
9781947634916
9781685388133
9788169669078
9789333375436
9798885915892
9798890674173
9798903625055
9789357311694
9789353240875
9788177357387
9798889758983
9788170289067
9798889517979
9789386463166
9798897444243
9789354421266
9798900543284
9798900549002
9788187358145
9781637459546
9788119166190
9788122140156
9798905604461
9789556652307
9789556652314
9788122141269
9798892777650
9788121240888
9788121240871
9789356799227
9781646502202
9781684870967
9781636690353
9781986332316
9789383701568
9788121230667
9788121230650
9788121511735
9789375396581
9789333370882
9789385750489
9789385750496
9789385750502
9789385750519
9789385750526
9789352741144
9789352741151
9789368541257
9788184983913
9789371334679
9789371335676
9789353245153
9789353245160
9798886290516
9798888498927
9781647603151
9798887830612
9798888057025
9781647831967
9781685384968
9781685232450
9789372488562
9789372487732
9788122140330
9781637813058
9798885695237
9798890023063
9798890023322
9788119436347
9789390678884
9788100001973
9789354423840
9788194459088
9780143477938
9789348963543
9789355212382
9788185787510
9789380326986
9789371187503
9789391446598
9789382443407
9788100002997
9788123744421
9788197019968
9789380076737
9788131758496
9789394525238
9788180887321
9788171104352
9789355010445
9798894983462
9788123779768
9788189498245
9789384091057
9788180902574
9788171248155
9788126340385
9789388575010
9789381620724
9798899840524
9789387297296
9789371262026
9789371262729
9789392419881
9789390081936
9798905603563
9798905603501
9780340856543
9780340779880
9788121601924
9789382891093
9789353496364
9788100003037
9788172225667
9798889353683
9789355439673
9789354804939
9789352203987
9788100002957
9789390101108
9789354913204
9788176212380
9780143424291
9789354911699
9789380565958
9788100003977
9780143477945
9789380336480
9789351864417
9789354912764
9788123768168
9788174455536
9788189471446
9780143477952
9789357942201
9789385593086
9789371977098
9788123770093
9788170119517
9789380829784
9789373171852
9780143452997
9789363880481
9781685542641
9789392374272
9789350741092
9781110150342
9789388527644
9788131269701
9798904791971
9798904791988
9788119496846
9789389471045
9789354802010
9788123761701
9780143466079
9788197045196
9789387655812
9788123436456
9789348643483
9788100001977
9788119496945
9780143477204
9788119166060
9788119556564
9789394758346
9789348561596
9798887495903
9789389305012
9789391019846
9789355439635
9789373174136
9788130915890
9781639402458
9788121230971
9788121230988
9788195294817
9789369891351
9783443950859
9788197887970
9788121243162
9788121243155
9788100001627
9789363868991
9798887043555
9789391951504
9780143466659
9788177868425
9789359576893
9798898269579
9780143461937
9780143463481
9789379858146
9789379857484
9789375739197
9789373175683
9789355623645
9789373173290
9780143457503
9788199454903
9789359573991
9789349358966
9789389178340
9789394112063
9789394112001
9789389567977
9789390540204
9789369201822
9789369208951
9789371696227
9789371699969
9788197275296
9789349358508
9788190256216
9788100001598
9781648927492
9789395661102
9789356840867
9789395106603
9788189430528
9789384454258
9788172345457
9780143463757
9788190605601
9789380636269
9789380636252
9789380636009
9781645879121
9798904315801
9798904315818
9780670092611
9780143478799
9788178246949
9788178246604
9788100001656
9789373171173
9789373171500
9789380070629
9789359574608
9789380070650
9789394112278
9789371973731
9781519209160
9789391560744
9789389432657
9781519209061
9789389567465
9789395437295
9789390924295
9789382104636
9789386797339
9798888499436
9789373177618
9780143478805
9788100001646
9789373176680
9789393559807
9788100001628
9789355716132
9788175993266
9788119623020
9789389567953
9789393757906
9788119812028
9789366312750
9789366086071
9781108844130
9780143477624
9788194198499
9788184957051
9788184955569
9788184954890
9789391019457
9789393559654
9788199723498
9789380227863
9788193607336
9780736106559
9789390924691
9788178240404
9788178245430
9788198507228
9798886411966
9789369524617
9789354406225
9788175994102
9789360456740
9789353768997
9788184955682
9788184955330
9788184951134
9788179927304
9788184953152
9788184957914
9780143466406
9789389104493
9789389104523
9789390378357
9789359447032
9789359578255
9789355432575
9780143483069
9788121282840
9788121282727
9788121246064
9788121245265
9789355213792
9789354886799
9789355216144
9789359577548
9789348098887
9788198609199
9780143457190
9788193401590
9780836416343
9789375482277
9789375480549
9781643247595
9788172299286
9788121503815
9781179572062
9780747578840
9789353240769
9788122100334
9788122126365
9781363240166
9789392126895
9781041331605
9789359575568
9789383649693
9780143466703
9798896109495
9798896109488
9789381860564
9789395073905
9789390366507
9789366495712
9788173048159
9789359572079
9789372440126
9789359447889
9789390924219
9789372442359
9798885214643
9780143466673
9788119007486
9798904519971
9798904519964
9789381182536
9789362055019
9788121512350
9788125055372
9780143466413
9789388423472
9788184958911
9788184957938
9789389305302
9788184955514
9788184955491
9788184952582
9788184958751
9789386348098
9789352203673
9788184952353
9788184952124
9788195015023
9789391951528
9789390378647
9781637817254
9788197443466
9789390645688
9798902317265
9798902317258
9789355438997
9788197019975
9789387944350
9789373170060
9789383145041
9788195893379
9788195893386
9789393559470
9788184621341
9788100001622
9788100001652
9780199489091
9788125042006
9781637456422
9789370605077
9788184958324
9789359573625
9789395437356
9789359572581
9789359440118
9789355437983
9789390132621
9789386348982
9789386867308
9788121504614
9788179924945
9788179926086
9788194130093
9789359441696
9789359571058
9788184000719
9788198609366
9781685095604
9789355434890
9788121238045
9788121238038
9788170233114
9780143475675
9780143475743
9789395073936
9788199442733
9789391242510
9789387894471
9789380607573
9788194865445
9788121238625
9788121238618
9788120803862
9788121504232
9789388241946
9789350360972
9788174140067
9788174140029
9789382276487
9789361850080
9789379388414
9788183222419
9788179929810
9789381841648
9788199333987
9789390183371
9789359574318
9789353227593
9788194932369
9780143463818
9789377306137
9789352660575
9789359574912
9788184959543
9789389931198
9789352206971
9789352205042
9788177865967
9789355995759
9789352206056
9789352206308
9789387944596
9789347027826
9780143446255
9789069801476
9789362141231
9789358563160
9789389053692
9788199428324
9789389567458
9788199253803
9789391019198
9789354409042
9789354409103
9789369730896
9789069800370
9789361319952
9789387146716
9788184952193
9789380070636
9789352203246
9789390540334
9789389567960
9789382449591
9788171243273
9780415854863
9780143464693
9789351281153
9789357229005
9781843531036
9788198845498
9789350740026
9788182860766
9788173157370
9788100001624
9788180901539
9789390060825
9788193330616
9789386835109
9789387774117
9788178541341
9789349983724
9789386835345
9789386810854
9789391034559
9789391034603
9789355185471
9788193857939
9788194654346
9788178541969
9789348420282
9789353240738
9788172112844
9789387774735
9788172113063
9789369202683
9789369200061
9789389341287
9789349983052
9789386810595
9789386810618
9788119689125
9788174458605
9789349908543
9788199265264
9788178442426
9788178442501
9789383962754
9788191076189
9789389341126
9789389341133
9788183302708
9782345678540
9789395380218
9789395380225
9788199736085
9789370979406
9789370971042
9789370978911
9789370974272
9788198318053
9788183304443
9789393580467
9789390973514
9789382998365
9788189471613
9788178540122
9788119345458
9789393285614
9788185242927
9788120825178
9789369201204
9789369202188
9789390474097
9788183302630
9789375100669
9789386835680
9789383962068
9789383962075
9789383725953
9789383725915
9788126004331
9788126314569
9789349908321
9789358704822
9788122305173
9789386630056
9788119670703
9788122310498
9788122305791
9788188775521
9788178540801
9789366655307
9789383725526
9789383725397
9789393285164
9788183302036
9789388983112
9788198007971
9789389341676
9789386810649
9789386810656
9789386835819
9789391282080
9788193391419
9789353249489
9789371979931
9788199190146
9789370925403
9788122314137
9788119670192
9789386630377
9789386630360
9788122314267
9788180483141
9788180483097
9788180483103
9788195699933
9788183302654
9788183302678
9788198847744
9788119014583
9788119014590
9789375279914
9788178442341
9789386835772
9788126318315
9789386630223
9788171615049
9789389341065
9788183302418
9789370971530
9789370977594
9788198356895
9789388848718
9789355185761
9789391034467
9789387919983
9789391034535
9788183301725
9788183301404
9788188790784
9789383980420
9788183300476
9789386630889
9789382658573
9788194587330
9789386446985
9788188791187
9788175241909
9788178543109
9788183306492
9788178541099
9789353497279
9788119019434
9789395380188
9789347163180
9789370022881
9788126309832
9788196490270
9788126043026
9788178541242
9788175242612
9789347162015
9788185133386
9789387774865
9789372250268
9789372251067
9789349908758
9788121265065
9788121265072
9788119875917
9789387774568
9789389341959
9789389341942
9788183304993
9789386810731
9789383962334
9789389341386
9789389341393
9789357742740
9789369623600
9788122310634
9788183301824
9789391818845
9789387671362
9789386835611
9788124611739
9788178541426
9788126307883
9788126301201
9788183303941
9788183300834
9788183301657
9788185133188
9788193418253
9788122304985
9789387671294
9789349908864
9789349908567
9788197418358
9788185119328
9788178440507
9788178541167
9789380292601
9788178541723
9788178542249
9788178541785
9788126032341
9788193770450
9788122304459
9788178542997
9788193857922
9788171696628
9789387774438
9789389341362
9789389341379
9789347162411
9788188775590
9789383962457
9789386810762
9788183303842
9788183302029
9788183302913
9788183304061
9789387671966
9798885752442
9788183303675
9788175244275
9788175246275
9789386059482
9788189091057
9788189091064
9789356630598
9788119019366
9788119019373
9789393901798
9788183303415
9789387572904
9788168898189
9789349908765
9789349983465
9788183304399
9788183300278
9788198683380
9789349908413
9788174458810
9789393285379
9788183304320
9788183303644
9789393285225
9788183302050
9788183304962
9789388724715
9788183303897
9788183300872
9788183300520
9788199955165
9788183302319
9788183304436
9788183304207
9789362077448
9789349983588
9788183300858
9788183304214
9788183301992
9789386630537
9788183306843
9789383980635
9788194350125
9788183304849
9788183300056
9788183305983
9788183305532
9788194398271
9788175244283
9788175242345
9788175242124
9788175244526
9788175242329
9788188775033
9788122306996
9788183304306
9788183305303
9788188790173
9788122312454
9789383980413
9789382998976
9788183300919
9789355181572
9788126319909
9789372259087
9789372257205
9788192003382
9788121219938
9788183305648
9789353212636
9789361863790
9788188775668
9789347162725
9789353240752
9788183306003
9789371648714
9789351738787
9789370975064
9789370972643
9788183304597
9788183304559
9788183304566
9788183304573
9788183304580
9788188775187
9788183304535
9788183304542
9789369583591
9788188775804
9788183302982
9788193402825
9789347162237
9788169489607
9789347162169
9789347162091
9789347163067
9789380801070
9789347162251
9789347163708
9789347162381
9789347163982
9789347162466
9788169489065
9789349908390
9789347163890
9789347162558
9788169489638
9789347162589
9789347163302
9789349908222
9789347163036
9788169489348
9789347162824
9789347163265
9789347163043
9789347163319
9789347162534
9788169489249
9788169489881
9788169489188
9789347162114
9789347163272
9788169489690
9789347162992
9788169489256
9788198332455
9788199365728
9789385539602
9789381448229
9788183300957
9789383725977
9789383725960
9788198707352
9788193330647
9789383962716
9789386810342
9789386810533
9789374933459
9789374934265
9789374935378
9789374933039
9789374938676
9789374937747
9788122305777
9789383725090
9789386835420
9789386835499
9789386810045
9788183300353
9789347163661
9789371077132
9789391034832
9789354914669
9789385621468
9789388151139
9788194334309
9789349908468
9788178540665
9789370973664
9789370979451
9789358127584
9789383725861
9789383725588
9789370975392
9789370979307
9789389341539
9788198673190
9788178543048
9789347163753
9789349983892
9788185133355
9789349908628
9788183302425
9789937071215
9789389341935
9788126010233
9788129313065
9789390645893
9788178540535
9789383963584
9788186339497
9788178541570
9788183302944
9788122305807
9789349908833
9789370975651
9789370975682
9788171640584
9789349908079
9788178541976
9788122310429
9789382658788
9789382658719
9788196222291
9789387774360
9788178540399
9789381843536
9788178541204
9789383725120
9788178542331
9788174255426
9789387774667
9789372250251
9789372250442
9789362759511
9789349908604
9788174458414
9789386810359
9789386810472
9788185133249
9788175243279
9789358772692
9789393285607
9789369202737
9789369200757
9789386810571
9789386810601
9789386630261
9789386630278
9788183303514
9788178542836
9789382998082
9788193391488
9788193407110
9789380801261
9789389585025
9789369629800
9788183303705
9789383980338
9788183300568
9788183300667
9788185133867
9788178442952
9788183302876
9788183305761
9788175245310
9788175246768
9788175244895
9789358774023
9789358777352
9788183300827
9789362071811
9788183305310
9788183300841
9789349908932
9789383980444
9788183304481
9788183304511
9789351733720
9788183304474
9788183305730
9789383725106
9789383980895
9788183304153
9789387671904
9788183305358
9788183302180
9788185133232
9788183306409
9788178543024
9789347163296
9788178543420
9788129301147
9788178540504
9789334408874
9789395380317
9788119019410
9789387774872
9789388698115
9789387774940
9789387774803
9788189576530
9788168571020
9789367398258
9788178443300
9789386835048
9789393580634
9789391297534
9788198344427
9788122314649
9788188775545
9788175243767
9789359781075
9789358772005
9789358770612
9789358770223
9789358770155
9789358775938
9788175245212
9789358778908
9788196319120
9788175242531
9789358771749
9788175246300
9788100002748
9788120841932
9789372259865
9789372256864
9789386810960
9788178440897
9788122306712
9789390081967
9789390973705
9789390973781
9788126300116
9788126300132
9788126300191
9788126300272
9789393393661
9788175246331
9789358770193
9789393393319
9789393393326
9788122306798
9788175245093
9788175242639
9789358775402
9789349908192
9788189983659
9788175242213
9788189983444
9788175244984
9789358773118
9789358777796
9789358774962
9789358775440
9789393393920
9789358777628
9788175242051
9789393393821
9788183303781
9789387671812
9789358779899
9788175244585
9788175242685
9788175244534
9788175245611
9788175242273
9788175246119
9788175245034
9788175245255
9788175243295
9788175242361
9788175242515
9789358778571
9789358776447
9788175245069
9788175243899
9788175247284
9788175244852
9789393393838
9789358772142
9788196319106
9789359787305
9788175246508
9788183303798
9789367504796
9788175246522
9788175243791
9788175245123
9788175242620
9789358779998
9789358776348
9788175245115
9788175247536
9788175246553
9788175246416
9788175244818
9788175246386
9788175241551
9788175244518
9788175245689
9788175245476
9788175246324
9788175246201
9788175245840
9788175245166
9788175245271
9789358770841
9789358773880
9788175247291
9788175244240
9789358771350
9789358777895
9789358773552
9789358771152
9789358770285
9788175245263
9788175242426
9788175244160
9789390911196
9789358774443
9789358770216
9788175246560
9789358770124
9789358779301
9788175247277
9789359781938
9789358774627
9789358774986
9788175244402
9788175247109
9789358772074
9788175245182
9788175243783
9789358777017
9788175247529
9788175247352
9789393393876
9788183303828
9788175241896
9788175245425
9788175244593
9789358770230
9788175246546
9789358776317
9788183300377
9789391297183
9788126007448
9789362808325
9789390659357
9788183300292
9788194572169
9788183301671
9789349908260
9788183305402
9788183305495
9788194350194
9788175247079
9788194350156
9789390911240
9789367507155
9788175242728
9788188775934
9788194350149
9789387774209
9788175242302
9788188775750
9788194572183
9788183301190
9789356630697
9788188775019
9788190394460
9788183304832
9788194572107
9788183300452
9788183305525
9788194398295
9788194350187
9788183305464
9788189983000
9788119922376
9788194350163
9788194350101
9789351677901
9788183305945
9788183305617
9788183305075
9788175242442
9788188775255
9788175242744
9788190461795
9788189983116
9788190394413
9788183300445
9788190461702
9788120337244
9788183305976
9788194572190
9788198293350
9788183305549
9788183305600
9788194572121
9789381842973
9788183305488
9788189983062
9788175243805
9788189983178
9789358770186
9788188775231
9788189983154
9788175241888
9788189983222
9788177795943
9789386810434
9789386810281
9788122314007
9788188775088
9788198356871
9788178443256
9788178443317
9789349242791
9789334227680
9789334265187
9788100002789
9788197286001
9788195104543
9789347163401
9789375103691
9788100002902
9788129302526
9788122307382
9789354695902
9788122315783
9788177021356
9788119014446
9789375101161
9789355182807
9789387774414
9789357222853
9789357222822
9789393285867
9788199599949
9789371647540
9789351711346
9789383962907
9789383962914
9788198344441
9788126312408
9788122315011
9788183301206
9788183301183
9789385027185
9788189983048
9788183305235
9788194572145
9788119922741
9788120351066
9788183301152
9788183301213
9788189983024
9788183305082
9788183301060
9789391406103
9788186339305
9789388151122
9788188790449
9788183303224
9788189983130
9788175243880
9788178440903
9788171107445
9789383980475
9788183303910
9789383962846
9788119455331
9788178440514
9788198356833
9781944725099
9789372251296
9789372256581
9788188790272
9788178540719
9789372252323
9789372259100
9788194267362
9788182882911
9788121211925
9788121219471
9789349908734
9781944725013
9789361855658
9789393285447
9788198356864
9788178543055
9788198356840
9788129301154
9789383725557
9789383725816
9788199175969
9788178542911
9788100002898
9788129302588
9788178542935
9788194267331
9788178541419
9789381887677
9789347162817
9789387774681
9788178542232
9789351711758
9788194267300
9788193630297
9789356637474
9789356632332
9788178541938
9789385539749
9788178542959
9789386630544
9789383725434
9789386630520
9789383725878
9788122309461
9788178440569
9789937112802
9788174251398
9789393285089
9789393285157
9788186339749
9789393285812
9788100002895
9788129302922
9788129302977
9789390659029
9788178540467
9789381224229
9789387774889
9789360700539
9788178440163
9789386630322
9789386630339
9789386630285
9789386630254
9789370024229
9788126330706
9788126305407
9788183301046
9789383962389
9789349908505
9789353240172
9789347683985
9789352719488
9788183305297
9788183302890
9788183305716
9789387671232
9788198673138
9789390932245
9789390932238
9789390932757
9789390932740
9789390932252
9789390932283
9788178441696
9788188790920
9789386630186
9788198919830
9788121265645
9788121265638
9789356632639
9789356635050
9788126307777
9789386835789
9789347163852
9789353496418
9789326351669
9789349983533
9788183303620
9788169488280
9788178440279
9789387671201
9788183302616
9798885752756
9788129306326
9789393285027
9788122315776
9789386779076
9789386779083
9788183768948
9788193630280
9789387774766
9788183301275
9788178442280
9788178543369
9788120340466
9788122308150
9788172113599
9788183301374
9789380118611
9788178540733
9789358918953
9788172110741
9788183305754
9788183303071
9788122301205
9788172113087
9788178542515
9789390932290
9789386835734
9788178543062
9788178542089
9788178543154
9788178540368
9788178543017
9788178543031
9788178541853
9788178541068
9788178541334
9789359664460
9788189983093
9788183301619
9789349908338
9788190987219
9788178541877
9789389665116
9788189576486
9788178542102
9788178541686
9789388454216
9788185133379
9788178540900
9788178542218
9788171109531
9788178542072
9788178542034
9788178542768
9788178543253
9789389665659
9788178542140
9789362806550
9789386810939
9789386835031
9788183304375
9788183304290
9788183305372
9788187728726
9788198356857
9789348420091
9788122315868
9789395162135
9789395162166
9789382657484
9789382657477
9789382658825
9789382657019
9789382657194
9789374931936
9789374937587
9789359479248
9788178542171
9789389341195
9789389341607
9788178540542
9789369203277
9789369209828
9789372252712
9789372253702
9788129302533
9788182882539
9788122304602
9788190191340
9788121265058
9788121265041
9788178542133
9789367807521
9789367804926
9788126320622
9788192682815
9789355188564
9789355188465
9789386630797
9789386630780
9789386630773
9789386630629
9789386630841
9789386630858
9789386630803
9789386630810
9789386630827
9789386630834
9789357750264
9789393285683
9788188790906
9789382998310
9789358478365
9788188790630
9788196332907
9789383725601
9789383725533
9788199175952
9789388677301
9789347162657
9789371642835
9789387774780
9789358771565
9789362803689
9789386810311
9789386810410
9788177796032
9789380801643
9788131614204
9788131614624
9788178440620
9789391297268
9788188775927
9789389341409
9789383980956
9789387671713
9788188775712
9789391034139
9789386771773
9789391297299
9788178440385
9788188790746
9788126040193
9789393580603
9789382915232
9789383725113
9789393580023
9789393580108
9788196490263
9789353249625
9789375272786
9789386835956
9789368535164
9789390973620
9789347163586
9789386835857
9789386835864
9789391034641
9789353241278
9789375275671
9788183300681
9788183304337
9788183305723
9788183302395
9789383962396
9789382658146
9789387671010
9788175245875
9788188775002
9788131612644
9788168838130
9789391034993
9788171694709
9788188775316
9789362075772
9789351737407
9789381247112
9789381247372
9788183302173
9788189983505
9789380801674
9788183303231
9789383980673
9789362073228
9788183303316
9788183304825
9788188775781
9788120344495
9788120348608
9789387671867
9788188775811
9788189983468
9788183302203
9788183302265
9789381247044
9788183305594
9788183303293
9788183766852
9789351677406
9789383980932
9789381247075
9789381247471
9789387919181
9789987919549
9788183301091
9789387671980
9789349908901
9788183306812
9789386630308
9788183306577
9789364524742
9788183302920
9789388028592
9788183300605
9789382658498
9789382658412
9789382658399
9789382658504
9789347162800
9789386630452
9789386630445
9789382658467
9789382658368
9789382658405
9789382658511
9788199955134
9789390461110
9789388022200
9788178542003
9789355189394
9788126308446
9788120843936
9788172111588
9788170495772
9788122310269
9789369204366
9789369203871
9788195699964
9789391297206
9788172112318
9789386630605
9789383968428
9789388019460
9789359668697
9788122304848
9788183300179
9788183300209
9788183300162
9789382657422
9789347163074
9788183304450
9788198691552
9788183306836
9788178542041
9788120844353
9788183303019
9789385621451
9788126305315
9788183303002
9788199175983
9788174458377
9788198919847
9789393285416
9789386835222
9788178443430
9789360062453
9788196755669
9788119014002
9789351711186
9789389341751
9788126330409
9788193630204
9788183301473
9788183304955
9789393580122
9788183301176
9789380873503
9788183300254
9788190394452
9788194350118
9788183303286
9788188775682
9788183304948
9788189983543
9789354439773
9789387774476
9789386397836
9788183300117
9788183303309
9788183303439
9789380873176
9788174458896
9788183306768
9788188775309
9788183303248
9788183303064
9788183304108
9789383980949
9789387671928
9788189983482
9788188775897
9788183305792
9789387671850
9788189983475
9788188775637
9788188775835
9789387671645
9789387671706
9788183302241
9788188775705
9789383980666
9788183302227
9789387671720
9788183300025
9788183767415
9789356633988
9789356634343
9788198673169
9789383963621
9788183303651
9789387671799
9789382998419
9788183305167
9788183305334
9789349908741
9789383980048
9789387919600
9789357439503
9789370974142
9789370974036
9788195267491
9788183304900
9788126312719
9788122300086
9788122308532
9789383962181
9789390932375
9789370973244
9789370979918
9788193340073
9788193340066
9788172113155
9788126050819
9788126050826
9789383964024
9788195179015
9788178543451
9788178542546
9789389341706
9788169491860
9788190888523
9788173201974
9789383369294
9789370970366
9789370970892
9788122314830
9788198318060
9789390973019
9789389341768
9789356630208
9788198673145
9789387774643
9788193402801
9789348420800
9788122312423
9788119057467
9789367508367
9789334237078
9789357750301
9789392375415
9789349908185
9789355180216
9789355185433
9788119689088
9789355417626
9789372251128
9789372253979
9788122304749
9789383725380
9789383725236
9789348101792
9789384091859
9789390659395
9788178541563
9789348239808
9788183302869
9788198691521
9789353494100
9789393285805
9788186339367
9788183302463
9788188791248
9789387567153
9789383725212
9788170816959
9788121217101
9788121219563
9789383962280
9788119014026
9788119014088
9789326318018
9789385390753
9788183305518
9788194398264
9789355317971
9789369623648
9789326350648
9788198699930
9789380801667
9789349908055
9789383980772
9789354439476
9789357750202
9789355185792
9789392661990
9788183306546
9788178543499
9788168898196
9789386810991
9788196490256
9789353241896
9788196234690
9788119019519
9788100002894
9788198699961
9788183304467
9789387774896
9789326351263
9788183300513
9788122315097
9788183302883
9789371646819
9789388019576
9789381619568
9788119019045
9788119019052
9789387774612
9789372251937
9789372254785
9789390932139
9788172113520
9788122311884
9788174458841
9789347162763
9789309416200
9789309417535
9789382998358
9788178541983
9788120352162
9788199175907
9789391297626
9788129301390
9789370973343
9789370978423
9789375437000
9789383725984
9789386835574
9789383962921
9789383962358
9789383725342
9788195110537
9788195110520
9789390973224
9789371649018
9788175244313
9788119019243
9789383980765
9789383980758
9789383980727
9789386810717
9789386810700
9789393285058
9789349983526
9788178441542
9788178441566
9789393285300
9789393285874
9789395380416
9789395380423
9789380873237
9789387774605
9789387774636
9788178440835
9788199645141
9789387774902
9789387774551
9789371333887
9789371332514
9789358770926
9789359576169
9789369547074
9788188790524
9788178440484
9788185133331
9789389082937
9789355485304
9789355485311
9789395380041
9788174458582
9788174458599
9788178542270
9788183302500
9788188790210
9788188790098
9789380550737
9788190248150
9788183304641
9788183302517
9789349908949
9788178443409
9788178443393
9789358778588
9789358772668
9788175244968
9788175242396
9788175243619
9788175242663
9788175242548
9789386092892
9788119922222
9788198356888
9788175244658
9788183301831
9788175242388
9788183305570
9788196319144
9788175245670
9788175245379
9789358778526
9789359786216
9788175244208
9788175244178
9788175245174
9788194398233
9789358778298
9788175242401
9788168838123
9788175244666
9788175242116
9788175243600
9788175245964
9788119689118
9788183304733
9789382658160
9788178443089
9788178443096
9789393580252
9788188790623
9788178440859
9789357750141
9788129343086
9788126027316
9789391034252
9789393580276
9789355183569
9789371068994
9789371069540
9789387774575
9789383962228
9789353241483
9789353240479
9789387774506
9788122310382
9788119020011
9788119019649
9788122309973
9788122310962
9789385621253
9789383980260
9789391034221
9789391034214
9788189131876
9789383725571
9789383725564
9789386835260
9788119689057
9788126027439
9788188790111
9789375272885
9788196975579
9788172018054
9788174253088
9789391034634
9789391034689
9788197350580
9788188790777
9789391034658
9789393580986
9789383725663
9789383725762
9789383725779
9789383725670
9789386630728
9789386630711
9789386630735
9789386630742
9789383725618
9789383725717
9789383725724
9789383725625
9789383725632
9789383725731
9789383725649
9789383725748
9789383725656
9789383725755
9789386630704
9789386630698
9789386630766
9789386630759
9789386630674
9789386630681
9789383725786
9789383725687
9789383725793
9789383725694
9789383725809
9789383725700
9781997766056
9789389341577
9789389341584
9788178440521
9789390688203
9789355481962
9789370973619
9789370972148
9788178440538
9788178440248
9788188790531
9788119922901
9789387774957
9788178440934
9789393285836
9788188790456
9789372251265
9789372256734
9789391395100
9789391395094
9789391973568
9788168898172
9789367500255
9789372256048
9789372250688
9789382658733
9789391395391
9788198345127
9788126024254
9788192003351
9788192003368
9788188790593
9788188790432
9789349908406
9788178440606
9789393285249
9788122308365
9789385985454
9788171856176
9788171697625
9788122310177
9789374241967
9788188775217
9789390981687
9789383206834
9788100002904
9789386630063
9788198318039
9789393285843
9788121260480
9788121260473
9788195110551
9788195110544
9789373593692
9788168838109
9788188790715
9789385302855
9789382998686
9788188791170
9788172016579
9788119019106
9788119019829
9788198919816
9789386835482
9788178541648
9789362076229
9789326352512
9789355183774
9789383725939
9788126306152
9789389341225
9788183305259
9789386810205
9789386810397
9789355180407
9789355185006
9789382658122
9788183300629
9788120350038
9789393285652
9789393580702
9789393580696
9788178543307
9789387028623
9788198919878
9789383963102
9788188790814
9788178542485
9788198919854
9788183301633
9789349908314
9788190461733
9788193402818
9789383725274
9789383725267
9788126307913
9789383980451
9788183768283
9789393285713
9789380292021
9789382658344
9789386835512
9789386835505
9789386630919
9789395380443
9789393580443
9788190394436
9789391034245
9789372252316
9789372257595
9789385485343
9788183304719
9789371695770
9789371695183
9789349983342
9788170072713
9788188775958
9789395380430
9789395380447
9789383725144
9789383962297
9788178440880
9789382998677
9789389195033
9788198293398
9788169489263
9788126043088
9788185119649
9789370972049
9789370970281
9788126043224
9788169302586
9789351710707
9789383962174
9789386221797
9788193875599
9789390900084
9789353246419
9789353249724
9789353249731
9788193630242
9789385621727
9789371006330
9789386630612
9789386630971
9788175243465
9788174458681
9789349144361
9789390973835
9789357743297
9789351711254
9788188775941
9789348420206
9788122313376
9789375276906
9788122312539
9789389778724
9788192331171
9788189983673
9788192004921
9789355742810
9788122315622
9788122314052
9789334179798
9788168650626
9788198678386
9788126026678
9788168650619
9788194893004
9788179509135
9789349113008
9788196008017
9789380244495
9788119541560
9788194448952
9789390811410
9789390958061
9789355232427
9788195978168
9789395268608
9788197914867
9788195753222
9789381098158
9788194437161
9788195458455
9789388631105
9789334368918
9788194940401
9788193366974
9789394793583
9788199348912
9789394516007
9788194966692
9788197083365
9788199348998
9788199067363
9788195383078
9789390771950
9788195904853
9789391994648
9788199942905
9789390958252
9789392474514
9788179509128
9789355666789
9789379430205
9789355231048
9788199942950
9789390958184
9788194448907
9789395268318
9788195650767
9789355273192
9788168515215
9788119320363
9789354691355
9789366665467
9789391994914
9788197505928
9788199652125
9789380220635
9788199013049
9789366660936
9789355273277
9788199067394
9789348598844
9788198981752
9788199739321
9789355232403
9789375104605
9788193476598
9788199952300
9788198623638
9788196058913
9788183452359
9789390107377
9788190735520
9788195630141
9788198950611
9789380630786
9788199070745
9788179503904
9788180851964
9788119628292
9788196975302
9789387234628
9789390989638
9789385814174
9788197241420
9788194405054
9788119576395
9789348660039
9788198385871
9789349113800
9788119436545
9789366666747
9788193269152
9789347923746
9788194467946
9788195393718
9789358159950
9788199013025
9788196208004
9789356070646
9788192786599
9789380020778
9788119436804
9788194211327
9788199586833
9789349017955
9788199312821
9789355273123
9789390771790
9789384646530
9789349113367
9789386755193
9788119496617
9788198158703
9789392241451
9788199716438
9789395268226
9788199067387
9789390802951
9788194008439
9788199458345
9789366663012
9789366667812
9789355276391
9788199067332
9788183452434
9788190788588
9788195006984
9788119550234
9788119576357
9788195095278
9789393724960
9788194334859
9788199067325
9789390958115
9788194455134
9788199853836
9788119496952
9788195630172
9788119191123
9788179501740
9788192123721
9789392241888
9788179508763
9788183072090
9789351710332
9788121244312
9788121244329
9788184953237
9788184954180
9789360852047
9789334415261
