9781975215514
9783083381266
9788190795203
9780198425427
9789356511835
9788885923553
9780761818380
9789390611003
9798218671594
9782090398243
9789389996227
9789389235036
9789389996364
9789391063641
9789390212859
9789390309221
9789390309702
9788498460308
9789389235777
9788496867994
9781740311045
9780262012140
9781591797746
9789350257944
9780521401616
9780881670370
9783527502189
9788194726968
9780631152293
9781855217416
9781850703990
9782711613083
9782711615360
9789384337735
9789390611478
9781398824515
9789380428574
9781408111345
9789390309191
9781841022215
9789390611812
9789356513440
9789390309290
9789390611010
9789391063306
9789392851537
9789392851940
9789392851957
9798235888838
9788194726920
9789356511712
9789389996296
9789389996760
9789389996791
9789390611171
9789391063085
9789391063375
9789391063573
9789392851049
9780850335996
9781039646049
9780791835661
9789251094389
9781240116461
9780865775053
9782909961095
9782251390314
9789356511798
9789356515437
9789356517967
9789389996098
9789389996326
9789389996340
9789389996579
9789390611386
9789390611638
9789390611706
9789391063443
9789392851117
9789392851131
9789392851230
9789392851926
9782852971912
9781981632572
9781346682938
9783700171447
9789356517950
9789356518049
9789356516953
9789380428796
9783125013995
9782877230230
9788182741256
9789390611423
9789389996135
9789356511279
9789356511286
9789356514706
9789356516991
9789356517158
9789356517974
9789389235104
9789389996562
9789390611317
9789390611874
9789391063252
9789391063788
9789392851575
9789392851759
9789392851841
9789881619464
9781493531844
9789356511620
9780803237896
9789356511347
9789356511996
9789356512016
9789356513174
9789356514775
9789356515444
9789356516380
9789389996289
9789390309238
9789390611164
9789390611539
9789390611652
9789391063245
9789391063320
9789391063344
9789391063511
9789391063665
9789391063672
9789391063689
9789392851124
9782251385709
9780867156539
9781494430603
9780472108299
9781855217393
9789350904213
9789356511774
9789356512580
9789356515673
9789356518360
9789391063214
9789391063887
9789392851032
9782251447032
9788194726999
9789356510036
9789356510135
9789356511507
9789356511644
9789356511767
9789356511842
9789356514140
9789356517905
9789356518391
9789389235111
9789389996630
9789390309184
9789391063238
9789391063399
9789391063405
9789391063627
9789391063757
9789392851834
9788024646657
9789356511149
9789356511262
9789356511941
9789356511989
9789356512085
9789356512191
9789356514089
9789356515079
9789356516076
9789356516922
9789356516946
9789356517295
9789356518841
9789389996043
9789389996548
9789390309085
9789390611997
9789391063009
9789391063382
9789391063603
9789391063658
9789392851025
9789392851063
9789392851452
9789392851476
9781287356080
9781962569453
9789082012316
9781240047116
9781240080939
9781240094295
9781240097616
9781240101924
9781240150489
9781241006723
9781241050399
9781241102180
9781241117665
9788417956288
9789356510791
9789356511446
9789356511651
9789356512382
9789356512429
9789356514379
9789356514478
9789356514577
9789356515628
9789356517691
9789356518094
9789356519077
9789356519152
9789390309504
9789390309528
9789390611157
9789390611256
9789390611324
9789390611805
9789391063108
9789391063115
9789391063221
9789391063542
9789391063726
9789391063955
9789391063986
9789392851070
9789392851360
9788408185550
9781240017874
9789391063467
9789392851353
9789392851780
9781575861982
9789356510104
9781427161697
9782711614707
9781240145638
9781240100538
9781873429877
9781240016938
9781241110734
9789356510074
9789356511668
9789356512115
9789356512153
9789356515406
9789356515871
9789356517035
9789356517677
9789356517998
9789356518605
9789356519183
9789356519893
9789390611614
9789390611775
9789391063634
9789392851643
9789392851698
9789392851728
9789392851766
9789392851872
9789392851902
9789392851919
9781240002962
9789356512023
9781240012022
9781240068531
9781240077601
9781240102051
9781240114436
9781240128815
9781240152575
9781240152735
9781241100520
9781241106140
9781241109394
9781241109721
9781241110338
9781241118020
9781241118242
9781241125837
9781275074637
9789389660975
9782952596268
9788184487657
9789462361010
9788194726982
9781240122523
9781240132966
9781241050221
9788194726906
9789356511491
9789356511729
9789356511811
9789356515505
9789356517172
9789356519817
9789389996210
9789389996807
9789390212828
9789390611232
9789391063702
9789392851414
9789392851490
9789392851568
9781240002078
9782952596251
9782711628773
9789356514027
9789356516298
9789356517899
9789356518421
9789356519206
9789391063122
9789391063764
9781240122653
9780471741244
9782711624997
9789356517523
9789390611966
9781240016945
9781240053261
9781240053285
9781240068609
9781240071418
9781240078561
9781240082308
9781240085910
9781240095216
9781240106844
9781240111954
9781240129188
9781240130511
9781240152056
9781241095611
9781241108014
9781241118228
9781241119935
9781240011933
9781240030576
9781240073191
9781240084524
9781240085811
9781240105762
9781240125142
9781275070158
9781241006716
9781241050382
9781241117634
9781240072033
9789356510081
9789356510807
9789356511361
9789356511521
9789356511781
9789356511934
9789356512634
9789356512931
9789356513822
9789356518773
9789356519220
9789390611058
9789391063498
9789391063535
9789391063849
9789391063870
9789391063924
9789392851100
9789392851483
9789392851520
9789392851889
9781240012084
9781241098926
