9781241104566
9781859833186
9798287211981
9781641564809
9781634728539
9798268703665
9798269244570
9798851929533
9781103420599
9781240079247
9781240101269
9781240127085
9780764306839
9781145768703
9781241316327
9781241365677
9781241560522
9781289347871
9781241110437
9781240151554
9781241083694
9789994682065
9798608547713
9781287356448
9781850758310
9788412081282
9781098260699
9781240049080
9781240110315
9781240130238
9781240135776
9781241007829
9781241037659
9781241050276
9781240101283
9781240128150
9781289355043
9798293582402
9798266241459
9781098241124
9789356513112
9781494366384
9781727724622
9781240083985
9780631188629
9781500851859
9798326603807
9781108861519
9782487116207
9781778530890
9781240081066
9781240090976
9781240135189
9781241007157
9781240124565
9781275485631
9781240067671
9781240106912
9781240180899
9781241089658
9781240023660
9781240027101
9781240054237
9781240073665
9781240090600
9781240118434
9781240121724
9781240125975
9781241040444
9781240176083
9781241079635
9781240157976
9781240027279
9781240067596
9781240095025
9781240151813
9781289352813
9781289354534
9798289929525
9781240090426
9781241084769
9781240092918
9781240125821
9781240126484
9781240132386
9781241097219
9781241107123
9781289353131
9781240067770
9781240080847
9781240126170
9781241106508
9781240089680
9781959403609
9781964804200
9798268387407
9781240027224
9781240023233
9798323095988
9798323616152
9798325067990
9798325557217
9798866638154
9781532169144
9780413472304
9788479537517
9788484457176
9781240104987
9781240110223
9798598626771
9798297269217
9781909229242
9780716748229
9781736504277
9781240021949
9781240077458
9781240095902
9781289349288
9788190081009
9781240090679
9781241080426
9781241156626
9781241381202
9781241443962
9781241501624
9781609406219
9781240125234
9781287356431
9781240026838
9781240107162
9781240131754
9781240145416
9798327700024
9781857422856
9798991799768
9781240091973
9781240158102
9781241081201
9781287344766
9781847772121
9781241062743
9780554938974
9781240021680
9781289348571
9781850757139
9781110626175
9781784184155
9780316577908
9798245661155
9782711623013
9798292129264
9781287356479
9781287361404
9781240091959
9781240152155
9781240134960
9781289346744
9781240061730
9781240077793
9781241089252
9781289355241
9781908809322
9781287354765
9781240145089
9788493593087
9780778781288
9781543182156
9780554964867
9781249977179
9781275065840
9781275094079
9781275665262
9781287349709
9781398313316
9781771861748
9788854415317
9781736362051
9798326951373
9781776561919
9780412375309
9788411943475
9789356518735
9780367268633
9798864037287
9781913440619
9781913440633
9781240115501
9780559269332
9781275546929
9781240028139
9781240153558
9781241039011
9781241088415
9798267377591
9781240145621
9781240015979
9781240151905
9782711627776
9781240107209
9789993327356
9781241768621
9780756575113
9780756572006
9788415116165
9798296194480
9781240047673
9781277086904
9781287350224
9781542311694
9798662689152
9781275116948
9781572482494
9781240126651
9781771087971
9781240058495
9781289343071
9781240017348
9781240047154
9781240110131
9789390309481
9798874267117
9781240000494
9781241465483
9781946626141
9798277092415
9781240082384
9786078756773
9781845468057
9781287340126
9781287343028
9781289348847
9781240126415
9781240133000
9781289355296
9781633623729
9781240123094
9781794101357
9781845230791
9781287344452
9781240058341
9781241090777
9798293911622
9781805729204
9781805729211
9781805729273
9781805729280
9781805729303
9781805729402
9783692291208
9783692291215
9783692291239
9783692291284
9783692291291
9783692291314
9783692291376
9783692291383
9780306837739
9780781716512
9780756574345
9783700166252
9798276906607
9798873881017
9798328045414
9781240027293
9781241101558
9781240145096
9781241038403
9781241091842
9781240044375
9781240054947
9781240091089
9781241039714
9781241041526
9781240077069
9781275750654
9781275761278
9781287345305
9781240110452
9781240110568
9798298338387
9781500650353
9781240104826
9798250568517
9780810159006
9798257270444
9789937248921
9781946830074
9789356518667
9798865808770
9781959666486
9781240079346
9786077130796
9798501656345
9780131171091
9798263221690
9781789015911
9781240003044
9781240123902
9781240193585
9781275552319
9781241319045
9782711660124
9781240150984
9781240010066
9781275117327
9781275489462
9781275558496
9781275694699
9781275810037
9780778754367
9798309194780
9781289351847
9781240052219
9781240152308
9789915402307
9782711660070
9781240071593
9781240089420
9781240068135
9781240092734
9781240134991
9781241080433
9781241086978
9781289354909
9798285308751
9781240000746
9798246843376
9798324579012
9798872419860
9798326929402
9781241256982
9781241644697
9781275091337
9781275490079
9781275506435
9798292116585
9798872100669
9780285638976
9798999070807
9786078237753
9798325791536
9798315346470
9780708320488
9789082089509
9780522851465
9781240045471
9781289341572
9781289351151
9781240075386
9798878024723
9780750616409
9789382171003
9798267059206
9798291839331
9781881139287
9781786377418
9781733180030
9780815140146
9798268050578
9780803989276
9786078237746
9781240000203
9781480344365
9798294103088
9781287362944
9781289354145
9781240116652
9798233401671
9781289338305
9798290163895
9781846342141
9780793547494
9781835666388
9781835666395
9781835667361
9798235985087
9798235098305
9780671008543
9798269297057
9798281982009
