9781870325660
9781906861988
9781785080173
9781847727855
9781908748249
9781913565008
9781913565022
9781913565060
9781913565084
9781913565107
9781938700989
9781944833091
9781949061093
9781976335068
9781976335464
9781976456091
9781977765703
9781978260962
9781978310896
9781978311626
9781978312012
9781978313996
9781978318311
9781978349988
9781978350427
9781978353138
9781978487345
9781979596572
9781981534708
9781985823082
9798877653061
9780875527338
9781770922433
9798235068469
9781101972625
9789863201441
9798266908031
9798702826622
9789866000768
9798839675445
9789861244235
9780299326241
9781786168030
9781790447404
9789391465933
9780785121732
9780486270708
9780634028434
9798990780125
9798875998485
9798254260226
9798362073602
9780897335973
9781087601786
9798876542861
9780825635236
9798389229075
9798254543701
9798870743332
9798877783072
9781786167781
9798282576559
9798570311893
9798627789095
9780193504363
9780193517882
9780193559066
9780340904657
9780572017811
9780634001109
9780634007040
9780634027529
9780634037481
9780634046162
9780634088391
9780634088506
9780634094491
9780711942561
9780743900058
9780743905404
9780743905411
9780786685714
9780793509522
9780793513987
9780793515714
9780793526154
9780793540471
9780793543014
9780793545421
9780793554416
9780793556328
9780793558537
9780793560837
9780793572076
9780793585441
9780793586813
9780793591329
9780793598540
9780825616105
9780825627279
9780853605669
9780884485520
9780884488835
9780890039106
9780890039120
9780890039205
9780892551897
9780930448028
9780936661452
9780936661797
9780982746639
9781039610774
9781087690346
9781087690360
9781423457756
9781423483601
9781434240347
9781458401519
9781476540023
9781476816265
9781480740280
9781496535474
9781512265866
9781520419244
9781533642714
9781540027924
9781546842743
9781546842842
9781546882572
9781546956822
9781546956952
9781548347871
9781548348052
9781564782960
9781564787040
9781574212853
9781583556139
9781639385065
9781644665541
9781644731932
9781669034681
9781725934696
9781727234695
9788483435724
9798215452943
9798215825648
9798218069964
9798223604860
9798263527921
9798293134298
9798294208127
9798330342259
9798367377279
9798394920059
9798452314714
9798675909193
9798758316627
9798882163630
9798705168576
9781959891277
9781642901139
9789347273506
9786078756568
9798870439570
9780723419655
9798846586826
9780750672733
9781785080180
9781795250597
9781840597929
9781840598094
9781840598124
9781840598254
9781840598285
9781840598421
9781847726056
9781897648650
9781913602260
9781921894299
9781922418104
9781934596425
9781940660455
9781946104083
9781950902309
9781975815981
9781978184923
9781978314962
9781980483410
9781982086039
9783791375670
9798876263773
9798877999893
9798897660049
9798251463897
9788835448815
9798235963825
9780778769149
9780793547159
9781478017295
9798235071414
9798235379855
9798235443242
9798235534551
9798235591721
9798235683068
9798235987883
9781621139539
9798258827005
9798525749207
9798525764668
9781541145979
9780898129236
9798869729989
9798554005268
9789354973079
9781508754275
9798266081826
9798596955514
9798597228990
9798894282152
9781857152791
9781791037604
9798876709592
9798990066021
9798450270814
9781940197029
9798878722131
9781565297159
9789807091213
9798876294760
9798879782554
9780743912648
9780743912723
9780743913508
9780743913546
9798262481767
9798671532906
9798859465880
9798325837548
9798869526656
9781087691022
9781087691039
9781764192903
9780743912761
9780743912846
9780743912884
9780743913447
9781493886487
9798377387138
9798589440393
9798871946145
9798991936309
9781915449818
9798292925583
9780310892595
9780634003639
9780634011894
9780634015069
9780634018541
9780634018589
9780634018930
9780634021893
9780634023972
9780634023996
9780634026089
9780634039942
9780634040207
9780634046964
9780634048555
9780634052828
9780634059537
9780634061905
9780634067266
9780634067273
9780634067280
9780634067839
9780634069680
9780634082429
9780634087202
9780634087615
9780634087639
9780634087653
9780634094835
9780634094842
9780634095399
9780711992023
9780734398673
9780743925372
9780743925389
9780743925471
9780743925488
9780743925884
9780743925907
9780743925914
9780778758242
9780793512553
9780793514120
9780793518104
9780793520220
9780793530601
9780793532568
9780793537594
9780793545209
9780793548453
9780793553846
9780793556335
9780793559268
9780793565276
9780793587759
9780793591572
9780793598533
9780804012058
9780811221962
9780825634420
9780825634765
9780825635380
9780825653506
9780890039786
9780912517292
9780931759895
9780932040008
9780932440525
9780954233082
9780976014249
9780979965364
9780984824441
9780998740010
9780998740058
9781423436133
9781423462224
9781423481171
9781433327407
9781480328334
9781480328402
9781480345232
9781480394575
9781493816491
9781495085925
9781495096440
9781500332570
9781554550272
9781587311338
9781620051993
9781632173379
9781639510665
9781705111079
9781738083107
9781742975368
9781760505646
9781760526160
9781760791469
9781760792152
9781760792466
9781760892012
9781760897666
9781761042294
9781761069055
9786077603580
9788483435939
9788773075494
9798232057305
9798235978263
9798267207744
9798292964278
9798538383337
9798572124910
9798638013783
9798672387406
9798825545974
9798989332038
9780273607366
9798181860988
9781783220151
9781914595615
9781914595622
9781914595639
9781975931896
9781988705019
9783473462728
9783551741509
