9781287329893
9781287355144
9781405074131
9786073189446
9789251068618
9798231928019
9781550651423
9781938122088
9798286137718
9798993155319
9781914124761
9781976503986
9798300521103
9798262160334
9781287350705
9781287356493
9781405076975
9789937024679
9789937622875
9781904587651
9781931824422
9798272029836
9798201200633
9798316879694
9781839273575
9798265564924
9781668900802
9781668900956
9798265060389
9798870042466
9781240070091
9781289355630
9781545041239
9781287354789
9781289343712
9781289354305
9780241336151
9781289352837
9798277252260
9798281044998
9798855072396
9780708320501
9781288052400
9781289343316
9781800783751
9798735265177
9781487810825
9780195627640
9781872474045
9798736866984
9780738527659
9781289354671
9780807613870
9781782269458
9781241059309
9798235022850
9780752864938
9781240116003
9781289341503
9780711243538
9798232486761
9781550963052
9789994475940
9798263780296
9798291153970
9789653086159
9781848578722
9798233909818
9781478321347
9781240030408
9798721262272
9781500162887
9781632880079
9788433977052
9789386806734
9781904468097
9781497588646
9788188790340
9781249779124
9782711622191
9782711625406
9782711625482
9782711626380
9782711627707
9782711627936
9798715271389
9798991992206
9781240124183
9781602197824
9780986235580
9788854415416
9789862724064
9780241731413
9781473234628
9781983813108
9788192794501
9780810126282
9781240010110
9781240075676
9781773371092
9781034647300
9780856131479
9781537582528
9798264641848
9780143104377
9780241626450
9781039009899
9781039010352
9781464755446
9781596365193
9781628624779
9786070726392
9789990906134
9781983646492
9782251799957
9798262491490
9782889280803
9780810126350
9781289355135
9781016449472
9781616559885
9780816523900
9780749456825
9781845972837
9789681204594
9780007341740
9781539976066
9780938216469
9798257221682
9798879395839
9798264252297
9798654003959
9781087643700
9781523519811
9798460300037
9781035018154
9781930775688
9781539612261
9798904790387
9798233293412
9798233996023
9780810119109
9780823449392
9788497776905
9798993297736
9798255074396
9780634000362
9780634065484
9780735248458
9780793522286
9780793530182
9780793542925
9780793545322
9780793552870
9780793591268
9780793595150
9780823440122
9780861541010
9780936661322
9781411470743
9781583222768
9781583222775
9788178841403
9781902638256
9781545805480
9781088170618
9786078237821
9781540528896
9781101919613
9798269917740
9789997755094
9780192787118
9781793869319
9798657058420
9781728298061
9781839274077
9781856289146
9781946206558
9780816527250
9781550050929
9786077350798
9780739006719
9781933896311
9781770503366
9780000136671
9780000136787
9781723399428
9780074701966
9781537130712
9781743316795
9780593224915
9780713679779
9781445157368
9781565842410
9789862112151
9780823453313
9798576913879
9780193852976
9780198415848
9780593225868
9780634001789
9780634012297
9780634048913
9780634094828
9780793524471
9780793534760
9780793537044
9780793549399
9780793550227
9780793573646
9780793574667
9780793591527
9780793595204
9780825625459
9780825633478
9780851627830
9780860018803
9780870208959
9780877181057
9780877181576
9780877181583
9780877181606
9780877181637
9780881130096
9780890031476
9780910137515
9780936661117
9780936661209
9780936661292
9780936661339
9780936661575
9780984303670
9781039649736
9781455618736
9781495021817
9781546862703
9781583557099
9781588025401
9781625219770
9781727689396
9781743310113
9788173815935
9781405315838
9780825619588
9781845887490
9781850343714
9781864718461
9781911187066
9781952954504
9781974396467
9781981680290
9781985860728
9798876721617
9798878505734
9798879744613
9798253498682
9781984831347
9781785374661
9780873486705
9781419552953
9781894946346
9789706279606
9781602796119
9780572023034
9798263535902
9798265746030
9798297117044
9780575097360
9781592962853
9781534100381
9781534161917
9798316846160
9780143183457
9781490580272
9782711610495
9781721756001
9781526618146
9780521367585
9788417492410
9798303073876
9786074525670
9781906622145
9780714844916
9798869930392
9781907332265
9783954983520
9798180750075
9798180864321
9798481939551
9798886544527
9780193407510
9780193417755
9780193518995
9780193805293
9780634023446
9780634084478
9780634094576
9780634094590
9780634094675
9780634094705
9780634094767
9780718080587
9780743927437
9780743927888
9780743927949
9780743927987
9780756574970
9780761456445
9780793517848
9780793518012
9780793525010
9780793526178
9780793526475
9780793538652
9780793545100
9780793545650
9780793547128
9780793549467
9780793552856
9780793553891
9780793555093
9780793555758
9780793574483
9780793580378
9780793592777
9780793595136
9780823441532
9780823451975
9780825633737
9780825636493
9780857100214
9780881880885
9780890039212
9780890039229
9780890039267
9780890039281
9780890039380
9780910155526
9780913785423
9780936661513
9780936661766
9781039649385
9781039649392
9781423418344
9781423457862
9781477616901
9781481451598
9781482833041
9781496544018
9781496604170
9781496604859
9781507865330
9781533549877
9781536208825
9781547605958
9781550965230
9781565543980
9781569761137
9781574213065
9781574213157
9781581064063
9781590789179
9781639810055
9781639810451
9781644664179
9781666316179
9781666326192
9781669015468
9788198874092
9798262007189
9798348561390
9798385668151
9798512655672
9798682805204
9780415810029
9781540081537
9781839947025
9798182060547
9798297032354
9798884379503
