9781241110611
9781240079674
9780987210302
9781601460950
9781607507024
9789356510142
9789356512290
9789356514102
9789356514690
9789356515581
9789356516663
9789356517622
9789356518803
9789389996333
9789392851223
9789392851292
9789392851544
9789392851964
9781240022809
9781240023363
9781240027927
9781240028146
9781240076901
9781240107469
9781240149094
9781240150434
9781240152445
9781240179985
9781241043018
9781241080761
9781241083595
9781241086718
9781241095710
9781289344399
9781289344290
9780271077543
9798296142733
9781845230470
9781103454495
9781240023387
9789356510272
9789356511590
9789356515543
9789356516403
9789356516625
9782252041772
9789653087224
9798871151181
9781240019557
9798867682293
9781275655331
9781240000845
9781240041992
9781240078035
9781240079520
9781240112036
9781241040277
9781241040949
9781241091194
9781287359609
9781240012053
9781240015924
9781240077670
9781240091621
9781240102013
9781240110636
9781240112166
9781240126798
9781240127245
9781240128976
9781240152568
9781240194674
9781241105334
9781275099449
9781240152490
9781241116439
9798355201999
9781240096176
9781240121946
9781911510352
9789356510098
9789356510173
9789356512139
9789356514546
9789356514553
9789356515109
9789356517585
9789391063337
9789391063412
9789392851896
9780793547586
9781287349419
9789356516281
9789400001619
9781240132539
9781241116422
9781240019090
9781240042968
9781240072200
9781240151004
9781240187782
9781241090227
9781530546398
9781240017027
9781241117672
9781240000470
9781241105990
9781502600233
9781240027842
9780024213907
9789356510784
9789356514614
9789356515680
9798260508367
9786071611994
9789356513082
9781117120119
9788842212362
9781240009657
9781240016990
9781240020942
9781240023769
9781240026746
9781240042081
9781240043330
9781240045006
9781240050796
9781240053636
9781240067619
9781240067923
9781240091447
9781240091775
9781240110063
9781240125197
9781240142651
9781240182756
9781241043254
9781241054618
9781241105471
9781287340003
9781287352730
9781289338299
9782711610488
9781240072781
9798256088972
9789356514065
9789356516045
9781534107632
9789810227210
9781862031104
9782864690818
9781240106301
9781859849019
9789356511637
9789356512894
9789356516984
9789356517394
9789390309580
9789390309597
9789390611409
9789391063061
9789241548458
9781644912287
9798258247681
9781240027255
9781240027446
9781240035397
9781240067657
9781241079543
9781885872951
9798269633244
9781289357160
9781240136001
9781241088811
9781240073504
9781240112128
9781240145874
9781240149025
9781240179435
9781240181438
9781240181575
9781241039554
9781241080723
9781240135417
9781240098118
9789356514607
9789356515123
9781240061921
9781241091040
9789356517356
9781240114610
9781241102746
9780521571487
9781240068005
9781240013395
9781240058648
9781240135264
9781249973508
9789356516120
9789390309474
9781946421012
9782764440902
9782711628247
9781240013074
9781240011926
9781240127993
9781240180486
9781241090807
9782840485759
9781240042135
9781240114573
9781021799753
9783954982165
9781534159327
9798872927730
9781240027798
9781493808656
9781249986324
9783700136422
9781240022755
9781240146727
9781241080709
9781241095307
9781241124397
9781240067688
9781502376527
9789356515550
9783991370611
9781240049370
9781240062065
9781240076482
9781240076574
9781240127498
9781241039370
9781241080495
9781287348016
9781532195419
9781288009039
9781240092475
9798323821105
9781240101306
9781241049706
9798324479183
9789036824170
9781260083552
9782711629282
9781240177417
9781240052981
9781289341985
9781240107988
9781289353117
9780443103346
9781240044351
9781240097784
9789356516427
9789241502252
9798288684203
9798873575527
9798880164011
9781240029136
9781241090470
9788412136685
9781240079124
9781240079476
9781240131921
9781240154210
9781241106515
9781241107697
9781240058402
9781241007799
9781287362838
9781240057542
9781241080341
9781289356682
9780780807099
9781289352370
9798235996953
9781240021697
9781530306862
9798326933386
9781500889937
9781500890032
9798862002324
9781240003143
9781240018437
9781240073559
9781240079568
9781240152650
9781241045289
9781771861519
9781073806072
9780756555849
9781728754093
9781098202293
9789382471868
9781098267704
9781482423600
9798268760293
9781287340256
9781098260712
9781240000791
9781240028825
9781241102036
9781289355203
9781240049318
9781240067060
9781241042875
9781098204259
9781240149988
9798902222378
9781240043002
9781240058389
9781240090389
9781240121465
9781241037611
9781241045197
9781287352532
9781098204280
9781943050260
9781721610396
9781923355989
9781634721417
9789356514911
9789356516557
9789389996838
9781534159587
9781534147638
9781534187351
9781240101917
9781240043682
9781240048434
9781240082285
9781241045128
9781241088743
9781287346357
9789462360693
9781472954596
9781240022380
9781240053698
9781241080532
9781241007843
9781241040239
9781241083533
9781289347758
9788418703164
9781806344253
9781274887276
9781249996835
9781241041793
9781240066001
9781241041489
9783126759311
9781098263430
9781098263454
9781098263478
9781240121984
9781240131006
9781275560826
9781289351878
9798291094389
9780444510839
9781550092295
9781240044313
9781240048359
9781240093076
9781240107698
9781240111978
9781240133789
9781241038250
9781241042028
9781275531451
9781532169113
9780072861471
9781240182312
9781240000821
9781240143047
9781240148677
9781241079260
9781240103362
9798325329753
9781240027897
