9783732644506
9798873744459
9798876004949
9798887009933
9798879816907
9798990574922
9780864735751
9798870899336
9781935654643
9788447205943
9798235463332
9780743926478
9781087691053
9782266082853
9780793552405
9798992321678
9789688604663
9781891195037
9783968180106
9798990513815
9798312994216
9780755201938
9780756502461
9798865765165
9798866409983
9798391673446
9798292252900
9780525436645
9781842121979
9798722354235
9798869635457
9798869636256
9798879705355
9798987836903
9780836873030
9798253377147
9780620790116
9781583224885
9780739081112
9781616778101
9781616778149
9780718820954
9798289279538
9781499815085
9781635253399
9780634018213
9780634024108
9780634087226
9780711967250
9780764356001
9780793519934
9780793528677
9780793537235
9780793542901
9780793550500
9780793552054
9780793560820
9780793596690
9780807614310
9780825650932
9780825652066
9780829763126
9780853603580
9780853603856
9780853604938
9780877180227
9780936661810
9780955156694
9780979420856
9780998740041
9781074277987
9781452840963
9781458401434
9781474773102
9781480338197
9781494405557
9781508658320
9781534688452
9781546976028
9781581062939
9781603784023
9781606064924
9781606064948
9781632365439
9781632368171
9781639510856
9781707130962
9781732089846
9781760503390
9783954985234
9789043103497
9789043103589
9789811829758
9798266899995
9798280102460
9798280106420
9798280452619
9798280455733
9798280675537
9798280680708
9798281046954
9798281053624
9798281441872
9798281446051
9798281449120
9798281773218
9798285438601
9798287348137
9798288642142
9798305790276
9798319340986
9798319342904
9798327846869
9798340126603
9798345365748
9798345559994
9798357942890
9798577463816
9798653285424
9798862616118
9798868220647
9798879354904
9782906340398
9789358075175
9781616778507
9780713135190
9780634078262
9780634078286
9780634078309
9780634084232
9781423413899
9781423457442
9781423457466
9781423457473
9781495030048
9781495030505
9781495037382
9781495038655
9781495039652
9781495051029
9781495051593
9781495052187
9781495085826
9781495087578
9781495087622
9781495087745
9781495087844
9781540016010
9781540016034
9781540016119
9781540016201
9781540016263
9781540016423
9781540016485
9781540021489
9781540022264
9781603782807
9781616778385
9780634064678
9781423400141
9781423417323
9781423446293
9781423463221
9781495025082
9781495025099
9781495025501
9781495051210
9781495078217
9788179935163
9789380619217
9781902382098
9781902382555
9781906613181
9781906613204
9781906613259
9781906613341
9781906613365
9781906613655
9781906613808
9781906613990
9781910367056
9781910367063
9781910367070
9789814133920
9780431114972
9780721708331
9780330500081
9780857630414
9780039101565
9780689859274
9780852231425
9788131917244
9789380297057
9780516278179
9780174480815
9788172234133
9780448445618
9780764134531
9781843622246
9781840139037
9780816731886
9781856972666
9780140020618
9780070077188
9780143027669
9780434012206
9780764800542
9788131917251
9788131917268
9788131917275
9780340769089
9780140257106
9780224061469
9780245545627
9780722500071
9780745301945
9780816749300
9780851123042
9780756605667
9789380143514
9781846342967
9781853815843
9788178990415
9781474990974
9781474990981
9781644722961
9781801313469
9788131932278
9781842998205
9781904292968
9781905940141
9780198094425
9780572026752
9781405496865
9781782099833
9781850158042
9781408339824
9780486791166
9780789902597
9780763626228
9781597642026
9780866111300
9781861052513
9781801313476
9780448458106
9780283983818
9781905051588
9780860372929
9781861976598
9781847387981
9781402207181
9780711222403
9788170948711
9788189059422
9780195695182
9780440235842
9780740772481
9781843156277
9781597641111
9780761338932
9780756632090
9780552563406
9781416516798
9781588103192
9780241540800
9780416819502
9780711292888
9781801109239
9780340951729
9780330345392
9780689870828
9788119028436
9780003152623
9780824953768
9780746037287
9781402702860
9789500826211
9780850594836
9781509845385
9781780899558
9780736427241
9788126700608
9780486402413
9780750253932
9781474948036
9781906081195
9780755331536
9788175960282
9780545981156
9788126726912
9788126729371
9789389577495
9789389742916
9789390971800
9789393603180
9780356106090
9780241681060
9780753448441
9781526666574
9788172237325
9780750946391
9788122449532
9780755316434
9781407110103
9780965509190
9780521752398
9780841671454
9781572328068
9780582748118
9780786819119
9780330484152
9780375875359
9780195612264
9781526322760
9780285635562
9780702334467
9780140380248
9781407545967
9783735751201
9781781282489
9780486828435
9780431053837
9781035042302
9781526319104
9781416939023
9780070942967
9781408700952
9780333733370
9780722539989
9781405266765
9781416548454
9781855346710
9781855346819
9788170172246
9788174785565
9780333925874
9781407568010
9788131906842
9788131937044
9788131942482
9788180319396
9788183611145
9788189999643
9780007232734
9781853404252
9788180315718
9781860070839
9788131904688
9788192222622
9789380480787
9780333904046
9781847500557
9788131918432
9788131935583
9788131935590
9788131936504
9788131940839
9788131940860
9788131940891
9788170601005
9788178692753
9788179914762
9788179916087
9789833664856
9780241279632
9780723280712
9781409310761
9788131906613
9788179913338
9781472942029
9788172344818
9788184000948
9789388753999
9781405201933
9789388933735
9780237528461
9781407502403
9781860071225
9781907184963
9788178987552
