9781781637456
9781984638588
9781847203007
9798275902907
9798277834442
9798304571432
9798344129068
9798241043016
9780443119484
9798275852059
9789587715552
9798302934772
9781582558011
9780536659750
9798271804137
9788418641244
9798268100075
9788485209590
9789394317529
9789394317505
9788498528671
9788411941082
9788447225293
9788412466898
9798294486938
9798272371850
9798273864528
9788417150464
9798278388289
9798250370707
9798257193644
9798255326846
9780536689511
9781484252741
9798284877968
9798290299471
9783910776081
9798254575504
9798277731369
9798259052727
9781534969704
9780536680594
9781923570634
9798245922515
9781838355807
9798279310456
9798279294008
9798257382888
9781983788444
9798258611673
9798253995778
9798268937398
9798262459186
9798248096787
9798259228306
9798255828395
9798277772935
9798243104487
9798254926351
9798261770640
9798272392022
9788478017294
9798259251687
9798297254947
9798263772192
9789365578355
9789390647880
9781536876789
9798268266740
9789365575507
9798244358438
9798257598623
9798257467714
9798332873072
9798273466517
9798254562221
9789365574265
9798259368736
9798247352747
9798253990735
9798257788413
9798258077349
9781105271496
9781913769437
9798268551938
9798282199239
9798315891390
9798255938483
9798253992791
9798248531295
9798263860202
9798255680146
9798248802470
9789388658782
9798268685701
9788195237203
9781032148823
9788184047486
9783537659019
9781973809838
9798258243041
9781105242700
9789390647279
9788475561646
9798246633472
9798294485900
9798269104577
9781718505247
9781981122592
9798180418593
9798180686053
9781979148498
9780979875229
9789352133529
9789360327125
9789393418111
9781951897635
9781981560400
9788415317722
9789385149313
9798863594798
9798271222849
9798246704387
9798399826301
9798293792672
9789654989954
9781138679528
9781032655390
9781032658209
9789355423771
9781032748764
9789385621475
9789385621499
9789353887490
9783965510425
9781737572404
9781973752813
9781973982050
9788475058054
9788474966053
9781543177183
9789388658775
9798864181362
9789370600935
9781032934167
9788194043645
9781902382623
9788194043720
9780019898423
9780198799627
9798247498902
9798254052692
9789384866419
9798277187845
9788475057903
9798277364796
9789393511003
9789355742483
9781107414419
9781032607313
9781032608020
9781032250052
9781032607481
9781032466309
9781032468341
9781032535623
9781032607092
9781032425696
9781032466460
9781032535920
9781032468372
9781032607238
9789363860292
9789352136483
9798869782724
9781976191459
9781470612146
9781976333620
9781984388322
9781974335398
9780857427335
9781484278840
9788184045796
9788122136678
9788119114542
9788125061250
9788125061274
9789383635634
9789385616303
9789370601369
9788496613812
9798245640327
9798294734992
9798279028337
9798251959369
9798279379842
9798245963563
9798275934137
9798559333090
9798290065045
9789352137732
9788178242996
9788125061229
9788125061236
9789352135714
9789352871537
9789352871544
9788190340359
9789390427123
9780070680753
9789399889748
9788198072160
9789352871506
9789366277646
9789363129962
9789352871469
9789352871483
9788125061212
9788198276223
9788173198427
9789385616051
9788184355420
9788184895438
9780781760348
9788180545740
9788184355055
9781906613006
9788125061182
9788177395099
9789385621895
9788194051039
9788172162658
9781631028298
9789369587988
9789971973971
9788181780959
9788199254886
9789810182441
9789357788342
9780065549706
9788175812598
9789352874019
9788125036357
9788183325714
9788187680307
9788172299224
9788174732019
9788125060345
9788125045830
9788125045823
9789367258606
9788125045816
9789350719947
9789386221759
9789390427208
9788187680239
9789385621734
9788198120991
9783443951085
9788125045786
9789348734600
9788125045809
9789348569134
9788123905938
9789352137008
9788170366782
9789381535820
9788170195009
9789361038143
9789810185473
9789352271399
9788122612905
9780000146441
9788125045793
9788125045779
9789367259764
9789367256572
9789812557148
9789396954401
9780199574735
9788125053866
9789396115611
9788187495253
9788193303658
9788125045762
9788186762158
9789334073034
9789396465402
9798217090167
9798217090174
9798217090150
9789385932564
9788125053859
9788198885722
9788173660450
9789385288494
9780195669459
9789354425486
9789392880346
9788187784609
9788186693605
9788197400766
9788194118596
9789388597432
9789352818150
9781732025639
9789382134824
9788184028768
9780198895312
9789381335901
9789388991117
9788193611951
9788183990981
9780201060386
9788125060314
9788194719588
9789395469166
9788190829274
9789387791381
9788125056454
9783443950682
9788125020967
9788125053842
9788125056430
9781743625804
9789387672666
9788170949510
9788120347915
9789351442134
9789385616402
9789350238196
9788188683154
9788187721161
9788179308301
9789391855314
9788193895184
9788176493956
9789391855321
9789352134137
9789352837861
9788172130800
9789391855482
9789361030451
9789385621284
9788172112936
9789391855093
9789350943892
9789385621338
9789384385033
9789358705003
9789349562615
9789386386823
9789351732556
9780071241762
9788125053835
9780190137977
9789355204752
9788174732033
9788181475473
9788178555522
9780735241381
9788187540571
9781543342963
9789367255407
9788122611861
9789381431283
9788126578887
9788126565689
9788126578863
9788126578900
9789389109191
9781471125263
9789394613119
9798217191642
9789386215468
9780571550098
9780571551828
9783943638028
9781423437871
9780571551248
9781858680255
9782122611579
9788178121406
9788179292150
9789352874392
9788125016687
9789370608900
9789311127736
9788125045915
9788178121758
9788178120287
9788194719502
9789363475243
9789396611359
9788125045908
9789354424298
9788181890092
9788178122427
9788178120478
9789311128818
9788199261341
9788125014560
9788181433831
9788181431226
9788196342364
9788196342319
9789391045265
9789381018996
9788125045892
9788120843417
9788181930637
9788195478651
9788171853632
9788175256972
9788174532411
9789385621222
9788198149206
9788174530202
9788174532183
9788173704055
9780143422372
9789364681414
9788178122755
9789395576642
9789357171663
9788122129533
9788126546770
9789376500789
9788125045885
9780241997116
9789370038691
9788126136582
9788125045861
9788175250376
9789355014665
9789311127781
9788188473199
9788125045854
9789387672314
9788125045847
9788125045878
9788182091634
9788180542848
9788178555829
9788178555515
9788131809006
9788184040050
9788183553339
9788183554909
9788125060079
9788170641094
9788182200203
9789390760978
9788195393718
9783443950569
9789352874552
9789369582877
9789369585830
9789386500908
9789380550305
9788199154155
9788122903652
9788193425671
9789350586037
9789386763716
9788178120300
9788178121130
9789367253342
9788126578849
9788126578955
9788126578856
9788175993396
9788126578979
9780753448403
9781740511384
9780670091515
9781740511438
9781740511421
9780857425904
9788126578986
9789385932557
9789814333658
9788131808979
9788194809852
9788183323543
9789396902204
9788129142269
9789350555934
9789347027871
9789381335451
9799788195121
9781782442592
9789382618881
9788170641056
9781608270156
9781608270163
9789386189134
9788195838592
9781626569492
9789380444505
9789350651520
9789352512942
9788170544234
9789350943779
9788188128037
9789311125527
9789361030536
9789361034442
9789361032011
9789361030024
9788121615730
9789386309013
9788120797765
9788186877357
9788199018051
9789355180896
9788178121628
9788170553014
9788181370075
9788192803043
9788192803074
9788192803005
9788192803067
9789361855153
9788177227611
9781569571569
9780143505723
9789354710681
9789354710841
9789354710445
9789354710520
9789354710964
9789354710605
9780143306511
9780330473415
9788170641001
9789351108108
9789358119954
9788131702284
9789382730200
9789356278271
9781638502500
9789364875202
9780190137205
9780190137236
9780190137212
9780190137229
9780190137243
9780190137656
9780190137267
9789388426305
9788186762899
9789380485140
9788126546220
9789361034855
9788192054001
9788125033394
9788125033400
9788125033417
9788125033424
9788125033431
9788125033448
9788178122373
9788178122694
9788170552864
9788126544905
9789359739014
9789391080044
9788181438133
9789361036057
9788125033363
9788125033370
9788125033387
9781403929648
9789388632294
9788184070330
9788125035800
9788173702907
9788193929025
9789352129270
9788173620492
9788178120713
9788125033332
9788125033356
9788170640882
9788181371881
9789386500854
9789387578807
9789350941065
9789384465056
9788185501000
9781685231903
9788176559478
9789327280074
9788120417359
9789386385925
9781543342970
9789352134748
9789810615598
9781543345483
9788174532480
9788131901175
9789394613041
9789381431696
9789384544386
9789366118734
9789394613508
9788126563487
9781569571811
9788126561414
9789391067861
9781743629093
9788172343163
9789382578727
9789385160110
9788185566511
9789350717431
9788125034476
9788125034483
9789363924246
9789386883988
9789334138078
9788120046863
9788123925936
9788131801864
9788181376862
9788125026099
9789364481106
9789367257623
9789367257869
9789367251232
9789386585431
9788125009382
9788125034445
9788125034452
9788125034469
9788178120355
9789392950773
9789370030336
9789361564741
9789361560378
9789361562150
9789361560118
9789370034723
9788174732026
9788174730626
9789361565014
9788125034414
9788125034438
9789352532117
9788170559757
9788170553236
9788199018099
9789382898771
9788170557746
9788195267477
9788170559559
9789350947678
9788190636292
9780190137144
9788126317400
9788131809723
9788125034407
9789394613782
9788172344627
9789386832733
9788119554133
9788193234556
9781492604723
9788172344634
9789395761055
9788125034377
9788178122007
9788178556581
9788181371478
9788178120195
9788178122014
9788177000092
9788178122649
9789386827104
9788125000068
9788178121376
9789311125879
9789390540334
9789398961155
9789362830159
9789393683298
9789392536021
9788195676866
9789380834528
9788172343460
9780330473019
9788170556022
9789361034220
9788170554912
9789362971111
9780330470544
9788170640622
9789380644172
9788177392401
9788192554198
9788192554150
9781781861400
9788192813431
9789395019095
9788171020751
9789386025630
9788187863229
9789352130528
9788190584128
9789311123738
9788170230489
9789387984585
9789387984523
9788131924037
9788187553021
9789311126838
9788182658455
9788190000208
9788174531728
9789385621239
9789386585912
9788194920977
9788131965573
9788131965658
9789380005300
9788197852251
9789385616167
9789353529048
9788186877432
9788171946228
9789698263478
9788194562634
9788197467455
9788123773131
9788130001234
9788178553245
9789381431290
9788189988555
9789381431627
9788189988531
9789380480893
9789381431610
9789380480916
9789386832009
9789354714849
9780143454762
9788184772746
9788184772296
9788172343507
9788172343828
9788125021544
9788178120935
9788178557595
9789348960641
9788194363293
9788193994801
9788182883376
9788169742016
9788173029233
9788124603512
9789361038570
9789356182899
9789356181144
9788181820501
9788170554417
9788170557647
9788170552444
9788186877210
9788174766960
9789380480190
9788121618694
9788121600453
9788182960268
9788131809020
9789352532087
9789325983380
9789352137671
9789352135783
9788122611175
9789384416201
9788195353224
9789386179609
9780871717405
9789373740669
9789373745893
9788188717118
9788194777250
9789384028695
9788175972445
9789388178686
9788184774818
9788119369997
9788195134229
9789373742793
9788178122779
9788184777048
9788186877302
9788121619738
9788131808207
9788120798663
9788120775237
9789350945995
9788120798687
9788188569366
9788188569397
9789351038641
9788183552165
9781647331993
9788120798496
9788120798489
9788131225196
9789353527228
9789353524753
9789353521134
9789353529123
9789353520656
9789361560514
9789353525880
9789353529468
9788178121901
9781637543061
9788125035411
9788125035428
9788178120690
9788170947998
9788125016915
9789373745107
9788125033578
9789370025516
9788199210394
9788126005864
9789387269224
9788195979684
9788178122298
9788123781891
9789373741864
9788172299804
9788170556978
9788123918365
9788125035435
9788125035442
9788125035459
9788178122144
9788184271133
9789373744957
9789390232222
9789334237078
9788125022077
9788125037446
9788125030409
9788125033523
9788125033530
9788184775396
9788184775402
9788121607322
9788120751835
9788173666643
9788123727646
9780007831654
9781846841491
9788192723242
9788177394085
9789361034763
9788130900605
9788184100532
9789351038771
9789380480022
9780330442565
9788172344382
9780143474678
9789381398746
9789381398739
9789351038177
9789351037620
9789352870868
9788178122045
9788125025641
9788125033509
9788178551562
9788131808986
9780001063709
9789351870326
9788187077220
9788131910139
9789393304964
9789357437271
9788188236282
9789353526924
9788184721669
9788125030379
9788190511230
9789393304902
9788170552109
9788170556015
9788170553038
9789361033773
9789351033189
9789311126661
9788177394689
9780070679955
9788195352975
9789373745763
9789373745879
9788126318216
9788178122380
9788178122397
9789367250488
9789367256633
9789367259795
9789367256602
9789367251270
9788178123301
9788175300378
9788125008323
9788182965966
9788131808948
9788131805596
9788181379160
9788177392548
9788171103140
9789383142231
9789393304704
9788125012306
9789788179917
9788120769762
9788120797420
9788120796904
9789357432849
9788125004660
9789380761589
9788125009689
9788125021698
9789351030515
9788184770414
9788178121147
9788186877722
9788178122724
9788178122489
9788121620284
9780143103882
9788178122465
9788178121543
9788178122731
9788173702525
9788173702532
9788173702549
9788184771220
9788184779622
9789393304612
9788178120232
9788178123165
9788178122571
9788178122663
9788178120270
9788178120607
9788178122786
9788121616744
9788177392524
9788175054561
9788100001080
9780001160163
9789347298097
9789393304506
9789393304537
9789367254325
9789357439718
9789385874819
9788170552987
9788178123219
9788178122656
9789393304377
9788170555926
9788125051626
9788125025597
9788125025603
9788186877487
9789390744466
9788182962170
9788178552149
9788182965386
9788182965218
9788177392623
9788172762612
9789393304322
9788175970052
9789367190029
9788131931233
9788131934852
9789349166264
9788176559720
9789386041050
9788176557702
9789351031994
9788184770964
9788178120553
9788178121857
9788178121444
9788186877463
9788178121451
9788178122083
9789393304278
9788178121352
9789353528515
9788178121710
9788182965379
9788176936064
9788176936071
9788120777354
9788121616355
9788121619646
9788121619905
9788121619615
9788175971912
9788121610643
9788188569908
9788182960329
9789393304230
9788171104024
9789380152035
9789352670062
9789393304216
9789393304209
9788120783805
9788120777330
9788170557487
9788131909911
9788131911044
9788187812395
9780143102243
9788178120454
9788178121109
9788186877555
9788170420231
9788125013815
9788125054764
9788170557036
9788178120171
9788131804827
9789351212430
9789351211730
9789351212331
9788184974591
9788184979497
9789351212317
9789351212409
9789351212218
9788181377418
9781423414452
9788182961531
9789572954195
9788120789203
9781781750230
9788178121079
9788123735429
9788125007555
9788174142931
9780984094981
9788181370938
9788184775914
9788175259621
9788123926742
9788121620963
9788121620970
9788121620932
9788121620888
9788121620901
9788121620918
9788121620925
9788126309856
9788170553649
9789361569579
9781423471288
9798176933635
9788120780996
9788120781009
9788120783386
9788120781047
9788120783409
9788172764937
9788172761448
9788131901168
9789357431682
9788125003861
9788123703671
9788170594437
9788189091057
9788123723235
9781423494492
9780687344222
9789382000389
9780143421344
9788178121574
9788178120782
9788123903415
9788178694450
9788175542235
9788179506691
9780993164255
9788170557210
9788172296308
9781398306707
9781398306714
9788123711027
9788120770881
9781423498391
9780992046071
9780903908283
9780902940239
9788125012344
9788179506431
9788120764583
9788125010852
9780982738573
9781423459033
9788172297091
9781423421474
9788184850161
9781009108850
9788170522379
9788178693972
9780978686604
9780978686697
9780994467744
9780880531146
9788185891842
9789387918559
9788189558109
9798170217571
9780996996303
9789380536217
9780978686666
9788176762106
9780872172944
9781423471271
9781423440567
9781423476474
9781423440536
9780853184874
9788185843100
9788180564383
9781439243046
9781423407812
9781409354390
9781404120518
9780915008193
9780913785980
9781409349303
9781423425625
9781423414483
9788186219386
9781423486374
9781423486381
9781445409801
9781423493617
9781408355398
9780892134861
9780956211200
9781408355435
9780994488695
9781409369752
9781409369769
9780953025107
9781409369776
9781409342342
9781409325956
9781404119857
9781409369783
9781407116327
9781423475941
9781418886172
9781408368459
9781408368466
