9783988751980
9782382260852
9781805929123
9782874910227
9783446228481
9781138581944
9783648189528
9788179061633
9783834331045
9789819992614
9789819521241
9780230308237
9788126527182
9780470534953
9781041260097
9783769324327
9781032692142
9781590959770
9788190626453
9789368087823
9781614614296
9781923504820
9798999212931
9788197939181
9798195071448
9798266364578
9798261867371
9798304715836
9788412546774
9798241142122
9798279429622
9780952274469
9789608616301
9781636516059
9781636516981
9789355424778
9789355428929
9789376549849
9798307065877
9789355424662
9798279352319
9798315349075
9781764371209
9780521738323
9798243354486
9798196317248
9798284810644
9788176371520
9781423917717
9789334439298
9798875508905
9798986080765
9780367474454
9789368080572
9789388750578
9781071600665
9789402418958
9789378169939
9798257998737
9798232299415
9781504306027
9798258654229
9798297198258
9783849064099
9798261743026
9781637441107
9798277618592
9780022678913
9798327336117
9783347931992
9781590592021
9789380599649
9781487804398
9789368084716
9789355425508
9789355420985
9781071648926
9789985099032
9781880687376
9789390455263
9788184890273
9781041312369
9789355424853
9789355423900
9788191003215
9789355425584
9783038309772
9788888501031
9798298191708
9798195827694
9798648496880
9798268637656
9798278808220
9798316225293
9798232470203
9798315373353
9798196794247
9798285002918
9789355426703
9780838505564
9788185122786
9780702068980
9780022630461
9783038309789
9789393214928
9798227035509
9798272604033
9798195392192
9798197546432
9789368085935
9798306372501
9798314754023
9788198397447
9788189639945
9788131265543
9780323778930
9788131242681
9781598568455
9789355427717
9789368081579
9788197821622
9789355428134
9789355428493
9789368083795
9789354616891
9789351073352
9798242902930
9798196767388
9798265594075
9798873332717
9798195548964
9798196776908
9789351107408
9798242641952
9798196779992
9798223249122
9798241971807
9798295430046
9798277539354
9798278862147
9798279124503
9798294853136
9798196356636
9798243586306
9781478744405
9798195542115
9798243161503
9798261706700
9781032783543
9798279470242
9798195114664
9783969902554
9789355429094
9789368084570
9789355427786
9789383988501
9789355428479
9789355428820
9789368080527
9789355426833
9789358857634
9789334081275
9781032793412
9789402418521
9789359785189
9781493999712
9788198723932
9789381890400
9780367424794
9789355427229
9789355429964
9789355424686
9789355425966
9789350714942
9789351290292
9781637548011
9781487804312
9789356667204
9789355427274
9789355428806
9789355427038
9781398855205
9789359519159
9781071600726
9780780381353
9789386482815
9781927558591
9789378162602
9781484277065
9798285630166
9781536898026
9798265879509
9798265695727
9798242130593
9798270336790
9798279424535
9798278738497
9798243903257
9798255722006
9798826853030
9798614886745
9798375111063
9798306368221
9798301191800
9798300690014
9798254892366
9789380473178
9781923504455
9798181028944
9798876489623
9781923593985
9781078825016
9789356669291
9788131403792
9789355428592
9789368083184
9789334251593
9788181437310
9789355427304
9789395138871
9789347311543
9780669008425
9789393462428
9788196291808
9789378162794
9789355425348
9781493999170
9789349888340
9789368085355
9781032794143
9780367268244
9780198068631
9781636517223
9789355427755
9789355429551
9789368089049
9789368087311
9789378163173
9789386439710
9788194835196
9789368082460
9789368088455
9788194134022
9789394797758
9789394357594
9789383660216
9789355424488
9789355429605
9789370023628
9789355429124
9780465330737
9789363550681
9798180491534
9798196577789
9781472641540
9788419294357
9798255117314
9798227546531
9788419333605
9781659288780
9788126557707
9798196479205
9798195891480
9798374593990
9798296230829
9798283042602
9798197940414
9798197748485
9798261897514
9798258232991
9798279300440
9798276609454
9798276898858
9798270028176
9798374611908
9798374607987
9798273779679
9789395975919
9789355425133
9789355427625
9789355427403
9781837268085
9783126053174
9788120606401
9789355424976
9789355425331
9789381465486
9789355424310
9789356525573
9789356666535
9789378164071
9789378169458
9781484276792
9789368082552
9789374620021
9781983653650
9781966892052
9781925949742
9781915145185
9789355427953
9781506363028
9789334145298
9789359780030
9789356196674
9781902433493
9789368089377
9789358989823
9789355426178
9789368080763
9781484276693
9780323827423
9789368082408
9789380033761
9789355428486
9789004347489
9798195700317
9798258455437
9798258487629
9788170193296
9798251610154
9798218939632
9781138583122
9798267711555
9798267222174
9798195746124
9798283293882
9788170193753
9798296614902
9798310068483
9798195539474
9789359196756
9798195546182
9798340491121
9780646715100
9781032296852
9783964692887
9798244044287
9781763876774
9798320753065
9789359516103
9789352136636
9788126531400
9789368087441
9781405984973
9789356503137
9789358385595
9789359783277
9789385958731
9788894982725
9789356664029
9781923625679
9781970852738
9781472641298
9789355425829
9789368086024
9789368084051
9789382258131
9789819521227
9789359716060
9789355427762
9789368085126
9789355427601
9788171109647
9789395764773
9789393462374
9789355425188
9789371267090
9789371867221
9789368083924
9780813825540
9789387483293
9780077189693
9781041049593
9781032938189
9781636517131
9798197287069
9789356660106
9788169729635
9798257464294
9798233779756
9798277840276
9798232314200
9798278941378
9798276666846
9798316176694
9798196203121
9798195745813
9798243552608
9798279483327
9789608742925
9798278641575
9781105345531
9798196882456
9798196568886
9783944378077
9798325591075
9780821848548
9789355426352
9788186623015
9788126526321
9789388412841
9789355426413
9789368085294
9789380428123
9788195075539
9798217434572
9780443287329
9789394797987
9789366925288
9781923625075
9781923625143
9781970852837
9781923625587
9781923625129
9781923625112
9781923504516
9781923593596
9781923593558
9781923593770
9781923625068
9781923625082
9798901940174
9781923625877
9781923625495
9781923625013
9781923593794
9781923625518
9781923625846
9781923625778
9781923625716
9781923625594
9781970852950
9781923625297
9781923625303
9781923625211
9781923625693
9781923570009
9781923625457
9781923625334
9781923545649
9788178331201
9798276535319
9781032521978
9789368086208
9789378165177
9789356664012
9789348760425
9789355427588
9789355425003
9789368084365
9789368086154
9788168888524
9789358101270
9789389393255
9789355661777
9789355424280
9789355425058
9789124300319
9789362180148
9789812542847
9789366961989
9781428881716
9798232009748
9783613323100
9789385935725
9798195096557
9798233427244
9798197792969
9783384834263
9782322599530
9781923570108
9798279187867
9798311850827
9798285446026
9798195533670
9798271079986
9798271050268
9789358776881
9781484246689
9781923570191
9781923570139
9781923570160
9798244979893
9798273290426
9798242973053
9788497840866
9798259021280
9781923545267
9781543347647
9781923570030
9781923525122
9781923525269
9788184040760
9798278509820
9789385935305
9788131531792
9789351396536
9789355870773
9789355873293
9788174890597
9789355426970
9789355429292
9789355429049
9789368086598
9789380929491
9789355426857
9780324584936
9789355421920
9789394797727
9780702069826
9789388069304
9789359780191
9789373590325
9789359780184
9789359780146
9781470454890
9789382563525
9789355428899
9789355427359
9789368081746
9789387914384
9780521178761
9781041044116
9789371867375
9780852986462
9789378168079
9789394656741
9789368087946
9789355425843
9789355425959
9789368088516
9781923484443
9781923484450
9798901940013
9781944373139
9781923432482
9798199603188
9781923525191
9782322572762
9781915145147
9789373593203
9788120708075
9789368086109
9798263440060
9798196884269
9798196649646
9798259168725
9798252267517
9798258208965
9798195588397
9798258502612
9798992291551
9798259023994
9798195935436
9798227914347
9798227387080
9798275127027
9798243946124
9798224192144
9798258385710
9798232708603
9798269872032
9788415809883
9798197157829
9781614612605
9789391297701
9789391297626
9783527261925
9780443104138
9789381039793
9788170191513
9789393213723
9789393213327
9789393213761
9789393213303
9789393213136
9788119737406
9789334196252
9789368086420
9789355425485
9789393418333
9789392769849
9789393214720
9789393418845
9789390197521
9781835889879
9789355427465
9781143494482
9781470425623
9789391597863
9781014937551
9798180566751
9798869683229
9783741523472
9781923432550
9788184355352
9789351295747
9789362255914
9781178803006
9788131228920
9788183690096
9789348788825
9789355428974
9789356279193
9788177565270
9789393996572
9789355427434
9788121106931
9789347446115
9780198498858
9789381302392
9781478474517
9788181281722
9798266070868
9798250786430
9798272964458
9798197247377
9798247306931
9798197418265
9798266308060
9798195035020
9798269387925
9798278733553
9798289659460
9798195536862
9798289650009
9798195697853
9781546730651
9789368086468
9798197079497
9798196588891
9798291186206
9798272787996
9798276612027
9798278018742
9798278062097
9798197098337
9780367269500
9780763796396
9798195752149
9798349232268
9798195894108
9798197081834
9789368081456
9789355426895
9798273725089
9798274121910
9798197085795
9789359780153
9789375376552
9788131910504
9788184049411
9789350231135
9781614902980
9789390179152
9789698721206
9789355429810
9781617044489
9798992188400
9798180706850
9788195370122
9788178331324
9798197995346
9798886360592
9798180476265
9780803605565
9780619130817
9781041194897
9789352623365
9788119894819
9789379641441
9788169276887
9789379642707
9789379646835
9781138694859
9781041086109
9789370206922
9788199187870
9789348565679
9788199994041
9788196788612
9789359116044
9781406774207
9781618308825
9789394630420
9788126521937
9788167742339
9781107603721
9789350400371
9789378165863
9798241599902
9788494898242
9798243977050
9783958471580
9788482664088
9798278891079
9798294205645
9798197567567
9798197308252
9798269126944
9798271552687
9798278871835
9798299240917
9798196255960
9798196895739
9798195804534
9798272566478
9798195500832
9798823040129
9798288265983
9798346264613
9798297144798
9798276368559
9798297506213
9798296975096
9798274818162
9798284557693
9798316931774
9798299423846
9798291729434
9798291185155
9798276628851
9798294386351
9798287727642
9798196556883
9798196259784
9781138583184
9798258891464
9798291948545
9788487302725
9798243304047
9798266043893
9798292757061
9789377135195
9789368082712
9789387914209
9789368085317
9789368083122
9789381580233
9789368085966
9789348760654
9789355427816
9789378166808
9788197123610
9789359060347
9789371367004
9789392023996
9789348569882
9789351101314
9788185822297
9788189738204
9799693517520
9789390461820
9788179930700
9789694072890
9781840674415
9781797533612
9798180796448
9783656862987
9782322574353
9798198018570
9780751833263
9788174879479
9780706484373
9780825686160
9781616986209
9788193424704
9788180387623
9789381039908
9789389165661
9789366561127
9789378163661
9788184356137
9789381039731
9781804339497
9789356550803
9788194597421
9789349562929
9789367712948
9789392790126
9789369147366
9789381981535
9789355424235
9789355327796
9788126518364
9789378163968
9781041306429
9788131219263
9789351109952
9789386761019
9781295283521
9789351503217
9789387880467
9788198256133
9789355428882
9789378167355
9788125042792
9788125029106
9783406841392
9798197699961
9798197716828
9798197353023
9798253844397
9798315037378
9798293730278
9798197325709
9798227352873
9798296436320
9798296066671
9798263147679
9798197781734
9798242651128
9798195287122
9798268976984
9798345617885
9798197296511
9798299112313
9781534969223
9798215809686
9798830948791
9798399993843
9781540864987
9798195973285
9798197194923
9798197145000
9798196215704
9798197113481
9798278588030
9798276539706
9798255152421
9781398872424
9798279264728
9798266008946
9780367184940
9781138707061
9798272648129
9798269497709
9798272328779
9783958562561
9798269112800
9798269227429
9798196343537
9798292423577
9798294554774
9781398872417
9789377133153
9780365688723
9781470454821
9788169276849
9788193465554
9789368087328
9789361863172
9789368080329
9798895417218
9788198491121
9780068955016
9788198683700
9789355426956
9789382276487
9789382484073
9789371119672
9789199160825
9789354471346
9789334196559
9789374621080
9781484277324
9780071262613
9781259251825
9789380601335
9789359787596
9789359789088
9789359786544
9789392023743
9788198723963
9789392023347
9780070683365
9788126556700
9788184042726
9788119462063
9788184042870
9789348569318
9789359032504
9789359711683
9789385724237
9789383284016
9789349015326
9788173099472
9789393875563
9781470454739
9789351107125
9789359429526
9781636517025
9781636517292
9788199377424
9789352131105
9789371263917
9789389176803
9789359786797
9788182904774
9789383989973
9789373359793
9789355425744
9789388725743
9789358775860
9789366168043
9788126529056
9789394836785
9789352136438
9789388691697
9781636406466
9789358770612
9789358770483
9789358770766
9788126558544
9789348760449
9788195267460
9789387957312
9789355428554
9789355429773
9789350405697
9789221072751
9789351638292
9788131516393
9781915396648
9781917349611
9781470454715
9781470454746
9789378163760
9789368082903
9788484347255
9798267633468
9798264692390
9798264692208
9780205865819
9798257480416
9798297392564
9798250167475
9798242498273
9798258207289
9780521059084
9798195555665
9798195576264
9798246035108
9798267736114
9798268084771
9798272915498
9798274476454
9798296366849
9798296506399
9798261952565
9798262967223
9798263474225
9798264244582
9798264360992
9798197913821
9798198157620
9798268641851
9798223196433
9798223222521
9798223957515
9798277863688
9798278810919
9798293247523
9798196125829
9798196398780
9798197104939
9781293060407
9780071126038
9789309241031
9789379648952
9788169276252
9788123902104
9789378572135
9788123902111
9789386554925
9789355426093
9781584795865
9781316614181
9789385722943
9789360348670
9789355427052
9789388983327
9789392509179
9788189920814
9789348760128
9788184890358
9788185119427
9788168888517
9788192485423
9789351424444
9780070617537
9789374622018
9780070700482
9789348189400
9789354691539
9789384454579
9789382885610
9789392023606
9789392023118
9788194776611
9780981184746
9789359422978
9781009644525
9789378183683
9789355312679
9798289598011
9789819600168
9780984121625
9788197812453
9788196618100
9789387880122
9781790471034
9781972087015
9788485887286
9798892212489
9780198975045
9780691303659
9781259253577
9781265038953
9780071743075
9789362250476
9789364173292
9781041046998
9789384454258
9788126556694
9789349934443
9789356524644
9789358771008
9789332706392
9788196618179
9798217434565
9788196034306
9781041048862
9788184041187
9789378186783
9789390820658
9789392512919
9789355424358
9788199946781
9789334102185
9798313305264
9798336536485
9798292960782
9798263483937
9798273279759
9798268016819
9798293113071
9798255087280
9798292585626
9798292862437
9788496664968
9788496083387
9798342985925
9781032452890
9798195684174
9798223530497
9798278787372
9798268015287
9798268015881
9798253447857
9798268426984
9788412899269
9798223960416
9798223718031
9798287989996
9798254788812
9798268276930
9780022297978
9789385390791
9788169569057
9781636516035
9789362524003
9789384637613
9789385915857
9789386827524
9781917349628
9798905104329
9788415612094
9788408297666
9798199964777
9783695759965
9789380376387
9789395390972
9789359718316
9788184049671
9789355642776
9788184350043
9789350231647
9789391279752
9788183243841
9788184047790
9789380032481
9788182200500
9788184047806
9788173716638
9789693522365
9789390461011
9788126562794
9789381302644
9788125038672
9789352130801
9788130100388
9780525655732
9780593320006
9781948135009
9789371364454
9789348760166
9788197139918
9788197159299
9789348760852
9788198308467
9789694072807
9798892221429
9788184045024
9788195233366
9789355427120
9789350734483
9789355429100
9789366650784
9789366659510
9789366654904
9789350238790
9789381039779
9789390659647
9788125054504
9781645973775
9789364448185
9781774021880
9781032607337
9789385824227
9789384139100
9781951083885
9788172335816
9788489861947
9789386827142
9781071631010
9788123929637
9798268810578
9798224151509
9798268122558
9798215122631
9798823049726
9784468740562
9786943639422
9798223440406
9788121919340
9781393038030
9780359786862
9798223426028
9798223415589
9798223418238
9798223241058
9798223016397
9798215217658
9798346456834
9798258344632
9780645081725
9798293507207
9780193860117
9798268279122
9798197373366
9780193860131
9798291933558
9798279049301
9798277922453
9798294302887
9798274533966
9798197062352
9798258209856
9798258220189
9798258217004
9798197743282
9798258214249
9798224364312
9798257896569
9798265325839
9798259019461
9789371869645
9780260735577
9789390616190
9789362520616
9789378164378
9788184049749
9798197772374
9789699370052
9788175225930
9789355428639
9789352672677
9789356076013
9789348960085
9789334316247
9789389814866
9789392236150
9789348835468
9781591749356
9781041086321
9788183240925
9789387465978
9789350626214
9789388266895
9788130909967
9788131964859
9788184042443
9781727891102
9789362254825
9789388159104
9789358779998
9789358775907
9789357312943
9789391297589
9789352661244
9789374623480
9789374624838
9789359116556
9789356815346
9789364269926
9789382249283
9789351848479
9789349887633
9789392023460
9789374620083
9789349218420
9789395552332
9788171108206
9788178331782
9789394726765
9789390177684
9789387914087
9788199474611
9789387483156
9789387880108
9789387162372
9788178246437
9789394726123
9788178246468
9788198397423
9788196811235
9789392023378
9789393462541
9788173669996
9788131502907
9788199107953
9789356521292
9789392023316
9788194776628
9789348760579
9788195243877
9781399803496
9780521769365
9781041060161
9789348631220
9789364443104
9788169777841
9789349666191
9781444144161
9788169777858
9789348760760
9789348760586
9798170944415
9780008721756
9789348569752
9789389562774
9789382358756
9789354249273
9789394417236
9789395483261
9789354644962
9789362734846
9789354255311
9781332277445
9781947825284
9798198182172
9798198030749
9780781769662
9789371862257
9798253834954
9788490374535
9798258913173
9798365101784
9798865122258
9798314748350
9798305563924
9798262192083
9798250022385
9798249872328
9798255941315
9798251808810
9798255159284
9798253764657
9798252965963
9798246548103
9798280924468
9781393233947
9798257895678
9781312445871
9798223359777
9798257272011
9798269403212
9798246614105
9798854827973
9798293906109
9798904790103
9798258960368
9798258499837
9798653230974
9798258219756
9798249717490
9788499765464
9780282448264
9788196596521
9789378184574
9780691195629
9788171946495
9789378187124
9781032468464
9789348760333
9789390963096
9789378164255
9781332194834
9789356819269
9789368088950
9789347204500
9788191035919
9789383318063
9789370203242
9789334433432
9788197401473
9788197401411
9788197401442
9789357850179
9780821868805
9788199720497
9789388412353
9789348569783
9789354249280
9788119868131
9781179892023
9789357854498
9789392769900
9789357468916
9788184047677
9789350231715
9789630538718
9789389167207
9789351102403
9788121507127
9788184049268
9789386092601
9788170041900
9788184046779
9788126550326
9781581138184
9781332170197
9789362737557
9789351455103
9781645973720
9789394630925
9798886130911
9789385065156
9788121505048
9788188573622
9788189645809
9789388750721
9789385494123
9788120331556
9788188573981
9788193095799
9788170193234
9788120349445
9789382358732
9789380032474
9789382730057
9789382742357
9788195917914
9789369580309
9789394364745
9780444511058
9789356812574
9789390555185
9788197355042
9788197099212
9789382191810
9789354707995
9788198950611
9788195376551
9788197424731
9780016758102
9789359168661
9789355427168
9789355426499
9788196384616
9789394163553
9789363337701
9789357604284
9789395829489
9789359983813
9783649645016
9798900235004
9781804164440
9798180711359
9782889518739
9783943638653
9781781961247
9788491655183
9788174469274
9780230527287
9788189645250
9789387162204
9789389863505
9789394812673
9789352134656
9789350237120
9789385204777
9789351102229
9788184890259
9788196596538
9788195243808
9788188573929
9789381981009
9788199137981
9788197197192
9789388809504
9789394417625
9788193253458
9789374248409
9789373171159
9788196596576
9789359148571
9789358919219
9780000988768
9780367475352
9788194739104
9788198144492
9788195284498
9789389971637
9789694073033
9788170219200
9788131704820
9789388707350
9789353505714
9789353945633
9788126566563
9789378490316
9788196596569
9789334176131
9798561947735
9781844471614
9789352535224
9789351448419
9789347684814
9788126515707
9788172330682
9798248903337
9798248279852
9798335828048
9798242669680
9789355293220
9781500125967
9781405161879
9798249108533
9798278966753
9798257909900
9789395101547
9798305168013
9798330376070
9798242978072
9789390777969
9798247332527
9789368080138
9789381575734
9789380772899
9789366440019
9798255904396
9798259349919
9788172333997
9781803095387
9789361311529
9789379006554
9788173719097
9780803645912
9788184048537
9789351448433
9789387880016
9789378161124
9789387949218
9789394894792
9789395552615
9788194525554
9789384879471
9789355424242
9789355856432
9789383794072
9788176292252
9788174468840
9789370604292
9798886130942
9789392204845
9789354937262
9789374063453
9789348375049
9789356735057
9788192570747
9781408707005
9788196192945
9781041061014
9789388809733
9789389863932
9789311124087
9788189823337
9788199720411
9789361319310
9780006463412
9789378188886
9789388899796
9781791879242
9788126550838
9789390461608
9788126552764
9781969213373
9789386418357
9789357751308
9789357759441
9789357759373
9788186049051
9789355627872
9798180405449
9798198467163
9789355626783
9789350235676
9789698917029
9789351107057
9789355621504
9781915434357
9789386286864
9789386092915
9789358770537
9789355734938
9788181437709
9789388019972
9789395533034
9788167290533
9780195604429
9789389662528
9788187680079
9788174464361
9789385722615
9789381302576
9788119462247
9781316616321
9788119782277
9789387925489
9789378183676
9789364177207
9789361590313
9780241852606
9789388178631
9788123926599
9781179572062
9789359716176
9789355927057
9788171104239
9788195243884
9788172335137
9789350239148
9788174468888
9788186050156
9789350941980
9789351105053
9789312146507
9789387949225
9789378161643
9789387909335
9789390128457
9789395331876
9788184621273
9789358790375
9789348760227
9789392470110
9788199328259
9788199462366
9789348760159
9789348760975
9789389971361
9788168888500
9788196179052
9789347043536
9789381842829
9789386482013
9781645973751
9788179309896
9789357050487
9789363338753
9789363360587
9789374625361
9781137582294
9780016769504
9789378801815
9789353503536
9789386600394
9783030113872
9789357857604
9788195400980
9781032621425
9789392023644
9789355252524
9789355852601
9789392023262
9789385621918
9789391549800
9798249130923
9781484276624
9798252810546
9798249112790
9798290851549
9798842218981
9798251657920
9798263801557
9798253828908
9798254866749
9798290326467
9788196690335
9789390692101
9798258564566
9798255314072
9798267931557
9798265073082
9798271478260
9789394569966
9789365210095
9789352870943
9780070587908
9789380376301
9780070607491
9788132210054
9788173872242
9788126539499
9788199005877
9789334171730
9788192779416
9789381302798
9789352134182
9789355424617
9789349934153
9788198386809
9788180887321
9788184048971
9789390081752
9789388137775
9789388137812
9789334044645
9789383989881
9789352877270
9789348569455
9780198086895
9789352877386
9789369529261
9781138348660
9781032585840
9781032607221
9780367479152
9781032644639
9780367459529
9781032585307
9788125030492
9789358169386
9782017199670
9788195267453
9789395817455
9789354552212
9788174469298
9789386383747
9789385244940
9789386383754
9789393711205
9789350620274
9788179880876
9781041060345
9789334196870
9788174468420
9789380929583
9789381555712
9798180877192
9798181062931
9789363331792
9789379295590
9789381466476
9781522053170
9789390486434
9789378167867
9780198934851
9780143476023
9781785046858
9780241828359
9781529981988
9789348457783
9789385451195
9789352877263
9789394100909
9789334167313
9789394836655
9788194492870
9789367505458
9789375614098
9788196319106
9788184041545
9789364224079
9789358778984
9789354469220
9789349262409
9789358778298
9789368085515
9789386649935
9789386179814
9789358778571
9789358776348
9789367500255
9789367500248
9788184893250
9789388069755
9789363646414
9789371058360
9789354420924
9789365210378
9788198907875
9789388725897
9780199470679
9789359986173
9789350239414
9788185680156
9788170690368
9788126538263
9788184046786
9788184046809
9789386561992
9788126554164
9788126543168
9789385914478
9789350231654
9789349703759
9789352131594
9789351866688
9789350235423
9789350232699
9788126564408
9789387919389
9788184045017
9788184042771
9788184046212
9789311126371
9788171390007
9788190629409
9788184048421
9788126542987
9789350236550
9788126559695
9789351192534
9789351102144
9788126559886
9788170892403
9789385451300
9781470118808
9789363336391
9788125016205
9789356504530
9789393586995
9789359719870
9789349802902
9789357858212
9782808197304
9789352874798
9789351442103
9789351762690
9788189645113
9789389867299
9788184350029
9789311125060
9788184351842
9788186117316
9788180303036
9788180302978
9788180520044
9789383154203
9789380376745
9781316508909
9788120347663
9788186623060
9789385244179
9789386674159
9789309242250
9789373599335
9789334241143
9789351192022
9789393675972
9789368025955
9788182907003
9788125022541
9789351762683
9781316641880
9789390777631
9788178243443
9788120333482
9789378165337
9788126504466
9788126568789
9789383138692
9789348070258
9789347153785
9789384454463
9789390232758
9788197159206
9788194843726
9789348736833
9788119708956
9789390176021
9789356827653
9781138667525
9780230328884
9781032725840
9788132116011
9780230327726
9789311125084
9789351472674
9780230555280
9789351102236
9781032725963
9781009401746
9789356665644
9789352877331
9789391600471
9789388123785
9789390232710
9789354552274
9789369145492
9789392204753
9789358776447
9789393393463
9789358772074
9789386150684
9789356666450
9788123911939
9789356668980
9789369144358
9789385915352
9781986332316
9789354095627
9798273930391
9798269741093
9780230327740
9789351472643
9789381842850
9789348760067
9789351738794
9788178129365
9798251597950
9798254553236
9781338299427
9788194765769
9798261750697
9789348760500
9789355019806
9789355425553
9789366960272
9789348760838
9789356738393
9788199720466
9798278876687
9789355290328
9789393885883
9798264259920
9789694073996
9798274812337
9781316623053
9789378800665
9789349826212
9789378800146
9789373171166
9781785046346
9788181802132
9789378801488
9788126532155
9788168590830
9789373171128
9789349475090
9789378802355
9789378801327
9789389391619
9789375449843
9789387208605
9789387162686
9789354767456
9789352839803
9789363360600
9789363360679
9789371500692
9789366272481
9789373171548
9789373171531
9789368021445
9789359163475
9788181523006
9798891867895
9788119073375
9789389996203
9789353620912
9789389454109
9798170945221
9789390555994
9789355851413
9789355739919
9788120326033
9789392791901
9789389420852
9789392791949
9789391567668
9789377137786
9789392791673
9789392791864
9781410301826
9798282305388
9781530740628
9798737023683
9798645824181
9781791659042
9798643489115
9788186791332
9789350234563
9788121502771
9788126543625
9788184420517
9788173667329
9788126520220
9788184044980
9789334254884
9788125056195
9788190339797
9788121104050
9788189645441
9788187644941
9789698460235
9788121941501
9789380287300
9789388426961
9789350041055
9788184355642
9788184042665
9789354552137
9789387994881
9788126519682
9789386006028
9789353623005
9789354600432
9789363333680
9789369581337
9780992433628
9781771610551
9780972595964
9780593725535
9781939371652
9789363646391
9788170821007
9788188893164
9789371390491
9789347786181
9789386625793
9789357604130
9788168593848
9789388883795
9789347786259
9789364174053
9789368081104
9788197154546
9798901125168
9789385390562
9789376319565
9789355423702
9789355855411
9789350940235
9789371643160
9789371366366
9789371508698
9789393364104
9789395331210
9789393493774
9788177022766
9789364448581
9789360343712
9798285655916
9780143568117
9789347471759
9789390885336
9788194105930
9788171309337
9788126552672
9789368087397
9789352877324
9789387791749
9788172614379
9780230542242
9789376315123
9788131203101
9788126515271
9788184621129
9789377706333
9789356669574
9789356669727
9789361593659
9789386827166
9781032634265
9789371366816
9788183857642
9789351565284
9781728241845
9781597073868
9789363129214
9780197663752
9789375372271
9781484276846
9788194920892
9789394100374
9789358773552
9789358779301
9789367509845
9789358777017
9789355641854
9788179940044
9789358775280
9789358776812
9788196362904
9788196319144
9788199995611
9789358770452
9789389009040
9789390911134
9788184351361
9789388019798
9789391297497
9789388019996
9789388159708
9789388159906
9789392374289
9789386092946
9798900070957
9789393393210
9780002160100
9788126330904
9789354688737
9788176811545
9789352664078
9789380089881
9789380550794
9789380550459
9789391024598
9789391297756
9789390461400
9789380550909
9789381952719
9789390461653
9789383721931
9789383187133
9789351461074
9788194463801
9788120843790
9788125032397
9788199334359
9789390784141
9788197450594
9789395985833
9789377131296
9789371452939
9789368902836
9789385445477
9789385445712
9789382838609
9789381951231
9789354882302
9798189297007
9788170021087
9788181820389
9789349290037
9788170558231
9789390511761
9782848315416
9789393642271
9788193241509
9789371265300
9788196512910
9788184877120
9789366273808
9789349637269
9798898546632
9798898548889
9789378160813
9781032115993
9781138226401
9781032250267
9781032725741
9788126554430
9789362258823
9789371866200
9789380852553
9789385390838
9780781784566
9789355329745
9789369149711
9788188658251
9781484283554
9789363796201
9788121405126
9788121504737
9788186791394
9789373598468
9789356841086
9789370206274
9789355732804
9789356666672
9788126551309
9788126542857
9788182209053
9788180900570
9788126546176
9789394200432
9789693703146
9789395361095
9789386224088
9789394168725
9789937623896
9789390576623
9788190105798
9788189469351
9789388604949
9789388412858
9789350237083
9789355032638
9789392444739
9789392023149
9789371864763
9789386519412
9798900234274
9798894466774
9789352168187
9789363551022
9788126556526
9789362520265
9789388269490
9789365218435
9789348760814
9789381981115
9789348457837
9788198868022
9788198397461
9789350722305
9789937783163
9798889095415
9789350239537
9789350620731
9788187566656
9788184049152
9788173591266
9781877854583
9788126508419
9788171108190
9788183212717
9788187746041
9788126541089
9788126541102
9788171106455
9788185122687
9788119337378
9788184620849
9788126528097
9781639576401
9788184305678
9788195352401
9788197926778
9789385152023
9789369141838
9789366272634
9789371118866
9789390274284
9788195935680
9789357289016
9789351738787
9789366653884
9789371438902
9789362257086
9789373942049
9789362258878
9789371119603
9780835675901
9789334058284
9789348420954
9788197388491
9789334055375
9789334029826
9789348199270
9788193700822
9788196912161
9788119577842
9788119581917
9780070589155
9789348420114
9788193101674
9789334179798
9788195007660
9788122122909
9788178833200
9788181501684
9788170805588
9781637547908
9788169402972
9781944725006
9782808197588
9788172056636
9788119132935
9788119210435
9788196029418
9788192071831
9780000123633
9780016757259
9788199353664
9789334184969
9788198314130
9788198236968
9788197444609
9789310003338
9788199958418
9788198695925
9788195720866
9789334082838
9788192450469
9788195999453
9788195444892
9788182479135
9788197018176
9789355428165
9788195116706
9788195045488
9789357882064
9788196850852
9788197239281
9788199353633
9788172611415
9788199857773
9788199344792
9788199168602
9788197321764
9788194444305
9788194267300
9788199857780
9788199526921
9788199765689
9789381748428
9789381464915
9789373352343
9789374623190
9789357606585
9789376319817
9789376866571
9789378214288
9789355927422
9789356552708
9788189169992
9788195506262
9788195566822
9788199778030
9788196190422
9788196222789
9789392877506
9789374265123
9798903302710
9798892225786
9789372548211
9789383313907
9789384564599
9789378255144
9789394887381
9789394887763
9789849005339
9789391854911
9789380998503
9788194154730
9789391887629
9789392231261
9789358905625
9789358771886
9789362860682
9789347017308
9789347472794
9789358694826
9789349393929
9789351043973
9789382603221
9789388965385
9789357375283
9789358102017
9789359137834
9789349211209
9789359036311
9789359130033
9789348152664
9789354161322
9789357606714
9789349110205
9789373353326
9789364314732
9789359031828
9789381336045
9789359034560
9789380089775
9789359800653
9789373357508
9789382749103
9789383721429
9789360544508
9789360700089
9789356928046
9789363556829
9789394642102
9789365211382
9789366659060
9789368531159
9789363550933
9789363551558
9789359713526
9789359662190
9789363889286
9789386516695
9789364317320
9789364317566
9789364317849
9789359572840
9780016757594
9789386248992
9789386503466
9788169222464
9789390423316
9780016758041
9789348835871
9789393711649
9780016757884
9780016758256
9788122127553
9781495910739
9788169049344
9788171095940
9782808197762
9788172056681
9788199081109
9789348457295
9789355855572
9789355853967
9789371860338
9789375617228
9781717853783
9789357059510
9798189297335
9789388426695
9788184975345
9789351444879
9781445489582
9781445493633
9788178241333
9798904312169
9789357759045
9789386110428
9789351132653
9788183554541
9788184350661
9788184350814
9781472373588
9788190864213
9788178440651
9788179490068
9788174530424
9789350717417
9788188790357
9788186957455
9789381626443
9789380607276
9788120347564
9789350941744
9788184351132
9788184975420
9788184975444
9788186623008
9789356406605
9781595622365
9780241659007
9780996899918
9789361312441
9781529945560
9781835010761
9781940660387
9789393715937
9780882680422
9789388912204
9781483575865
9788181802248
9781236722508
9788172700911
9789387208353
9789366275277
9789393509000
9789378250026
9789393864536
9789334321432
9789355865076
9789357869973
9789353614959
9789357600736
9783443950606
9789849005315
9789359594934
9788189140489
9789349393196
9789352670734
9789351198383
9789386869449
9789386625519
9789394112049
9789362734990
9789354640407
9789354252716
9788185771236
9788171016006
9780692412374
9789354359163
9789377135669
9789379292995
9789356665682
9789369145867
9789348457103
9789381302316
9780199461127
9788192153407
9781105513701
9780333778227
9788178241661
9789384094317
9789382629313
9781668278703
9781941743027
9789357604772
9788119847341
9781009824361
9788189798239
9789357050012
9789369149407
9788194045137
9788198909510
9789353654481
9788188082438
9789334259049
9789347294006
9789356020658
9789355252456
9789366272719
9789356957978
9789356667747
9789371208437
9788170790150
9788197372506
9788197653278
9788188082056
9788187330035
9788198626257
9789391183950
9789358771756
9789381022573
9788198223425
9789381094242
9789371360074
9788129139931
9788129120762
9781506710921
9781841882833
9789353040963
9789359782379
9789350404263
9789394417854
9788181289162
9781906497101
9783943544770
9788120844421
9788119061136
9780874873191
9780984275106
9798897447695
9789367500095
9789389330960
9789380326696
9789391490782
9798870523897
9798196012983
9789694071299
9789352877300
9798264592713
9789351461678
9780571519323
9798199577182
9789352877195
9789375732235
9798280898707
9788172332747
9788186050880
9788172292904
9789350721575
9788184351408
9789351733270
9788194398110
9789351862598
9789350239810
9788183553605
9780979020599
9788169424448
9781777519438
9788125051244
9788177796032
9788122138207
9789356926127
9789348352613
9789334123937
9789384262501
9789356267220
9789357034531
9789386345448
9788193056967
9788194095637
9788168574434
9788199275522
9789334283136
9789355867254
9789384901226
9789380829470
9789377700232
9789360068158
9789386390721
9780199488780
9788198646743
9789363330696
9781785663994
9789356668843
9789370786691
9789361863547
9781473709195
9788125032168
9789350620755
9781338564754
9788125053446
9798897442799
9788123746173
9789356664142
9788193387290
9788197142604
9789362866349
9780016757921
9789357439503
9789388850414
9789390521166
9789392458132
9780673193551
9788197085512
9789356666184
9789381350270
9789361801754
9781495273858
9788169711067
9788126567003
9789354644948
9789367136973
9789378166730
9788174467287
9789367139134
9798902074243
9781910862599
9789378163807
9789389237115
9789354802676
9789356666801
9781032655451
9789373944487
9789363333109
9788126537280
9789362250537
9798189480126
9789389403886
9789392023927
9788184350494
9798901767429
9798902076506
9788177357387
9789380250472
9789383382378
9789380803524
9789378169922
9789348037336
9788126564378
9788199265264
9789381842881
9788184352153
9789334278064
9789348760319
9789350184073
9788185002996
9789351106951
9788189161750
9788126556014
9781685094454
9781107439634
9788126536733
9789355554253
9788191065121
9789355030436
9789352341641
9789334191608
9789351628712
9788199753457
9788199420533
9789351738770
9788187746034
9788196596507
9788182748163
9788126544851
9788175300118
9788126536757
9788195549023
9788195475056
9789334156331
9788196690397
9788182208971
9788182205932
9788189487973
9788174452368
9788173715686
9788173711237
9788172332365
9788125031697
9788122130041
9789358797886
9780965187152
9789390688203
9789351073604
9789382322573
9789372456035
9789395101745
9789363640795
9789381981634
9789356664418
9789359664941
9798189480119
9789358380941
9789358479188
9789368539483
9789377014971
9789363192515
9780340847008
9780965187145
9789394212107
9789384987107
9788188571994
9788189161941
9788195116775
9788190914390
9788192219592
9788193133132
9788193562116
9788126540877
9789387672772
9789385224621
9789390973002
9789378801945
9788168813014
9789334239294
9788184015638
9788126506699
9788181807045
9788168813021
9789369142422
9788169683081
9788199446540
9788196787332
9789395635547
9789395138697
9788199493919
9788191027679
9788196090203
9788126503315
9788198011084
9788169001212
9788197074660
9789377010430
9788126027231
9780017779885
9788119152162
9789373171098
9789373171562
9789364685948
9789369148073
9788119152384
9788197085543
9789373171500
9789373171043
9781009824910
9789355314031
9789370788770
9789390579266
9788122303414
9789360621643
9781032374437
9781032633152
9781032524610
9781032253565
9783000324789
9781032513850
9788181330536
9780367775667
9781032016139
9781032233512
9781032524641
9788194282655
9788179509555
9789365210668
9789381496176
9789392023705
9789389961225
9788197036156
9789393542601
9789384661632
9789391567538
9789364022583
9788195359103
9789365210521
9789371866217
9789390928651
9788171106493
9789371866064
9789360455743
9789358775013
9789362863010
9789382345169
9789786222837
9789394102552
9789357600484
9789359718309
9789362732767
9798888692585
9788193770467
9788195119042
9788126555826
9789356764255
9788184553406
9789359269009
9789362256706
9789356122598
9789395287579
9789355038401
9789370204218
9789394417403
9788197747700
9781606521878
9788198431127
9788126510894
9789373942285
9789359115016
9789386827210
9789390232741
9789393642080
9788182966819
9789371867894
9789359598680
9789811879876
9789395047111
9798903300945
9798892224888
9789385325304
9798895410929
9788183231015
9789374625767
9789393657916
9789382527442
9789381464946
9789381464779
9789382178071
9789386549907
9789387265868
9789381731925
9789392428081
9789390911813
9789392172434
9789391277482
9789393393319
9789393063342
9780170414340
9788170821106
9788168661479
9788122141177
9788174468345
9788190183093
9788199121508
9788198939876
9788197478260
9788122116397
9781637542378
9781497489752
9788122117424
9788122125924
9788199281493
9780564094943
9780016752445
9780000545787
9788190208420
9788171106301
9788172055967
9788172056834
9789355030207
9788193966358
9788179509685
9788197195693
9789353221461
9789354695629
9788193900659
9788181351067
9788183230414
9788183990882
9788184305807
9788197187285
9789334162172
9788199846067
9788199677654
9789350621790
9789366312750
9789334227352
9789356196049
9788192339207
9788196400804
9789334409499
9789363558373
9788193056905
9788193770450
9788194000372
9788194920885
9788195904921
9789373351001
9789371865395
9789369947607
9789348752918
9789349532441
9789350153765
9789350481899
9789358473858
9789334328493
9789380219783
9789376863730
9789376867578
9789382443490
9789387824232
9789350790731
9789351869795
9789356024137
9789382527954
9789382673972
9789382883050
9789383369690
9789358378955
9789368080794
9789355549051
9789355851505
9789357590105
9789357778367
9789381092811
9789358479102
9789358771565
9789358774801
9789358774986
9789361319198
9789366111414
9780241793756
9788181583130
9788181583154
9789347806049
9789354358753
9789354407338
9789361314308
9780143461418
9780143458920
9780857508331
9780241814314
9781785046506
9781529944129
9781529986716
9781529047110
9781529154900
9781608106264
9781471161285
9789388912006
9789388630269
9789384898519
9780143479451
9781447287186
9789382616290
9780241345436
9780241782835
9789356403925
9798894987729
9780241683903
9781846048746
9781035069613
9781787636965
9781405962773
9781788707718
9781804962848
9780143475620
9780670099764
9781787469259
9781645475521
9781846047336
9781837932979
9780241662656
9780143472544
9781035069415
9781447228394
9781447272854
9781846048159
9780241541142
9780241637609
9780241634653
9780143475903
9781035030811
9780857509420
9781787636033
9783841331267
9798859452095
9782020072878
9789355036612
9788194768302
9788126562992
9789368939993
9788126561995
9789356124011
9789363335394
9788187471592
9789370786196
9789350000267
9789385445804
9788198225917
9788195179039
9788170555421
9788170556701
9789381952696
9789349290020
9789350716946
9781138281332
9788131791882
9781009824927
9789371860642
9789388712415
9789389767643
9789390324781
9789390659630
9780071331838
9788131716540
9798903300105
9798895419496
9798899615146
9788169826303
9788174453983
9788184350302
9789347691041
9789371430487
9789348457448
9789399563730
9789354427039
9789350237281
9781009828222
9789388030908
9789371606356
9789359730394
9789356666009
9788189632120
9781009824866
9788126556250
9780016752377
9781009825177
9789123467426
9789395101776
9788197769818
9788122484953
9789371114950
9789394417946
9789354267062
9781107531475
9789386518781
9789356225909
9789350764947
9789369587339
9789362528698
9789394644601
9788195846849
9789377300074
9789356129054
9789362259714
9789355649744
9781626920996
9780882680125
9782914199124
9781886449152
9789362868725
9789359669687
9788195119097
9789370205581
9789382282181
9789393511089
9789394915022
9780990746577
9780990746546
9781685386962
9788129139849
9789361311062
9789361310614
9781909221819
9789349703971
9788194267508
9789391787400
9789378160493
9788129104540
9781781210215
9789380206639
9781569570586
9780198983828
9787758855106
9789390973880
9789390466375
9789377132071
9789375165163
9789366601557
9789375162209
9789375164005
9789394102446
9789395552097
9789363330313
9789392591846
9788179309391
9789373016375
9788172749859
9789360236687
9788131804018
9798892772280
9789357034463
9789375167730
9789812403612
9789386634009
9788180900310
9789381772119
9789381772126
9788174531346
9780836458374
9788174532541
9788185116617
9788184041521
9788194168706
9788184041446
9789351108528
9788170543619
9788174531179
9788187222392
9788174532985
9780985687564
9788194051084
9781877854606
9788121504508
9788131902516
9788172112912
9789351472322
9789353162498
9789937962308
9788121511902
9789350230671
9789350237687
9789381574140
9789386603470
9789937010313
9788186049068
9789380336299
9789364689618
9788174530271
9788173662041
9789359786889
9781777519421
9781934185278
9798902075158
9798902075165
9798903622771
9789371869225
9798895567333
9798899067037
9789350042410
9780195653816
9789364447515
9789359716008
9789359712451
9789390298563
9789393077318
9789348132123
9789393862723
9789355852809
9780857986900
9780006974505
9780857986917
9788171306626
9789362839787
9789334175202
9788121804417
9788122113570
9780004011578
9789387453456
9788197154577
9788194717386
9789359030609
9788199783218
9789390373253
9789334023893
9789390958146
9781608104390
9789385509995
9798899616402
9798903300686
9789388123792
9789390958443
9789849658436
9798896738459
9789355427540
9789381399354
9789393086815
9789390373192
9789360824594
9789354439520
9789383260782
9789383260201
9788178241920
9788178692630
9789385621789
9788194150848
9789387894600
9789386110381
9789386224750
9789387590021
9788181583680
9789389583441
9789387648241
9789387766747
9788126536092
9788186791097
9788189059361
9788125031604
9798885694483
9798885030748
9788174531353
9788126552726
9788130930879
9788198985637
9788197224324
9788196755638
9788171109494
9788170193593
9788126560837
9788126536566
9789360700225
9789356187634
9789356187603
9789380355665
9789380089416
9788186117347
9789367178171
9789371116015
9789368085720
9788199433434
9788172748128
9788172133160
9789351248774
9788194150855
9789355425652
9788182749122
9788184351958
9788184047172
9788186117361
9781405131780
9788184045772
9788182474376
9788182208957
9781514235270
9788192143286
9788188646814
9788188479870
9788126502547
9789392444579
9789391024925
9788195446582
9789382127123
9781728298078
9789355428967
9781529177398
9789355036230
9789380658810
9789349289000
9789351104179
9789351102052
9798904514075
9789385152207
9789385152221
9798888151440
9789351444220
9781788541350
9788171109562
9788171858989
9781638500247
9789351104612
9798900237794
9798902963134
9798888694305
9789351444688
9789351444886
9780070618503
9788120310490
9788186706718
9789351106043
9788172333188
9788132231240
9788170946281
9780521898799
9788173715303
9781009824859
9789348375575
9789358778601
9789356667464
9789363339804
9788199066311
9788170822707
9789378163319
9788190935661
9789358779523
9781536681581
9789350407042
9788196357108
9798896102298
9798895443224
9788195499878
9788195882281
9789354420160
9789368539247
9789354640292
9788173701221
9788197769825
9789358169591
9789354420245
9781507228210
9789381399378
9789392374487
9781913553791
9788185771366
9781507228159
9788196353773
9789377135454
9788176810326
9789343412077
9781507228142
9788189823375
9788192339252
9789387572928
9789371115711
9789359712659
9788178244976
9789382629382
9789376319183
9798895192801
9789359770512
9789356669246
9788120844452
9789386689955
9789385980428
9788126518616
9789367500125
9789375377313
9789386849861
9788171170005
9788185574158
9789388069625
9789389356588
9789351671039
9789358101621
9789350106013
9780143425489
9781536689235
9789141745162
9788189760410
9788186877586
9788193108413
9788176610919
9788177795592
9789389220346
9788194809845
9789380906478
9789388850407
9789362526762
9789391942861
9789363921986
9788199717633
9789362837578
9789367131732
9789393642325
9781536669411
9789351108511
9789351449904
9789352038114
9789351447108
9788185094953
9789352135257
9788184350296
9788126524990
9789381069158
9788189973582
9798890668417
9788126578429
9788129132598
9788181914613
9789366606835
9789365210255
9789381842799
9788174532695
9789354427077
9789388266376
9789381981481
9789388187923
9789357475938
9789351625728
9788198636560
9781533522559
9788119487547
9788185141657
9789391560485
9789393529459
9789362865724
9789381954980
9788172315368
9788196355784
9788170603375
9789357868525
9789391065164
9798901361641
9789363338111
9788125026501
9788180280221
9781733724500
9798902316312
9789357263665
9789354420672
9789352878833
9782020073172
9798901125151
9789383232598
9781849153034
9781911717133
9789356403604
9789361319099
9780008761424
9781645475347
9780241773093
9781035060061
9781035415977
9789384544942
9781421523804
9781529917710
9781529944846
9781529954654
9781529958508
9781421551524
9789394701007
9780241799215
9781035055241
9780990684732
9780755500116
9781529046465
9781509829187
9789845061216
9780008494247
9780008760052
9780008760069
9780008760076
9781785045004
9781401901158
9780241683880
9781787330610
9781787304512
9789371364539
9789361481260
9788171088638
9788183452366
9789381703700
9789366657356
9789366310701
9789366650579
9789370462120
9788193530917
9789371001984
9789371649278
9789334252330
9788196149482
9789369269754
9789370201293
9788119257027
9788171248742
9788175812543
9788192068534
9788123416755
9788125061137
9788197264597
9789385390821
9789385829321
9789386248039
9789392941832
9789387236783
9789387236806
9789387791565
9788196342388
9788196807849
9788197136955
9789363474017
9788197352904
9788199040021
9789334440898
9788199040090
9788199265356
9788199358942
9788199485648
9789370986763
9780645924930
9781613016497
9781637545287
9781736533222
9781971036809
9785120560573
9788193724200
9789389125139
9789357889070
9789357734547
9789357376242
9789357014090
9789366654133
9789355939333
9789355459763
9789385224669
9789352900961
9789352045822
9789349802537
9789359571928
9789390765867
9789390221585
9789390006533
9788199620865
9788194392828
9788195892709
9788195041008
9788195051618
9788194780045
9788194832393
9789374626009
9789376313259
9789380501338
9789841106768
9798891712515
9798895419809
9789354421983
9789383296279
9789334007046
9789349541436
9789334278019
9789334354911
9789334364880
9789334382761
9798891711426
9789394079519
9789396523669
9789390915187
9789382474357
9789382602095
9789382749059
9789382749776
9789398745557
9789788198741
9789386345813
9789358475531
9789381769034
9789381794272
9798903302598
9789381923146
9798987157008
9789390789214
9789383430093
9789383547203
9789384657796
9789381283301
9789381464472
9789381464496
9789381464601
9788199970694
9789360703370
9789374074497
9789359096919
9789358776126
9789396523652
9789395125277
9789394808706
9789394807730
9789394646995
9789394502772
9789392830884
9789392803796
9789392428586
9789392428531
9789391748821
9789391397616
9789349262379
9788195378784
9788199040076
9788195402977
9789362839763
9789361858963
9789361284922
9788182233416
9789334397260
9788184028942
9788190666459
9788195390328
9788192447742
9788192795232
9788192795256
9788193347836
9780016756290
9780016755002
9780016752360
9780006463887
9788195137268
9788195068098
9780645924923
9788195673162
9788195673124
9788195673100
9788195489619
9788195402984
9780016756856
9780016757273
9788195673117
9788169222624
9789349267183
9789349262805
9788175978621
9789349254329
9789348707512
9789347472916
9789347391187
9789356369580
9789334434354
9789334416541
9788119625994
9788170866718
9788194712626
9788176674461
9788177793857
9788179977606
9789355854803
9788183618328
9789379290113
9788169729406
9780070264557
9789350121948
9788125036852
9789380250021
9788198267702
9798903629732
9788131809013
9798898794897
9789389937343
9788126557622
9781636693439
9798895884645
9789369630943
9789377397364
9789375618195
9789386310309
9789393766441
9789393758446
9789392549632
9789355839404
9789358393583
9789359037202
9789394887664
9789359711799
