9788176062701
9789369104093
9789387162594
9789357177528
9788193770474
9788176015134
9788187271482
9788179252888
9788195393701
9788198213471
9789349389267
9788199100008
9789353915520
9788194522102
9788194076179
9788198650290
9788170770558
9781404112971
9789355852878
9788194893714
9788119263875
9789393875631
9789394885882
9789396301038
9788195638888
9789371205795
9789376863235
9789381016596
9783443950934
9780022467821
9780022440787
9780016753251
9789843594914
9789390006915
9789390102709
9798895413883
9789334017526
9789348569356
9788199930308
9789381334010
9789385500558
9789385500541
9788196406943
9788196222291
9788195685097
9788197971334
9789355355560
9788196406967
9788124406717
9789391565633
9789365210606
9788177223101
9789367199701
9789393456410
9789356187610
9788184044157
9788174141330
9789356810686
9788173717598
9788177589351
9788173716522
9788172337681
9788186117378
9781935677567
9788176631075
9788185094168
9789351073826
9788174468772
9789382127086
9788191064858
9789388107235
9788170595205
9788185094342
9789388030762
9789386634016
9789388030472
9788189645434
9788121922449
9788126531059
9798899613388
9789350940730
9798902078166
9798904794583
9788173716102
9789352877867
9781639973774
9780980734805
9781684876051
9788173667206
9788172339715
9781684870967
9781685541071
9788194051077
9789386601292
9789350940112
9798898791636
9789386561732
9789390713035
9798420655436
9789354493744
9788177562019
9798895560969
9798872128311
9798397135887
9788177023114
9780131650695
9789362250957
9789392573002
9789371119689
9789386231499
9789392023231
9789390179497
9789369585557
9789395190510
9789811783593
9798895449851
9789381029121
9780016756306
9788174533937
9788171241620
9788120722118
9788100003060
9788198672070
9789388983860
9789375440406
9789380183534
9789358936094
9789370466418
9789380550404
9789387531079
9789386870254
9789390900480
9789357607056
9789357477536
9789375371861
9789360542122
9789385005237
9788176602204
9788176811699
9788171172030
9788197430640
9788181284419
9788169822329
9788174531315
9788169569453
9788183901086
9788126563074
9788130205212
9788172298159
9788198930781
9789354421891
9789354074158
9789353221072
9788192134543
9788199399389
9788184302912
9788187332886
9788194939153
9788193770443
9789354424830
9789367257128
9789367504796
9788197018107
9789347574535
9789350760185
9789383658978
9789383110353
9789363330207
9789364812078
9789364488136
9789363337428
9789353220174
9789090275413
9789350488805
9789348988577
9789352664634
9789355628053
9789355626653
9789390911462
9789391350697
9798899067709
9789386231482
9789385529733
9789351442110
9789352664627
9789358119428
9789352663279
9789351865353
9789355216113
9789358268270
9789355427519
9789355621757
9789381218785
9789391446062
9789393658739
9789381842638
9788168597792
9788169940016
9788175813298
9788181808974
9788181805737
9789350369036
9788181809025
9788197353062
9789353503482
9788195140244
9788198184467
9788198077721
9789378801792
9789355485830
9788173711046
9788172013561
9788171106738
9788197277030
9789353162689
9789364312660
9781636516875
9789373171586
9788126441426
9789374621615
9789382409441
9789383744091
9789395829687
9789388724937
9789393989994
9789394649224
9788195499588
9798896994114
9788195716500
9788196341824
9789348995889
9788198234520
9788199378285
9788199563704
9788120324695
9789378801334
9789372194623
9789372194791
9789363335516
9789378807121
9789369896639
9789372191578
9789378801051
9789378373282
9789377134532
9789376863037
9788168549586
9789376861637
9789372198553
9789360823023
9789360333775
9789355625519
9789363360044
9789363360389
9789363360761
9789355430694
9789371365277
9789358861518
9788130927657
9789349586048
9789369632664
9780241622162
9781626921948
9781591745822
9780194146067
9789350943540
9789350007426
9789391297220
9789391524784
9789395552141
9781804547892
9789388684606
9789369892600
9789387383616
9788181760487
9789370752283
9789382838791
9789385445736
9789373940519
9789371500937
9789391323516
9789392023972
9789383623303
9789379300645
9789374679944
9789371111645
9789369149636
9789389611847
9789357266802
9789357268516
9789357268752
9789363473102
9789347683985
9789353500740
9789355850638
9788194880295
9781846048432
9788126532407
9788170637417
9789364175159
9789355852854
9789390555345
9789355856456
9789355855343
9788180902987
9788194276036
9789355858153
9789355851246
9788182475465
9789365210309
9788184353174
9789388818148
9789363115705
9789360543167
9781009824323
9788197647390
9789378168277
9789378169540
9789378167829
9789370780750
9789373945088
9789378163517
9789370781603
9789390260270
9780198099208
9780706985146
9788178671109
9788126430727
9788180360213
9788171109623
9788189580216
9788122135916
9789353903497
9788195710768
9788198742537
9788198817433
9788199512726
9788886795449
9789334026702
9788195119080
9789362015457
9788199013278
9788198999733
9788198969712
9789354641237
9789357822787
9781569570494
9788198946263
9789334228779
9781540023698
9780070667143
9789360709754
9789382603214
9789353902803
9789350943557
9789348707376
9789359738048
9789359039688
9789358793321
9789358389005
9781736533239
9781636409238
9783126053785
9788195620852
9780761995005
9788173716782
9789362946577
9789390189830
9788199417991
9789362019585
9788190188777
9788194368090
9798889357964
9798885698757
9789394417496
9789394201873
9789385390937
9789386594921
9788168568181
9788194802099
9789390102624
9789387643024
9789392941665
9789391968847
9789365542615
9789373100685
9789373350042
9789393833846
9789374067451
9789381464939
9789382673774
9789384255329
9788194974598
9788194998396
9788195007608
9780022404567
9789394883376
9788196105464
9789382459897
9788196105440
9789369587193
9788169001977
9789355642400
9789392242373
9788177900446
9781886449459
9789369582303
9789362256102
9788168510234
9789371862196
9789363338890
9789386600400
9789385976865
9789349586352
9788131412121
9789360334901
9781864703832
9789361038693
9789359785226
9789391160500
9798895567326
9798885752640
9789355577313
9789389454390
9789849172888
9789350369067
9788131978702
9789354091773
9789388182997
9788173664588
9789358475807
9788121920391
9789358520491
9789393758293
9788188082667
9789334435320
9788174466068
9788178557168
9789334425727
9789361035845
9780022467562
9789359429823
9789381975701
9789388042253
9789381039045
9788125062318
9780022443993
9789352136193
9789351104667
9789350940884
9788119962556
9789334194661
9788170605096
9788170821878
9789354456626
9788176500692
9788178129860
9789358691276
9780022402587
9798901367490
9798898545086
9789386092731
9780022467890
9789385401329
9789371646536
9789377135874
9789380661278
9781107533356
9789356182080
9789369891504
9788126523955
9780312518905
9789309240409
9789378165245
9789355032836
9789388634076
9789358779936
9789369587247
9789360334475
9789358771657
9789358777116
9781645973287
9788198118998
9788195135837
9789358776164
9781009826730
9798896739395
9789361036255
9788125059783
9788170555018
9788197112553
9789374620298
9789354426650
9789349459472
9789349805859
9798898261528
9788194805052
9789369580408
9788195651160
9780367614096
9788182860766
9780367340872
9798894466989
9789391108533
9788120325340
9789387949126
9789379290052
9788126320752
9789358779776
9789347391439
9789355856128
9789394076006
9781685543464
9788195620807
9788194202837
9789381771419
9789379260048
9789385390920
9789395468206
9789386386830
9789355854308
9789354323836
9789355853028
9788197334795
9789348580382
9789347728037
9789350600023
9789355859952
9789378169779
9789350368596
9788181802255
9798900237657
9789358118513
9789366655314
9782987457794
9789369589272
9789392091230
9789392202919
9789363309906
9789366293608
9789368842408
9789364269292
9788169569019
9789393393784
9789391350819
9789359666150
9789357603881
9789354554070
9789361351914
9798896998730
9780074638798
9788199059429
9789365210026
9789382824176
9789359332291
9781259005527
9789362258328
9789375449461
9789375443216
9789354421549
9789371180894
9789358772326
9789385470417
9789358773989
9788180318757
9789386516879
9789393393296
9789356124905
9789356211384
9789356669284
9789358474282
9788194968474
9788195685066
9788197879968
9788185616926
9788198985798
9789392753435
9789392266225
9789694480329
9788170543220
9788184355369
9788186470220
9788183770927
9789694251004
9789355624673
9788192521312
9788186201893
9788187746195
9789371861366
9789372172119
9789374263068
9789377632854
9789380220635
9789362736680
9789363645028
9789366576350
9789381464922
9788121912617
9789366579108
9788174532664
9788170543824
9788171020676
9788172111557
9788174530240
9788183770286
9788172111816
9788183770194
9788175249899
9788190942218
9788190787673
9788190065337
9788189995645
9788194783398
9788194783374
9788194783367
9788193589915
9789354778810
9788189161279
9788174531230
9788199599932
9788174532244
9788199133839
9788199624658
9789390645688
9789380397689
9789381218297
9789381218662
9789381345122
9789351105299
9789334325768
9789334403435
9789347497384
9789348199478
9788199143838
9788199143869
9788185094144
9788184303179
9789355218308
9788184046410
9788184043747
9788123734200
9788121703208
9788121501316
9788119625567
9782598215219
9789350790656
9789350235720
9789349271166
9789355643728
9789348161352
9781877854590
9798905407208
9798888050934
9798895418291
9798901123874
9789394201552
9788174530523
9789352340910
9788170543855
9789393901798
9788174531971
9788172131432
9789399443643
9789937935371
9789694171470
9789399446422
9789389971750
9780143482031
9780143471981
9780143476252
9780674272224
9781804992722
9781804992715
9781623173029
9781626920644
9781732512825
9789382616986
9781789587074
9789381398975
9789378160769
9789361318122
9781803096599
9781801100267
9781847943774
9789361312861
9781801107624
9789393715203
9780143448792
9780143446750
9789361312083
9780143448907
9781804546222
9780670091881
9780008472238
9789388002875
9780143417682
9780674303355
9780008702267
9780008708832
9781529917697
9780143460732
9780143467359
9780008591892
9789389391794
9780008670603
9780143479352
9780241533895
9781526669742
9781035056828
9781526668769
9780892816897
9781447257769
9781399416528
9780241737941
9789390461127
9789347951008
9789358939521
9789356666207
9789373940571
9780190942274
9780367185008
9781009824293
9789351676027
9789354429491
9789349957633
9789325295155
9788119962167
9788196424176
9788123923680
9789388725804
9789365213805
9789368024552
9789369892068
9789366290713
9789374244111
9789363338999
9789357554435
9789355856869
9788196519094
9789363125490
9789386290465
9789371414821
9789349459601
9788184621396
9788130926919
9788176212076
9788175968981
9789383260898
9789387155626
9789384061128
9789386601827
9788182680067
9788171568437
9789383260645
9789383260331
9789388434249
9789385152863
9789385493621
9789385958090
9789383260140
9789383260249
9789384478117
9789384439842
9789359669304
9789356187399
9780749443207
9780670097623
9789385152733
9789385152702
9788177213850
9788194877295
9789381505243
9788193095751
9788192556406
9789380200118
9788196908874
9789386224521
9788188322220
9788189059569
9788184876291
9788182110014
9788182208995
9789356185913
9789386224095
9789386224514
9788177229844
9788178242859
9788181820594
9788170944263
9788170947943
9789380428178
9788125024958
9788184620436
9788195316038
9789380156538
9798902964667
9789395101769
9789393757722
9789387860001
9789387860063
9789387860551
9789387860728
9789384061661
9789363953710
9798189297342
9798888057445
9798903425884
9798905103827
9798904311117
9788121500012
9789392657269
9789389368154
9798898792794
9798898263348
9798895192818
9798895192320
9798894750545
9788131704301
9798888497647
9798888331309
9788126557066
9788126559466
9788126919819
9788176212663
9788126557042
9798898798062
9788126319121
9788126317745
9788121616799
9788170640448
9798903195770
9798902699132
9789383260911
9789381952849
9798898796891
9798900897479
9798900234090
9789381950500
9789380200804
9789380853772
9789385152764
9789393214003
9798904314873
9798904793128
9789378168826
9789373326337
9789352662876
9789311125534
9788194967460
9789355431257
9788170947394
9789388426985
9789395533041
9789387578487
9789387578913
9781474844680
9781474872010
9788190511216
9788170944225
9798895560150
9789388754057
9788122435672
9781786699497
9781781860731
9788121612746
9781722507114
9789356182028
9781942426929
9789355433992
9788132113638
9788184350197
9789355433848
9788125041047
9781636409764
9789373948034
9789390152414
9789373942926
9789366929316
9789363552142
9781885003850
9789378164149
9788198708656
9788198435422
9788193108482
9788193003947
9788177905717
9788179503218
9788123202570
9788169075329
9789334265187
9789334226515
9788173394546
9789371116732
9788172316365
9788182060937
9788182232013
9788119948444
9788120842816
9788190830898
9788171451548
9788199496484
9788199783669
9788170822776
9788175310124
9788179508787
9788194020264
9788194645511
9789358694093
9789399203520
9798892220842
9798895419106
9789334384093
9789334386646
9788198003935
9788195883042
9788195940448
9789363887367
9789368546443
9788195940424
9789370026605
9788195955596
9789371073011
9788196252229
9788198213495
9789373100913
9789374244746
9788196355746
9788196995270
9788197330414
9788195648368
9788195673186
9788196222253
9788198785824
9788199371866
9788199001220
9788196222284
9789388799805
9789388260640
9789396984446
9789363883413
9788123430041
9788126538966
9789359231051
9789359428734
9789362839251
9789347472688
9788198003973
9789350040751
9789392428241
9789392428975
9789352677566
9789355856463
9789357797290
9789395239189
9789395908245
9789369768639
9789370020061
9789357804929
9789369266500
9789358126952
9789347940026
9789394266650
9789392598401
9788193146859
9788185753249
9788185360836
9788195167975
9788194965404
9789374247235
9789359121437
9789358703030
9788192660103
9788192742670
9788193623800
9788193904060
9788194437307
9788194267331
9788119296606
9787758855281
9789334086980
9798903302314
9789395126106
9789390165063
9789390347346
9789391316471
9789363558489
9789363599864
9780190135508
9780034864656
9789351626398
9789352129393
9798903301836
9789382191193
9798903301843
9788196285401
9789392126482
9788195924356
9789392340499
9789392317972
9788195924370
9783443951481
9781739143367
9781637548516
9789381283912
9789379004406
9789376316038
9789376312382
9789374620212
9788196354718
9780022444723
9789381334539
9780022449261
9780517988145
9789381334362
9789382784036
9789385741043
9789386031143
9789387236790
9789387270879
9789334308761
9780016757860
9781613015513
9780956075772
9789362256393
9789369586905
9789366923758
9788129129925
9781624145148
9789370789890
9789377133146
9788167211323
9789395499941
9789387023697
9789359784342
9789363194342
9798885917742
9798189012204
9789395047968
9788120314467
9789392242526
9789351191902
9788124112137
9789385980268
9789373949642
9788199219694
9788199219663
9788199219649
9788196232481
9788197141492
9789386519627
9788171109654
9789366659534
9788197239861
9789384170103
9789383635948
9789383545018
9788175415836
9789356737822
9789357366649
9789387604568
9789388259019
9789368084396
9789367265758
9789386761583
9789381735084
9789359781150
9789359775678
9789364685122
9789359305325
9789358700077
9789359430881
9789378370953
9789377249724
9789363331433
9789363333567
9789358770636
9788187892243
9788177561098
9788175980921
9781785994906
9789369141272
9781648285172
9789347311758
9789350636329
9788199436985
9789350637425
9789334253641
9789350369029
9789351672593
9789355100023
9788199226043
9789395319102
9789395226424
9798901366233
9798900899572
9798887174044
9789395632072
9788189076801
9788194948346
9789386849854
9789357559461
9780195671636
9789378800108
9789351738800
9798895417836
9789386925640
9789369140022
9789365816846
9789358572384
9789347241918
9789357360814
9789375166924
9789370981935
9789355641526
9788199777989
9788168742420
9789356187474
9789369582419
9788126505340
9789395609227
9789369893911
9789377135720
9780016757297
9780016757525
9788119090525
9788168846326
9789358053708
9788119007998
9789354774119
9789359780054
9789382026211
9788197334702
9781895383782
9788199432123
9788199432185
9780016755934
9781543707472
9788178990965
9788179509128
9788178121925
9788177796582
9789334340471
9789381283417
9789351625483
9789334343731
9789378256240
9788124405109
9789347298400
9789394265523
9788196476144
9789392880544
9789391793852
9788195458455
9789347298684
9798890678607
9789347298615
9789381464540
9788195329014
9789365215656
9789356763364
9789373048246
9789371118583
9788195625161
9789814403092
9788172152086
9789388818131
9789381464663
9789364173179
9789389996401
9789378165054
9789349227408
9789348173904
9788126506088
9789373170725
9789394946835
9789378168925
9788169001045
9781519184696
9780197847671
9788123919690
9789370783546
9789351996965
9789812530714
9788184045901
9789385980886
9780074621868
9788184120431
9788183990028
9788130100128
9789362258311
9789354425943
9789354425851
9789351442127
9788121511483
9788127248673
9789311126470
9788193895160
9788178330600
9788172337469
9781638732617
9788184045437
9789391025946
9798899293399
9798900894980
9798899617386
9788174468673
9789381039038
9798889512998
9798900898520
9789362253965
9798887332130
9788174935687
9788178330228
9789394168480
9789392837692
9789392837395
9789351101710
9789371860901
9788189301187
9788185832180
9788184353938
9789351676874
9789355854247
9788196519063
9789365869132
9789360333799
9789391659998
9789386345653
9788169826068
9789363333963
9781685764968
9789349459700
9789386290458
9789348305008
9788172132606
9789360453152
9789358379877
9789395563260
9789349459557
9781728261478
9789353943653
9788197334771
9781506247809
9781035081448
9788190733229
9781969259173
9789356055001
9789334440829
9781035048557
9789386669322
9781035050727
9789380661315
9782018082353
9781035079186
9789394270596
9789389104073
9789371644839
9789380303567
9789334204025
9780022449827
9789351032137
9789349290600
9789366650487
9789371393317
9781782278658
9781529097900
9781529065329
9789355727589
9789396363326
9780857424006
9781509835294
9781523089086
9782019032807
9788179504277
9789355854841
9781035013807
9780063574908
9781529098372
9788126558759
9788126571055
9788167210906
9788126573479
9788169001144
9780615145631
9780199490783
9789391160425
9780946391585
9789333221405
9789364440479
9789375611240
9789389018738
9780199450978
9789356664937
9789366927176
9788131530283
9788194740001
9788174462114
9789351448389
9788172294243
9798899298936
9788125942672
9789389083545
9789378160783
9788182201811
9789395022071
9789360829490
9789378160165
9789375376163
9789381842607
9789373352138
9789378526756
9789389869941
9789369582297
9788193759332
9788181803443
9788184350326
9789354554162
9789389462234
9789369589876
9789357786010
9789324406248
9789354422355
9788169107860
9788175810426
9789399049203
9789377465605
9788180483097
9789355867025
9789399194033
9789355857996
9788186617847
9789392722813
9789392592218
9788193649800
9789383189533
9789354252556
9780016757952
9780022441357
9789354422409
9789396247725
9788196229665
9789371827478
9788119597109
9788197243790
9789355855305
9789348076625
9789367509609
9789359599182
9789360349332
9789381283783
9789392722851
9789390169641
9788194395805
9789352877126
9789366920726
9788129518965
9789348074362
9788122487107
9789359647968
9789393642400
9789352340439
9789386268600
9780933875180
9798902073628
9789364447034
9789366929286
9788184877267
9788131525630
9789355857583
9789378169144
9789371183208
9789350632307
9789355859358
9788199355347
9789349078604
9789363552036
9788174468451
9789357439015
9789387590694
9798894754796
9789391065966
9789391551568
9789363334298
9788119058747
9789352900664
9789354358487
9789387863002
9789374679678
9789362250063
9781925306033
9789357025058
9789362257574
9789369041060
9789375445678
9789357025447
9780199490806
9780190124274
9788131226001
9788169711890
9789937711760
9781418889074
9781408361399
9789355208880
9788131207062
9788129118103
9781569570333
9789356072305
9789381098158
9789382915232
9789383043095
9781569570463
9788194449300
9788170770176
9788119782888
9788194475347
9789361972072
9789361972751
9789362016089
9789348138361
9789363662568
9789363885950
9789357361477
9789361970474
9789348274304
9789348521880
9789363923027
9789370986756
9789354465550
9789354802546
9789355232403
9788194475354
9788182881266
9788192462042
9788193904039
9788193297902
9789392428272
9789394753259
9789384091217
9789383772186
9789396854527
9788131005774
9788171201280
9789388094979
9788169222631
9788197604638
9788196229603
9789363553248
9789356367104
9789387280984
9789386460783
9789356794177
9788199001213
9789391072223
9789391293673
9788193623824
9788193675878
9781932406443
9788173570186
9788180883620
9787333257592
9788199711518
9788184684292
9789347311123
9788194475361
9788195242498
9789349679481
9789352313143
9789392266324
9789385476686
9788126032617
9788199832831
9789383420261
9789352204830
9789386896407
9789347142055
9788168654914
9780198067269
9789357365697
9781009792899
9789360330798
9789354565694
9789394196551
9789354807541
9789371112895
9788119681990
9789369043552
9789393509390
9789390445868
9789357996365
9789350368350
9789364446051
9788120844414
9789376467488
9789391350406
9781910547076
9789353040970
9789375378952
9788187680017
9788173668555
9788182093515
9788126542918
9789351861652
9789386092793
9788195267415
9788170553588
9789351861294
9789383206308
9789351866343
9789351865681
9789390911059
9788199697218
9789390825110
9788184049053
9788173151057
9788183821056
9789353227531
9789353225827
9789353220426
9788170553946
9789350488461
9788172765422
9788184302240
9788172293055
9788184302103
9789352530304
9789359307237
9789355644466
9789390731428
9789937909587
9789832951711
9789388019705
9788174468543
9789694070810
9798898794873
9798898547103
9789351866961
9798889516811
9789350481349
9789351868866
9780367674458
9789352669899
9789352806461
9788177394573
9789355218223
9788175242111
9789351861843
9789351861812
9789355214843
9789355629487
9789355432506
9789355218599
9789380550916
9789350485668
9789381620120
9789380864303
9780195799170
9789354977879
9780367707019
9789351861980
9789387968530
9798900237787
9789350234358
9789350236680
9789380550466
9789380550688
9789389715521
9789389471755
9781639202287
9788195150052
9789386231390
9788186791769
9788182209008
9788186706510
9789388019477
9789388019460
9788173154294
9788119032341
9788173159671
9788194920908
9788193448557
9788173156175
9788185832333
9781032607146
9781404112636
9788182965683
9781647834722
9780916356101
9788184305838
9788185830742
9788190198707
9788192199481
9798902691563
9789387155749
9789392573620
9798899844225
9789392013553
9789386484680
9789392013997
9789386871923
9788175248281
9789387980129
9788126320103
9789386300133
9789380183824
9789389718317
9788175244726
9788119014842
9789392963476
9789392837050
9789392791413
9789386871107
9798903199495
9780670096367
9798897779772
9789347806674
9789390923038
9789370786455
9798899296871
9798899062933
9788198072214
9798897773923
9789355439901
9798897247950
9789382322801
9788197716980
9789369895175
9788194398172
9788196319175
9789356664906
9789383452637
9789389454093
9789369582525
9789355577894
9789371868334
9789381951293
9789355017109
9788181820617
9789392494352
9788197630453
9780182990504
9798899062070
9789349290815
9789393528308
9789348070241
9798183870695
9789381952702
9789381952641
9789334226089
9798899061042
9788193107485
9789357750790
9789348203717
9789391736378
9789381951828
9780670099061
9789386345912
9789351630609
9782954761800
9789375163091
9789371180207
9789359110301
9780615725949
9789395941396
9788167210920
9789394417540
9789394987852
9789349247338
9788184044263
9789355571298
9789352603053
9789352208296
9789370630659
9789371860451
9789390770908
9788182967151
9789393726025
9789354093296
9789355014696
9780195655025
9789351631897
9789350369210
9788181807267
9789387919310
9789351676669
9789382543930
9789309240065
9789350043202
9789394974685
9789391108595
9789387919945
9789354429262
9798898262693
9798895445532
9789386250742
9789391067199
9781464279133
9780670086993
9780008619312
9780143478485
9781405930178
9789361311192
9789354358517
9781529346305
9781649631541
9781649632838
9781760122157
9781399626514
9781035424214
9781035027903
9780857427458
9781405993814
9780143471387
9781400349166
9780143478324
9780063474291
9780063430310
9789394701922
9788126579013
9780008284855
9780670083398
9780143480273
9780143478621
9780143457770
9780143465867
9780674297616
9780674295322
9780674295315
9789394613980
9789391067595
9788195818068
9780143467151
9780008767457
9780062490612
9780674294073
9781785125171
9781803368405
9781805303305
9781805460718
9780091906436
9780670098774
9780670092024
9780670095889
9798217047437
9798217047659
9781846049071
9781939714237
9780199453627
9789366925257
9798886131437
9789373941776
9789384757106
9789348234841
9798894468846
9789358709124
9789387187306
9798899298585
9789360823955
9789381555163
9789356062870
9789382778387
9780198067252
9789369589081
9789382821496
9788168657809
9798895190913
9789353166571
9789381839331
9789351721338
9788196102791
9789378164682
9789392363818
9789360821289
9789393642141
9789364487092
9789334244519
9789360334369
9788171171224
9788171601158
9780199475209
9789355032485
9789355035516
9788196908843
9788197418853
9788126519170
9789389082937
9789388412872
9789351735304
9789350911358
9789350389430
9789364681100
9789364489706
9789385527807
9789358930153
9789359484983
9789311121482
9788199112728
9788199045460
9788193296837
9781684879762
9788196762162
9788196447335
9789386600769
9789368021728
9789367507186
9789365867749
9789385720147
9789385621215
9788195187324
9788193650486
9789348760982
9789347311888
9788181806994
9780198096061
9789380550480
9789356669208
9789380550527
9798903929955
9798903926879
9798903920136
9798899845062
9798897442287
9798897442027
9798896996316
9798896732914
9798902314530
9798902075585
9798902072126
9798898799977
9798894989990
9798898793449
9798898795276
9798898547622
9798901365908
9798900546391
9781648050442
9789358700015
9789358700084
9789358771503
9789394212954
9789394417939
9788183990240
9789347206733
9789347142673
9788177561562
9788175980549
9789361034589
9781569570517
9780199471508
9798902699477
9798902699927
9798904311650
9798905100956
9798902963110
9798903424061
9798898549497
9798902070146
9798899617683
9781685541873
9789380550565
9789380700076
9789381842522
9798900546131
9798887723549
9798905409080
9789385954603
9798896106388
9798895449660
9798895195314
9789392941870
9789386345462
9788196428969
9789386345868
9798894982328
9798894989716
9789393456670
9798897778126
9789372541205
9789378800375
9789380550411
9798894980904
9789391895075
9789391024161
9789392803888
9798889091899
9798898263324
9798898268664
9798898546229
9789389446951
9798894464602
9798893636000
9798894750699
9798900237985
9798899619274
9798903628339
9798899618048
9798899619014
9798900077420
9798899846250
9798905602528
9798905603730
9798895194614
9798899061653
9798899065323
9798900232850
9798899295874
9789395878494
9789397744551
9798885213653
9789356737402
9788195962334
9789354428487
9788175224209
9789355217370
9789364682848
9789363928367
9789354551390
9789363360648
9788168845589
9788181808820
9789354804335
9788126053377
9788181806901
9788172056445
9789360330767
9783037950029
9788199444102
9781009829205
9789356669567
9789350636374
9789394773226
9789354803451
9788195438716
9788169001281
9789354971235
9788199055155
9789359965512
9789372879964
9789369581344
9789369260546
9780016779114
9789360120771
9789377139018
9789373655093
9789355481887
9789355673336
9789355731388
9788181808981
9789357177146
9789366313634
9788119492459
9789386771551
9789385976834
9789373597188
9789357471251
9788189638085
9789363360464
9789369112067
9789363360709
9789390310067
9789385976827
9789386290434
9789391494261
9789347391729
9789393989260
9788197297113
9789367501689
9789381750575
9789363332973
9789367505533
9789371864725
9789355579751
9780143477587
9789812532282
9789355579799
9789359068732
9798895443774
9798894755427
9798899614637
9789357365178
9788181820273
9789354779374
9780143479857
9789368842057
9789359965895
9798895880937
9798897440887
9789394792838
9789391943004
9789391567767
9798172235658
9789394964051
9789347047879
9789355856531
9789355852595
9789354567391
9789349865389
9789348226310
9789347446184
9789358981063
9780198067214
9789392023514
9788131615034
9789394102071
9789387894044
9789386184139
9789383656974
9788179630051
9788181801852
9788184351347
9788197297144
9789309242694
9789356667396
9789356668713
9789356669628
9798894464169
9788199691582
9788170364634
9789349217003
9789363556485
9789373357058
9786254283130
9788173664991
9788178330983
9788184042757
9789334342413
9788196882334
9789349669314
9788832587005
9789311126289
9788198683724
9789334262780
9788197023286
9789386127419
9798895191224
9798895192641
9798896324096
9798896730996
9798896737865
9798899064920
9798899295607
9789393077240
9788199600690
9789371074728
9798897771264
9798897772490
9798898541217
9789393660787
9789393761231
9789334201901
9789334228410
9781649517166
9789370206373
9798888696699
9798895193471
9789390142262
9789388500548
9789374628003
9788184048308
9788184043341
9789358476149
9789357825825
9789373357911
9789386110183
9789384337094
9789392228810
9789391726997
9789390576128
9798888490549
9798887723570
9789381246863
9789375436294
9789357809177
9789347017735
9788185832272
9788184874143
9798905400971
9798905405419
9789363552562
9789359831022
9798904517892
9798904519834
9798890675859
9798899846168
9789371866125
9798900078939
9789348420732
9798900232126
9789348420206
9789383547319
9798894155616
9798894154800
9798899841880
9789356507470
9789357473583
9789357595254
9789350764992
9789382191827
9789382337522
9789358752304
9789355001467
9789355322685
9789355667816
9789356028234
9789366655307
9789366650036
9789348636843
9788184875119
9798895561928
9798895562369
9798898541835
9798898548391
9798898793944
9798900237398
9798900890265
9798902071105
9798902071709
9798895446898
9789348420800
9798904314293
9798904799564
9798894464817
9789382527626
9781637816271
9798900070384
9788125909330
9788121929462
9789390585359
9789350717462
9788184876925
9788173715471
9781636337968
9789358694642
9789366659329
9789367192955
9789370022102
9789370028425
9789370180918
9789383118793
9789383547142
9789347306488
9789366655567
9789366658339
9781636069753
9789352684939
9798896101444
9798896104216
9798900891248
9798896995586
9798897248315
9798897442546
9798903425815
9798903620234
9798903624102
9798895567111
9798895880623
9789388241243
9798900236735
9789387193260
9798894758763
9798894759517
9798894987590
9798896991328
9798896993087
9798899618024
9789393542144
9798894465425
9789372486865
9789372546170
9789372876017
9789386345776
9798904315788
9798904512026
9798898794224
9798898794279
9798899060441
9798899062285
9798901764534
9798902691440
9798903301959
9798894754017
9789393976963
9789394168800
9798895884447
9789394266797
9798894754116
9798894755878
9798898793982
9798900894171
9798901123393
9798901126592
9798901365779
9798905407116
9798895416754
9798895446119
9798894751641
9789394265424
9788199223899
9798895563922
9789395742191
9789394417793
9789394987616
9789372540529
9788195824656
9788172013486
9788126506736
9789393642035
9789354804175
9789365210460
9788196152062
9789386345295
9789350597392
9789350636367
9789362254504
9789383265381
9788198786456
9788182967328
9789390081172
9798897444540
9788173716386
9798892774574
9798899296536
9789371860840
9789378169212
9789354778148
9789377136925
9789356665095
9789390659166
9789383124695
9781903015506
9789355461230
9798894157122
9798887836843
9798894756790
9798885697606
9798894987415
9789387171343
9789387208599
9798885211437
9798900543055
9789377130978
9789353500221
9781685542597
9788198113573
9798895568873
9798895569498
9788119131570
9781108820370
9798896730248
9798896992066
9780706999280
9781848281837
9788167210913
9788174468307
9798902697145
9798898540401
9798902079767
9798902316039
9798898264772
9781649195906
9798897772186
9798897772827
9798895448663
9781636691664
9798895442227
9781648927553
9798896324317
9798895190906
9798895191408
9798895194003
9789353627454
9781647832865
9781636697376
9798895561294
9798894468136
9798894158013
9798902696742
9798904511647
9798896321323
9798896321569
9798903196852
9798902075264
9798902699439
9798904317638
9798905105517
9798903423088
9798899291111
9798896324140
9798899069857
9798899067938
9798904510510
9798899295690
9789363921405
9789356810778
9798901127636
9798898544287
9798895880982
9798894756646
9798900238005
9798900239644
9798897772841
9798900899923
9798902697602
9798899290176
9798898795689
9798898794743
9798896103608
9798897771905
9798902697671
9798899613647
9798900071152
9798900235523
9798896992196
9798901769805
9798888692271
9798894155494
9789350362570
9788174468536
9789351672999
9789356224223
9789373949956
9789395022392
9788197174193
9788131999462
9789354802126
9788192425498
9788171170180
9781009793360
9788199498150
9789355855831
9789377396114
9789390770618
9789385509650
9789395297806
9788168694699
9788199067752
9789355576446
9789365864007
9789358772395
9788196519032
9788173290343
9781250463357
9780230330641
9780670058099
9789386290687
9789385976810
9789394987036
9781840598155
9789359677361
9789360688042
9789362255396
9789369112951
9789355721396
9789355579041
9789355571281
9789394515949
9789352900787
9789377391485
9788197418808
9781774583791
9780062371386
9789371867870
9789371866163
9789371864527
9788199382282
9789357607278
9789371864244
9788186336649
9788181432643
9788194366591
9788196509583
9789367253571
9781648998744
9788126307845
9789375378020
9789358778618
9788119486656
9798898261719
9798898798314
9789357750318
9789355354570
9789352877485
9789351560517
9789374261637
9798903627356
9798896731955
9789382397281
9798899619397
9798899068669
9798899063541
9789372901931
9798899061738
9789375738367
9789386345981
9789372544015
9798894467641
9789386300539
9789391807955
9789391807900
9798901364185
9789391407223
9798894465296
9789392963001
9789390872282
9789395550468
9789395386326
9789391374983
9789389471663
9789390053643
9789372455212
9788170821465
9789372190373
9789366443904
9789383070947
9789388634182
9789387968660
9789381302521
9789358139532
9789349290044
9798905109218
9798904795009
9798903927630
9798904510404
9789394616431
9789395117562
9798894757605
9788171247912
9788172293161
9788173151910
9788173151903
9788197069284
9789372192735
9789347691768
9789359897462
9789372190670
9789385986246
9780990746522
9789334337754
9789334368925
9788194147343
9789372196917
9789374241028
9789384285128
9798899067983
9798899067655
9798899063602
9798894461823
9798889516323
9798892224765
9798886069389
9798896328094
9788172294496
9798902318606
9798895885024
9798895199435
9798896326489
9789393542830
9789393642806
9798896320500
9798899848438
9798900541952
9798894981161
9798894980287
9788197763908
9780070483972
9780071333474
9798895190678
9789347434655
9789350481486
9781649198891
9788197018855
9789348643292
9788173151927
9781648059988
9781646782222
9798897241491
9798896732389
9788131909287
9789377516703
9798896730972
9798895447710
9789351671633
9788131227114
9789392618000
9789355355676
9789355865601
9789352871605
9788193936504
9798899297618
9788122440324
9789354977855
9798895445716
9789385509971
9789359783871
9788168875845
9789349311633
9789353627072
9789333211895
9789354092008
9789357361392
9788197778612
9781107657144
9789387286436
9789369893935
9789364687638
9788198111135
9788197057007
9789393393555
9789394792654
9789394792296
9788198723987
9789394829916
9789390461509
9789384061678
9789382276104
9788193401231
9789382276067
9789371118781
9789371861205
9789377136109
9789360740283
9789382276432
9789373597140
9789347572401
9789370787100
9789377137809
9789371868327
9781608623402
9798897441204
9798897441587
9798897770892
9798897771301
9798898262921
9798898262259
9798897770373
9798897442683
9798897770243
9798897442836
9798905108464
9798896733737
9798896735236
9798896737315
9798897240180
9798897240388
9798897771745
9798897773381
9798897773572
9798897444052
9798897774470
9798897776443
9798896995814
9798896997238
9798897448647
9798898263263
9798898263737
9798897770205
9798897773596
9798899063589
9798899298721
9798899064807
9798900237190
9798899067242
9798899068263
9798899296055
9798900232317
9798898542467
9798900233765
9798900235738
9798899298196
9798899841255
9798899842320
9798903427802
9798903427871
9798903428380
9798903428427
9798900233284
9798896731948
9798898542498
9798897447367
9798897448470
9798897245482
9798897246458
9798897248803
9798897440146
9798899295928
9798898264765
9798898264932
9798898260385
9798898797126
9798898541460
9798898541590
9798898542443
9798899062575
9798899295348
9798899068300
9798898265991
9798896997597
9798902315629
9798902317265
9798902319535
9798897444502
9798897446759
9798904792145
9798900894249
9798900892245
9798897776580
9798897776771
9798902692010
9798902966678
9798902968481
9798902078371
9798897447053
9798900230306
9798900231075
9798900897981
9798896998808
9798896999782
9798897442065
9798897442423
9798898265601
9798900074429
9798900074634
9798900890227
9798896994039
9798896994251
9798897243747
9798897243976
9798896997337
9798897240456
9798900891385
9798900890661
9798903625345
9798903626229
9798903627226
9798902311652
9798896992226
9798902078395
9798896993049
9798903629008
9798903629770
9798904792091
9798898799526
9798896731092
9798896731733
9798903928255
9798896992509
9798902310785
9798902311188
9798902314936
9798902311867
9798902699750
9798902961598
9798903925575
9798903622429
9798903926893
9798903927418
9798902691303
9798900892221
9798903429806
9798904310127
9798902692676
9798902693079
9798903926244
9788122205503
9788125022558
9788126308354
9788126519569
9788120336681
9788176000000
9788186026229
9798900237541
9781637816639
9781638062271
9781643245584
9781685544423
9788119131280
9788122205114
9781447590460
9798904513566
9781637144022
9798898547486
9798898260569
9798898260873
9798898261610
9798899062735
9798899063466
9798898791339
9781447590484
9798899618802
9798898794774
9798898795023
9798898795375
9798905101809
9798904315672
9788120798885
9788126306183
9798899618383
9798899840852
9798899841217
9798904318420
9788170947097
9788170949763
9788171858156
9789386110398
9798904518592
9798899616389
9798899616938
9789384478148
9780863114588
9781404105737
9798904519544
9798905601255
9798905105456
9798899616204
9780199494453
9780333935361
9780749442781
9798898796549
9798898796747
9798898545451
9798899610035
9798899840821
9798898547721
9798898548162
9798904510602
9798899848155
9798899296338
9798899296369
9798899296499
9798899297748
9798899611100
9798902969068
9798904792336
9798904793579
9798904795122
9798904795597
9798904795993
9798904797201
9798898547226
9798898549985
9798900074955
9798900076034
9798900076584
9798900076751
9798900079967
9798898797652
9798898799168
9798905105739
9798904310639
9798904311674
9798899617249
9798903191796
9798903198054
9798903198863
9798903421503
9798903621927
9798903922185
9798903922857
9798903427376
9798905401879
9798905403538
9798905407772
9798905601163
9798903620708
9798903423149
9798898265496
9798898260439
9798899294297
9798899617003
9781636338774
9798898262082
9798898269821
9798898268206
9798898263072
9798899064685
9798900236865
9798898263805
9798898264390
9798899068782
9798899290091
9798898797041
9798898269975
9798898268626
9798898790639
9798898790776
9798898540012
9798899299445
9798899290336
9798900074849
9798899299667
9798898544942
9798899291913
9798899292149
9798899293580
9798900544366
9798900545158
9798898268145
9798898264468
9798898543471
9798899290954
9789384030728
9789381218259
9789381506349
9789381510285
9789394112704
9798894465357
9798894465548
9789384109592
9798899849282
9789380658001
9789362257703
9789350944998
9788184975567
9788186569870
9789393096272
9789380283685
9789355627551
9789357881203
9789380636016
9788184302905
9788184351101
9788184777994
9789348912244
9789349808140
9788188237395
9788189059798
9788189975821
9789386835451
9789371648684
9789383012114
9789383260768
9789381523032
9789383793181
9789383793235
9798888696873
9789391034399
9789364029124
9789369761449
9789381997024
9798888496176
9789386850096
9789387155558
9789387155763
9798885036863
9798885215695
9798889758822
9798887495149
9789387578326
9798895444764
9798895444863
9789385721953
9789937623360
9798888153833
9798888158326
9789937843034
9789994678822
9798888691342
9798887720371
9789389152166
9789390461660
9789937623469
9789390581382
9789391018207
9789391855307
9789391855727
9798894158495
9789387578227
9798888338728
9789384188023
9789384920807
9789385252969
9789388754224
9789388754606
9789389012705
9798888152850
9798894150116
9798894150505
9798889093978
9789381162149
9788122440522
9798899848759
9788184305814
9788173862786
9788174466372
9788178330457
9781446135075
9788132107156
9781636336220
9788184302233
9798900545509
9798900546544
9798900546711
9798900548081
9798900548722
9798900548746
9781638508687
9781474847681
9798900549774
9798901763834
9798901765371
9798901768662
9798901768952
9798901769867
9798902071402
9798900895703
9788170544999
9789380618593
9798902314813
9798900549590
9798899618147
9798898794033
9798898794583
9789389152005
9788120352506
9788186103814
9789351105664
9798902314370
9788184045666
9788193877296
9788131905241
9789384030377
9789383369294
9789351192510
9789351443537
9789351445579
9789352340828
9781639048441
9789380283289
9789383260171
9789380658094
9789334389487
9789355431585
9789350001646
9789350040300
9789350367834
9789350600351
9788130913155
9798901125397
9798900237831
9798900540672
9798900541020
9798900541389
9798900542386
9798900543123
9788199772069
9798900896649
9788183760362
9798902072645
9798902072690
9798902073604
9798902074342
9798902077176
9798901124420
9788190605625
9788178442976
9788179941485
9798902071877
9798895441954
9798895442296
9798894982779
9798894984629
9798894986944
9798894989075
9798896105916
9798896106890
9798888691991
9798896990321
9798896326021
9798896326359
9798896326427
9798896327400
9798895888254
9798895888728
9798896329008
9798896329794
9798896738725
9798902695394
9798901360644
9798894154510
9798894155227
9798902696476
9798902697411
9798902697893
9798903423606
9798903424139
9798896328834
9798894989570
9798894989709
9798895448878
9798895560501
9798895193211
9798895193402
9798895199800
9798899843754
9798896328827
9798902964872
9798900070872
9798900071671
9798900072371
9798900073705
9798897241460
9798897241996
9798897242238
9798899844492
9798899845222
9798895889831
9798899846984
9798899848018
9798897449491
9798897449873
9798900899947
9798901120569
9798901122327
9798901123911
9798901124062
9798899846236
9798901365816
9798901365939
9798896104476
9798895568545
9798895881446
9798896320050
9798896320708
9798895883914
9798895885246
9798899849428
9798896993155
9798897242832
9798897243723
9798895888889
9798895889268
9798895565919
9798895567616
9798895567814
9798895568224
9798895886304
9798894981840
9798894465258
9798896102243
9798896104193
9798894465838
9798890023889
9798890028051
9798890670496
9798902694205
9798892778978
9798894468204
9798894468723
9798894154398
9798895561034
9798895562079
9798895562321
9798895562840
9798895563496
9798890677921
9798901368565
9798894758640
9798885462136
9798886061901
9789394915367
9789395386425
9798887725543
9798887728025
9798888055953
9798894981062
9798895190166
9798895190654
9798894469249
9798894751269
9798894751528
9798894754147
9798894757841
9798894463742
9798894464138
9798894467207
9798902077305
9798902078012
9798901126905
9798901128053
9798901128619
9798895887493
9798901361146
9798901362662
9798902071518
9798894464848
9798902962632
9798902964063
9798902964643
9798901761144
9798902965619
9798902965756
9798901762295
9798901763193
9798902693536
9798902071655
9798894464909
9798890021342
9798896997429
9798896997443
9798895445099
9798895446539
9798895448335
9798895881538
9798895883624
9798901762035
9798901760222
9798901761069
9798895440087
9798895440391
9798895440742
9798895563731
9798895565315
9798895444214
9798901761649
9798895560549
9789355859921
9788196170424
9789355852885
9788179309773
9789356121829
9788119446032
9788167210937
9789390221509
9789378164576
9781259061066
9788123919850
9788169001922
9789373940625
9789370028081
9789393862600
9789369891542
9780143483458
9780143480921
9780143483465
9780143480167
9788126538133
9788126538126
9788172162399
9789360747473
9780143483441
9780143480082
9780143481782
9788126569892
9788177560442
9788197316760
9789381587003
9781529115659
9789386561954
9789359113876
9789390450602
9789389585032
9789381555217
9789364686709
9789394417878
9789363338371
9789390770373
9789355574299
9788190521949
9780190133207
9789352902293
9780198067207
9788189076252
9788119782123
9780670923502
9789392149894
9780190133856
9780198067313
9789557080864
9798888839676
9788196207809
9789386290731
9789363333413
9789379290076
9789371118682
9789386290366
9789384004040
9789360174477
9789360820107
9789393867001
9789394987746
9789369583621
9789371005425
9789355577108
9780190132828
9789364686969
9788194459743
9789363330481
9789385732003
9789352638505
9789352722471
9780199481255
9789357478946
9789368932161
9789352561247
9780199453481
9789357264471
9788197418839
9781637812044
9788177830330
9789394417243
9788175812864
9789355923967
9789389647785
9789347019531
9789386290526
9798905102035
9798895190852
9798903625550
9798903621606
9798902697398
9798904797096
9798905102417
9798902319757
9798902315452
9798902310556
9798895194041
9798903622184
9798904511562
9798905407680
9798897776283
9798898792008
9798898546113
9798898541170
9798900075815
9798898268589
9798897240920
9798896998358
9798896995647
9798896994237
9798896991069
9798899296314
9798902961185
9798902962175
9798898792510
9798899293146
9798899065347
9789394112872
9789395147095
9789395291071
9789355851208
9798900237046
9798900239330
9798900890883
9798901360309
9789386784537
9789354977589
9789382711377
9798904310943
9798904311025
9798902962120
9798900235202
9798900070209
9789376864690
9788179860779
9788179309094
9798899848247
9798899842245
9798899619250
9798899612237
9798899297656
9798902077619
9781636696645
9780391082786
9788195089543
9788194060871
9781684668120
9781648054846
9789362018571
9789358692242
9781646786442
9781638064558
9798899295942
9798894754383
9798894980911
9798894750835
9798894468778
9798897770939
9798887727974
9798887722412
9798900071626
9798904792213
9798904794118
9798904790042
9798904514303
9789394076839
9789393509413
9789392803505
9798894464237
9798890262837
9798889750543
9798889351429
9798888492253
9798888150108
9789364555302
9798887335292
9789952834802
9784970334082
9789347391408
9788198722607
9798895885765
9798895444009
9789355258595
9789354803000
9789385601811
9789354729126
9789392121791
9789348070005
9789350366080
9781947697652
9798905600463
9798900893068
9798904314453
9798902699569
9798901124048
9798902960270
9798905109720
9781138565500
9789389971552
9789360337827
9789360850005
9789385114984
9789350368473
9788181808738
9789349425675
9789357552332
9788169777513
9789357439367
9789373949246
9788168832121
9789390395019
9788172296483
9789389742794
9789394836877
9789349290617
9788196141486
9781601352781
9780190137915
9780190137939
9798896996897
9789352206056
9789350262658
9798899296895
9798897441563
9789386021137
9780769229867
9789378164996
9789371112031
9789368022497
9789382277484
9789392204883
9789394701311
9788179927472
9789352206308
9789358778830
9789393642844
9788177860139
9789395192514
9788169569309
9781569570456
9789355999108
9789355204837
9781484284872
9789362730367
9789383761180
9788126008452
9798895446003
9798894986968
9789788024743
9789348375247
9789373351551
9788173712746
9788177399424
9788177396775
9788179650837
9788180317668
9788187928119
9788183613552
9788173710926
9788190552578
9789383345281
9798905407185
9788190898706
9789386248749
9789386390790
9789387155664
9789395182058
9788194551355
9789391618483
9789369737581
9789369737994
9789370023444
9789395300506
9789380599007
9789388634199
9789390570775
9789383118762
9789381887806
9789383292806
9789354426261
9789354426728
9789354426773
9789354429323
9789355483669
9789355921154
9789349427891
9789350143230
9789350360019
9789351446415
9789351731528
9789352877553
9789354256370
9788121510189
9788119948192
9788119428366
9781648927645
9781648053603
9781643248691
9781642495751
9789356664944
9788173294020
9788171561056
9788171172078
9788171109692
9788170545477
9788168716025
9788129701343
9780385698221
9781636336640
9780263202656
9780241626467
9780198090656
9780143103646
9781636065182
9789350001684
9789395101578
9789393853158
9788198397409
9788196999803
9788194924593
9788194807131
9788194551379
9789354421327
9789354420740
9789369111312
9789369614486
9789369732579
9789369736485
9789386443526
9780499181244
9780600609094
9781107464810
9789374269640
9781498406680
9781107538566
9781107464902
9789363030282
9789360828684
9789360680183
9789357552738
9781039012356
9781039013544
9780706984613
9789361035616
9781039014305
9788126308927
9781039007970
9780735243057
9789325978591
9789353166953
9788184780987
9789366652269
9789366915135
9789367502259
9780241626511
9788170333241
9789363590205
9780063495043
9780670095810
9780670096060
9780753561379
9780753561409
9780804855860
9781035020744
9781035028108
9780143478140
9780008797140
9780008800543
9780008810962
9780063027244
9780063205154
9780063206427
9781250446442
9780670093526
9780063307650
9780063316638
9780063360853
9780063375758
9780063389496
9780063396135
9780063398108
9780008767648
9780063425491
9780063425682
9780063471238
9780063471252
9780063472808
9780063473348
9780063474284
9780063269163
9781464252570
9781464252587
9781464252600
9781464252617
9781464252624
9781464265471
9781464279164
9781400253715
9780143463801
9780143464341
9780143464914
9780143468356
9780143469636
9780143470908
9781644111246
9781464230912
9780143473046
9780143474692
9780143474883
9780143475057
9780143475262
9780143475958
9780143478126
9780143456254
9780143479840
9780143481751
9780241767009
9780349147581
9780670090440
9780670092222
9780670092505
9780143472049
9788199001282
9788199128156
9789334278941
9789347253041
9789347749575
9789348078544
9789349459656
9781806171958
9781035064267
9781037208522
9781250114273
9781250274724
9781250321527
9781250393371
9789361318399
9788181809063
9781250466044
9781250466785
9781250477521
9781250882721
9781250883339
9781399811286
9781399829946
9781035055234
9781400260539
9781464219399
9781464222344
9781464222399
9781464230851
9781464230868
9781464230899
9781250466006
9789394613454
9789815233803
9798890572257
9789387208230
9781472290991
9781474941532
9781529389036
9781529426823
9781529938593
9781620558263
9789392330049
9781728282817
9781728282824
9781774583821
9781774585009
9781785307973
9781788709729
9781804999219
9781471172038
9781836431572
9781836433026
9788126565696
9788126572502
