9780004748924
9788175085114
9780521750899
9789812400697
9780879935641
9781041086215
9789385935961
9788123923062
9789353166519
9781260460759
9788126571376
9788126529674
9780521605687
9789354600807
9781138367623
9789358394252
9789381162163
9780195673982
9789386418579
9788126547227
9780192856715
9788132237259
9789381269923
9788187421337
9788181892454
9788123913094
9789351381518
9788123923284
9788126528691
9780199460236
9788126548521
9788131803882
9788181280510
9788125901952
9788184891515
9788126509461
9789357402231
9789352902743
9788126569366
9788182201996
9789391297473
9789353168384
9788131808108
9788126554751
9788131804070
9780143474364
9780521594837
9788131800317
9789339220112
9788194215813
