9781041229995
9788897986096
9780521750899
9789354641558
9781138569430
9781138198258
9780367438586
9788172336899
9780521594837
9781550093742
9780702076398
9788189473051
9788184891027
9788181288509
9788183763219
9788183760836
9783662562154
9781493977314
9781493977291
9789354641633
9788181289193
9788125035473
9788183762878
9788183760638
9788183763059
9788183761550
9788183761390
9788183761994
9781138098688
9788183765558
9788183761413
9788183762144
9780521605687
9788125058779
9788125062394
9788123908533
9788126547982
9788126560257
9788178331362
9788125056294
9789390727995
9781493998258
9789332902824
9788126546824
9788189011864
9788183761680
9788183760591
9780593541869
9788190307857
9788173717260
9788184731521
9789332901476
9788178241692
9781509857692
9788125026556
9789332585348
9789385755682
9789815162653
9788170553472
9789350004289
9781447175643
9788131730782
9788125034339
9789389811988
9781509857784
9788131269145
9788125042839
9780808921509
9788189836153
9788120417151
9788170554837
9788173718229
9781509857654
9781509857531
9781509857708
9781509848850
9781509857661
9781509857715
9789350021415
9781447175827
9781447176022
9781447175605
9781447175766
9780891168140
9789391208325
9788125040316
9789326355339
9789352294787
9789380257099
9781447175650
9781447175964
9781447175971
9781447175711
9781420092684
9781447175889
9788192565521
9788131518250
9781447175759
9781447175940
9781447175674
9780883188736
9781447175636
9789350004241
9781509857760
9781509857500
9781509849024
9781509857494
9789386313669
9789350336564
9788123911304
9789350483381
9789349042186
9781447175896
9781447175957
9781447176039
9781447176046
9781447175872
9781447175933
9781447175858
9781447175902
9781447175995
9781447175780
9781447175773
9781447176015
9780857113184
9781009807098
9781009807081
9781009807074
9788171856671
9788190750554
9781009551182
9788123748146
9789386397430
9789386397478
9788120744288
9781009809870
9781000001518
9780867292824
9781444198157
9781444736595
9781009517508
9780892816774
9781447283188
9781444949186
9780857425959
9781416026051
9781447286981
9781444949063
9781409335122
9781408347638
9781444955309
9781444955255
9781444955293
9781444955194
9781444955224
9781444955248
9781444901214
9781444955231
9781444776966
9781601324443
9780194463171
9780702023071
9780877622284
9780766804647
9781412939461
9781394415755
9780006201403
9780761938026
9789057025105
9780136706472
9780071128995
9780156060844
9780155003811
9789876200868
9780824797843
9789505552139
9780761902065
9781630059446
9780132425612
9780073331676
9780205277766
9781138582071
9780197775776
9780715363348
9780593673751
9780444010711
9781668972892
9789997620323
9780415704335
9780495898788
9780536006110
9781036019402
9781506703565
9781484252505
9781737267799
9781582550152
9781580760560
9780818502422
9780881679793
9780824797850
9781519703712
9781444170832
9781849205047
9783318070187
9781731807342
9781512001907
9781511413848
9788123914503
9780205264445
9781890460358
9781452155975
9780969919605
9780538497718
9781412905947
9781405167697
9781526313126
9780071317900
9780920564028
9789971909543
9780536608147
9780536619174
9789356408203
9781481460811
9781684051915
9780545647922
9781545552377
9789387863484
9780471357421
9780412487408
9780008813581
9789356403574
9781965874240
9780262545327
9780521603928
9789361312038
9780752866635
9788184739039
9780536598899
9780683065350
9788181474667
9780545773393
9780918228017
9781927143124
9789361317613
9788181470720
9781413765922
9789361310072
9781507206775
9780071134156
9780486284804
9788180619243
9789711041045
9788131508909
9781519540270
9781684058754
9780538744331
9789354358845
9781388181093
9780153242656
9781293846407
9788131503485
9788184738711
9780080425047
9781108717786
9790048004832
9788123901763
9788189960261
9788181439987
9788181471017
9780702013195
9780904477214
9789361314940
9789369525799
9789389391657
9781529160628
9789361312571
9789386310347
9788181476173
9780969190509
9788170556718
9789352290727
9788184737141
9781626924475
9781626921252
9781108573146
9780230701076
9789354351860
9789361312144
9789388912464
9781472987341
9789393715982
9789361316159
9789388178594
9780851153186
9780713162257
9781529034226
9781032522104
9788131228432
9788123922775
9789364440561
9789364442749
9789391165932
9789369522996
9781935934042
9781873942208
9788170559856
9789350000182
9788181436108
9789350728390
9789350000465
9788131729359
9781509885626
9788190832229
9789385915697
9788126528011
9780878499830
9788178122441
9780988235021
9788126530052
9789384052904
9789387863774
9781399708470
9781804540176
9789361316869
9781250800657
9789394701939
9788178121765
9788188039616
9780408013413
9780702006647
9788131223581
9781846648113
9781626921177
9788181476005
9788123905846
9788131229996
9781452280110
9789389915273
9788170556589
9788181432261
9788178121413
9788129115294
9788131200919
9789997638151
9789353525248
9788187138037
9780230770034
9789354358807
9789394701687
9781405892445
9781405895415
9788170554851
9788178123288
9789350729885
9781509898213
9788178123172
9780333989517
9788131520789
9798181891135
9788131206485
9788131228272
9789352291502
9789353450212
9789354358791
9780753436769
9780753416938
9788126578924
9780857422415
9780330447492
9788129117472
9780956460707
9788178122502
9789350005422
9788178121895
9780706994469
9788184777314
9781529030754
9781849158947
9780330472579
9788123920221
9781009725170
9781418363437
9788178120430
9789381269909
9788131209028
9788186494806
9780230756144
9789353430030
9789386215079
9780330514026
9789386826633
9780753446096
9789388134446
9789814629706
9781509841882
9780143428633
9781447210870
9788131211953
9788181895615
9789350727256
9788170551171
9788181431431
9789350000977
9788181437228
9788176294546
9781849152969
9780312518677
9788184775068
9781407364575
9781919951775
9788181470218
9788131208182
9789353525088
9781407364582
9788174732071
9780873350433
9781509854455
9789386215024
9789386041999
9788172345037
9781786072993
9780531214596
9781446274811
9780878496099
9781407362557
9788172340377
9788190002714
9788181431165
9788181438454
9789387889170
9788174732750
9780955194320
9780994185297
9780996654869
9788184481297
9781849157230
9789385854873
9788186877517
9780852935071
9780867188318
9788170552499
9781003863410
9781003864264
9781009232425
9798174733787
9781849152990
9780439473248
9780330455947
9788174730589
9780753418772
9780999016862
9781009594875
9789386348234
9788180222276
9780143445562
9788184956863
9789353528027
9788170554035
9789814237932
9781009545860
9781009353083
9781009647144
9781009546027
9789814629775
9788186877333
9788123913568
9781407363943
9780850141658
9781407364032
9788181320407
9788181433992
9781407363424
9780894624544
9789385936760
9789351032618
9789352750085
9789352756032
9789386313638
9788123920122
9781433197734
9780852935309
9780852935293
9789380206615
9788181913661
9788123908847
9789351034254
9780997065473
9781407315942
9780998424637
9780998424651
9788178123233
9788178121048
9788123909882
9781439085028
9781407364155
9781407363844
9788181434074
9781407363622
9788123904108
9788176554374
9789352754557
9788181437785
9789351030591
9788186877005
9789351034896
9788123916088
9781009672061
9781433196348
9780997918649
9781407315959
9780900682940
9781407363721
9788178122304
9781009590860
9781009539593
9781009613477
9788123903583
9788178122267
9788178122670
9781009589338
9781009740722
9780876328521
9781009660679
9781009685023
9781009611275
9781009569071
9780999175316
9781433191428
9781009492058
9781009842433
9780859917216
9789390441150
9781009663229
9781009635097
9781009705127
9781009704571
9781009632737
9781009732260
9781009611855
9781009706247
9781009591379
9781009620154
9788123904573
9788178122885
9788189497071
9788171677825
9788178120188
9781407363349
9780892526420
9780871715586
9780852449608
9781447947325
9781447947349
9788186877135
9789350723272
9781447951056
9788186877852
9788178121154
9788178120638
9780997065497
9788178121536
9780871717153
9780853746928
9781423424895
9788178121673
9780871015426
9789389563306
9780984693221
9781408061572
9781445257990
9780852740330
9781420531688
9780914234098
9788178122229
9788178122748
9788123900742
9781446111031
9780966824520
9781445268811
9780902940246
9780871710321
9781447729488
9781446171851
9780871717337
9780871710086
9780854044474
9781419789359
9781420532906
9781009651554
9781420534054
9781445234632
9780871716422
9781449643386
9780963975904
9781447804802
9781009742955
9780871716156
9780871716415
9780871714077
9780871717023
9781406960211
9780986622540
9781005216986
9780871710314
9781447825357
9780871716583
9780854047697
9781407618968
9780871716309
9780871716484
9780980796322
9780871710529
9780871717313
9780871714688
9780960125531
9780871713285
9781406905465
9780991952632
9781446312315
9780853185833
9780996541183
9781009805421
9780871716613
9780952874652
9781009704205
9780911311228
9781412200318
9781399810630
9781439740811
9781400355723
9781445747088
9780857526472
9780871715739
9780984580453
9781447838081
9781009158831
9781434106032
9780997451665
9780884164920
9780992763510
9781015151338
9780994324450
9781446191118
9781398462588
9781406923131
9780986023057
9781015012240
9781451118209
9781406991260
9781009545556
9780993321542
9780871715883
9780907521686
9781447976844
9781447976950
9780993624278
9780890046371
9781434105929
9780987951854
9780993686054
9781406905281
9781010332664
9780907521778
9781416022350
9781446648377
9780857369086
9781446716427
9781446783696
9780971096110
9780995138674
9781439752050
9781446197271
9780995138605
9781009725712
9781405880565
9781447811060
9780965234436
9780901689894
9781445784687
9781446699461
9781446191002
9781446151426
9781447723936
9781446673850
9781446670897
9781447612933
9781446643273
9781446119235
9781447613343
9781446190937
9781445784755
9781446643945
9781446190876
9781447765592
9781447608288
9781445783932
9781446739303
9781446145036
9781446699683
9781446119402
9781446699775
9781446119198
9781445745312
9781446643419
9781446673829
9781445761404
9781446699584
9781446159040
9781446119471
9781446652527
9781446144954
9781446671139
9781447736998
9781446159019
9781447613183
9781447613626
9780996530200
9780957000469
9781409141969
9781447271314
9780995116344
9781446659106
9781447739548
9781446143155
9781447268635
9780980942170
9780991572854
9780988916548
9780993064487
9781445753133
9780954726829
9780999182710
9781451188950
9780907521600
9780907521648
9781420982695
9780998988160
9781411607958
9781444800425
9781445757896
9780850252040
9781434105943
9780993164248
9781015077812
9780990624783
9780934540971
9780887622236
9781447517207
9780857204639
9781446737415
9780903733649
9780995712751
9780991039876
9780971721975
9781445150161
9780870941658
9781445784892
9781445776965
9780954822019
9781407183527
9780993322471
9781400351831
9781405404358
9780853129721
9780857892041
9781409167648
9781400351862
9781407183534
9781409348061
9781398260702
9781398464735
9781423413875
9781407189956
9780982954362
9781405405805
9780901549426
9781446798089
9780956410450
9781444949162
9781407183510
9780980062977
9780855202514
9780973590272