9788171855889
9788171858156
9788171853076
9788171856466
9788171858675
9788171858934
9788171857982
9788171859535
9788171857937
9788171858743
9789352133468
9788175542457
9788175542228
9789351108450
9788184046892
9788126309351
9788172337568
9788172162399
9788130908571
9788126309382
9780199485383
9788126303885
9789367257616
9789367255490
9789367257678
9789367259306
9789367251119
9780143470786
9788172161521
9780143468196
9781851685073
9788176495080
9789367250341
9789367257760
9780143460343
9788172336332
9788184046984
9788172336905
9788172330255
9788184041576
9788126320950
9788171851645
9788172331658
9788172331085
9788126312351
9788119014965
9788184044171
9789386347008
9788172339111
9789386347015
9788172339128
9788179546949
9789352135554
9788126308453
9788126309979
9789386347053
9788172336233
9788172337544
9781510434929
9789352135035
9788187798781
9789386347190
9789355184498
9788126307401
9788172335717
9788172335816
9780190136130
9789351108474
9788176496605
9788176496599
9789385919503
9780749442125
9780749454555
9788126314065
9788126301300
9788126303861
9788171851027
9788126320547
9789352132447
9788172336110
9789352133475
9780749456283
9788126317288
9788130909967
9780749443344
9780143465584
9789352131525
9788184049749
9789352134700
9788184048322
9780749460891
9788126314478
9788130910833
9780190137939
9780190137915
9789361030338
9789361033957
9789361031434
9789367252536
9789367258002
9789367250075
9789373747347
9788184047158
9789352133345
9788184047165
9789351100256
9789354977855
9789354977879
9789361035166
9789361031625
9789352132911
9781444180732
9781444198096
9789326351485
9780749451127
9789326354448
9788195411009
9780749451660
9788176494403
9788126340774
9788126312467
9789380108810
9788184047141
9789352134472
9789352136513
9780143465904
9788176496872
9788130909042
9789351101277
9788176494601
9789361038419
9780749446512
9788190904612
9788130919126
9788130900193
9788130927404
9789352133567
9788130917184
9788184044133
9789352137572
9788184046762
9788126305322
9780143471455
9789352133741
9789352134298
9780340847008
9789352136049
9788126308927
9789352132935
9789352133642
9789351100768
9789352132942
9789352134311
9789352135271
9788173669477
9789351109938
9788172160036
9788126303472
9788126306183
9788131215418
9780763796396
9789339203405
9781138581715
9780195696431
9780195696448
9780195696455
9789326351331
9788184045567
9789383158577
9788184046786
9788171855377
9788126340941
9789350239995
9789367254738
9789367253250
9780199455294
9780199455300
9789367257487
9780199455355
9780190127978
9780195619294
9789785237405
9788187798514
9788187798422
9781444191974
9788187798446
9788172162160
9788172162108
9789352132041
9788187798149
9780749443214
9788126306213
9780143457602
9789389662528
9789382110217
9789350001561
9788182529649
9788173666780
9789383158089
9789352137947
9788185046174
9788172334949
9789387153066
9780749442323
9788179912331
9781784159399
9789367255728
9789367252154
9789367259573
9789367255889
9789367254004
9789367254813
9789367255605
9780195686524
9789352137800
9780749446628
9789351104247
9789350231227
9789388386999
9788172333997
9788172336509
9789387925489
9788182902947
9789351103028
9788170020769
9788176490795
9788172335618
9789351101499
9789352135608
9789367256305
9789367252932
9780199466917
9780190127404
9780199485970
9780199486007
9780199486021
9780199485956
9788126320691
9789326350914
9780190132316
9788179912324
9789352134502
9789352133376
9780143449867
9789351103073
9789355185884
9789350233917
9788171852765
9789351105756
9789352133796
9789383692576
9789354972546
9789354972720
9789354972737
9789386347183
9780143465416
9780190136345
9789386105561
9788126318858
9789354970276
9789354971198
9789354971242
9789354971259
9780199478385
9780199478392
9780199478408
9780199478415
9780190129651
9789349941359
9780749456313
9789352133437
9789350239261
9788126308965
9780749445201
9788184047301
9788184043686
9780808798743
9780340849743
9789326350877
9788171542062
9789352132379
9781471830990
9781471883835
9781471884658
9788124504376
9780190135591
9780190135607
9789351103004
9789350233108
9788175543911
9780749453008
9789355183569
9780749451585
9788172334871
9789367253144
9789367256138
9780199461578
9789367253571
9789373741567
9789373745947
9789373742229
9789352132713
9788176496902
9780749447731
9789352133987
9789381839942
9789352132874
9789349941212
9789349941717
9789349941779
9780749445256
9788130906294
9780340948958
9780749460709
9788189996284
9788126307357
9789352137251
9781846841415
9788126306558
9788196919825
9788126340255
9789352135851
9780190137311
9780190137328
9780190137335
9780190137342
9788173669293
9789390659937
9789326355001
9788119812011
9788184049411
9789351101291
9789326355018
9788181436924
9788126314522
9780749447748
9788189996727
9789326351607
9780190137304
9788126302147
9788126320103
9780190137038
9780190137045
9780190137052
9780190137069
9780190137083
9780190137090
9788126313938
9789357750790
9780143473572
9788126313112
9788126302079
9789937938303
9789386237019
9788126312559
9780198097358
9789367258392
9789367259344
9789367255841
9789367253496
9789354977060
9789354976971
9789354977077
9788172337117
9788172337780
9788126313181
9788176493666
9789383158218
9780749460914
9780749455231
9789351100867
9789351109129
9789386385468
9789367255940
9789367254295
9789367257791
9789367250297
9789367251461
9789367250778
9789352133659
9789352136100
9788184048964
9780199492824
9780199492848
9789361032820
9789361035265
9789361034947
9789361034589
9789354970009
9789354971396
9780190133023
9789361032813
9789361032424
9789361031083
9789361030697
9789361035616
9780190132361
9789367256169
9789350236314
9780190131760
9780190131784
9780190131807
9789367252659
9789367252680
9780199462872
9789352136933
9780143473589
9788126310838
9788126340606
9789351100324
9789352133789
9789352133130
9789352132898
9789351109136
9789352133697
9789352132997
9789352133123
9789352134328
9789352135288
9789352133703
9789352134601
9789352133147
9789352132317
9789352133161
9789352133178
9789352136681
9789352135431
9789352134441
9789352134595
9781851685103
9788176495844
9780143458135
9788176496209
9788175542099
9789350235126
9780749453794
9788126316120
9780749443184
9780199494712
9798175542562
9789350231258
9788172335465
9788190511216
9789354970528
9788187798644
9789386102584
9789350233986
9788129701428
9780340779941
9788126305940
9780143460015
9789351106043
9789354971112
9780190131777
9789352133277
9789352133222
9788189996376
9780199461431
9780199461462
9780198395805
9780198428589
9789367258187
9789367258668
9789367254479
9789367255315
9789367257302
9789373745732
9789373743875
9789373747828
9789373747613
9789373744438
9789373745589
9789373746258
9789373740614
9789373745053
9789373748047
9789361032561
9789361036361
9789361033322
9789361039454
9789361033209
9789361035425
9789361037511
9789361035609
9789361037313
9789354971556
9780190133078
9780190137359
9780190137366
9780190137373
9780190137380
9780190137397
9789354974113
9780190137465
9789354974199
9780190137472
9780190137496
9780190137502
9780190137526
9780190137564
9789361031113
9789361030956
9780190135188
9780190135195
9780190135201
9780190135225
9780190135232
9780190135249
9780190135256
9789373744933
9789354971822
9789354970719
9789367254417
9789361035869
9789361035470
9789361034060
9789361033834
9789361037887
9789361033438
9789361037627
9789354978692
9789367256121
9789367258699
9789367253588
9789361035319
9789361033896
9789361031229
9789361030871
9789367256459
9789367252529
9789367254400
9780190134945
9780190134952
9780190134969
9780190133733
9780190133740
9780190133788
9780190133795
9780190133757
9780190135027
9780190131920
9780190131968
9780190134983
9789367256176
9789367255278
9789367257456
9789367252833
9789367252949
9780190132262
9780190132286
9780190132293
9780190132309
9789386102591
9788126340101
9780143462040
9788130900315
9780143473619
9788171859931
9780143470731
9780190133061
9780190133085
9780190133054
9780190133177
9780190133184
9789354974205
9789354971402
9789354972249
9789354974489
9789367250082
9780190133771
9780199496556
9780190136949
9780190136956
9781382045377
9789367255087
9780190137250
9789367253793
9789367255100
9789354975356
9789349941649
9789349941007
9789349941731
9789349941762
9789349941489
9789349941496
9789349941861
9789350233924
9789351101147
9780198396383
9780198396390
9780198396406
9780199491247
9780190127183
9780190127190
9789354977558
9789386347206
9788172339968
9789351107866
9789386237996
9789352133888
9789352137138
9788184047844
9788173668555
9789352134410
9788130910116
9788126303823
9789349941175
9789361032400
9789361031311
9789361032714
9789367252499
9789361033971
9789361034411
9789361033124
9789361033728
9789354973468
9781382072717
9781382072724
9781382072748
9781382072755
9789361032837
9780190135560
9780190135621
9780190135720
9780190136871
9789373745077
9788126315345
9789373741604
9788126330256
9789361037351
9789361037603
9789361038112
9789361035067
9789361038495
9789361033766
9789361036934
9789352134175
9789352133017
9788175543362
9789326353090
9788126309399
9788126313358
9780143473633
9789386102614
9789387919679
9789361032417
9789361039188
9788172160142
9788171853939
9788126564842
9788130908427
9788172332747
9788172336677
9788172335267
9788172337681
9788171858026
9788175542174
9789352136575
9789387925038
9788130933672
9789386102638
9788171853908
9788196171186
9788126310319
9788172338268
9780749453763
9788172339241
9788172160760
9780749451561
9789352134670
9788173660764
9788130909059
9789351104520
9788176499996
9780749459611
9788184047066
9788126340163
9780190136123
9780190136864
9780190136888
9780190133245
9789361030857
9789361037016
9780190135546
9789390542246
9788126313556
9789387925007
9780190136147
9780190136154
9780190136161
9780190136178
9789351105664
9780143468288
9788172332549
9789387925403
9789352134045
9789385919275
9788172333188
9788172335915
9788172160500
9789350236338
9788176497060
9780190120627
9780749442378
9789326351669
9789350236499
9780190121433
9789373744971
9789373749761
9789373740096
9789373747590
9789373742410
9789373744162
9788126340804
9789389401813
9789389166095
9788130934266
9788130934112
9788130933627
9788130922164
9789386385062
9789385919787
9789361031472
9789361039447
9789361031175
9789361033759
9789367254189
9789367255353
9789361034596
9789361032066
9789361033629
9789361032929
9789367259610
9789367257074
9789367255339
9789367250396
9789361038204
9789361030833
9789361039829
9789361033070
9789361031793
9789361032158
9789361032639
9789361034930
9789361036262
9789361034732
9789361032363
9789361031052
9789367250266
9789367254585
9789367256992
9789361033513
9789361035951
9789361036033
9789361035937
9789361037535
9789361030246
9789361031199
9789361035005
9789361031045
9789361039362
9789361030505
9789367256534
9789367255308
9789367257036
9789361038549
9789361039621
9789361031939
9789361030628
9789361039959
9789361036071
9789361030864
9789361032783
9789361037399
9789361037665
9789361039775
9789361035777
9789367255469
9789367259740
9789367251300
9789361036279
9789361035081
9789361034527
9789361038938
9789361037474
9789361039430
9789367255599
9789361036231
9789361033117
9789361032981
9789367258750
9789367257883
9789367259580
9789367259986
9789361039980
9789361032233
9789361037085
9789367256879
9789361036354
9789361036019
9789361038785
9789367251614
9789361034923
9789361036491
9789361032202
9789367257982
9789367251348
9789367252611
9789367255988
9789361032257
9789361031687
9789361030970
9789367254660
9789361038709
9789361030208
9789361031878
9789367252352
9789361030147
9789361039485
9789361036453
9789361038266
9788130932422
9789386385499
9780199490394
9780199490462
9789373748108
9780190127329
9788130926476
9789390659289
9788126319152
9788126307777
9789326351034
9788126301966
9789386102782
9780190121440
9789352135110
9789352133604
9789350237113
9789350233580
9788126316601
9788130910192
9788189902360
9789350238165
9780143461388
9788126309276
9788171859672
9788126303991
9781865086446
9789381839645
9781844471614
9789350236307
9788172337650
9780367025304
9788130906669
9788126309283
9789386105028
9781471804106
9788176496148
9788184950847
9788173668975
9788172160050
9788130926506
9789385919435
9780749451158
9789350239438
9789381839607
9788126302109
9788130914985
9789350237397
9788195832491
9798175541282
9788195304639
9789387004016
9788126303908
9788172161064
9789352133901
9789352132683
9780749443245
9789352137565
9789354978227
9789354978081
9789354978104
9789354978289
9789354978067
9789354978159
9789354978043
9789354978197
9789354978135
9789354977602
9789354977589
9780190137281
9789367251881
9789367250570
9788126301959
9788175540965
9788126330669
9788172332044
9788189996017
9789352137046
9788130923642
9788130934150
9788189902469
9789352135769
9788130915890
9789352134113
9789332555358
9789352135165
9789386237118
9780749447793
9788175542556
9789386385772
9781598697186
9781634607810
9788172332853
9780749449247
9780749446581
9780749449049
9789351102885
9788175541986
9780749445164
9788130904177
9789354972065
9788175545731
9789352137596
9788130926919
9780749445324
9788175541993
9789381839966
9789351108566
9789352135127
9789386237095
9789352133932
9780749449100
9789352134052
9780190136567
9788126310999
9789352134656
9788184040760
9789326350211
9789352132850
9789352134465
9789354979378
9789354979392
9789354979323
9789354979361
9789354979385
9789354979408
9789354979415
9789326351652
9780199469727
9789354979224
9789367259825
9789354979248
9780190137182
9789354979941
9789354979644
9780190137199
9789354979590
9788126318940
9780190121358
9788130933726
9788130907475
9788130910130
9789354979927
9780199469710
9789354979217
9789354979170
9789354979163
9788126307883
9788171851294
9780195656091
9780195657739
9780195661187
9780190133610
9789367254066
9789367256732
9789367255667
9789367257180
9789367257081
9788171852857
9788130908410
9788130913698
9788130923741
9789392299049
9789385919282
9788176499675
9788171857586
9788181435040
9788130906270
9780749442415
9788179915097
9788175545632
9788130902517
9780749451523
9788126305179
9788126314782
9788126310968
9788196410926
9789326351386
9789352134199
9788130913445
9789350235034
9798175542098
9788126340842
9789386392404
9789381189665
9788184489446
9789355320797
9781801996747
9789388372244
9788122313888
9788122313925
9788122315790
9789386224200
9789385152689
9788119300990
9788122308594
9789387578777
9788122420319
9781107696693
9789380428178
9789394201316
9788177394573
9788187671169
9788172701468
9788185680354
9788120827936
9789382711025
9789382711049
9789384266028
9788189928834
9789386484635
9789352741199
9789382711032
9788122436242
9788122440447
9788122439595
9789351034032
9788186791097
9789350718766
9788196175177
9788125060253
9788125063742
9788173819902
9788183212953
9789814237086
9788122312607
9788194969211
9781484294123
9788185578491
9789387968011
9781484252147
9789350486467
9788120822436
9788177212716
9788177391176
9788192228709
9788186117316
9788122431605
9788184777437
9789352665655
9789395308748
9789387578272
9788125930914
9788122421705
9788199625525
9788122440522
9788173715686
9788193446102
9788178442709
9783446216976
9789354771828
9789382310389
9788185119427
9788185211749
9789389152005
9789351861652
9788185094403
9781405966733
9788122414578
9788181760432
9788122484601
9789371001342
9788193432075
9789383110995
9789386224811
9789353227623
9789390713929
9781009671439
9781403928504
9788194752837
9789388754422
9781470409326
9789388005173
9788177393415
9789384385101
9788122003383
9789351380511
9789386870230
9788131759479
9789937292375
9781107643918
9788189424589
9781484283769
9789380037226
9788185094793
9788184976137
9788184979442
9788184979473
9788174457103
9788178692463
9788175364509
9788187075806
9788178241678
9789383110223
9788131913369
9788130100128
9788199281905
9789382565826
9788178242040
9788185263830
9788185119816
9788185119984
9789381063385
9789350716120
9789380428758
9789354420504
9788175414730
9788125055426
9788181820518
9789385724251
9780143425861
9780143460961
9788170701057
9780143457664
9788170168096
9788190554718
9781009506526
9781259062704
9788125047292
9788184050370
9789381626528
9789348292230
9781484284049
9788126554881
9788172112189
9788196827427
9789359030661
9789391490966
9789381626894
9788125015857
9788188791217
9789385509087
9788120844063
9788123019765
9788125059851
9788125054504
9789353225865
9789380428123
9789392573606
9789351862642
9788190717311
9780143441083
9788120840751
9788120835184
9789391430061
9788119129546
9788125055396
9789386054777
9788121703185
9788188279685
9788122313796
9788180318740
9788180318757
9789386054692
9788183210997
9788192009070
9789395161435
9789387886773
9789350486481
9788184975253
9788179061633
9789386826800
9788120821149
9789371004886
9788178441207
9781451186345
9789383283224
9789350710111
9788171947843
9788170702764
9789393159168
9789384716738
9789386711526
9788125062370
9780143456858
9788179930700
9788183211291
9788125047193
9788125063261
9789388925402
9788184780987
9780199464746
9788178693521
9788178691930
9788178061153
9789351448686
9788173819872
9789387511064
9780143458821
9788171947577
9789385152351
9789388689861
9789380283395
9789381626122
9789380658452
9789380658209
9788187671336
9789380283289
9789383260416
9788122309911
9789360805630
9780143462101
9788178061078
9788178690940
9788179930847
9780007438570
9780007415472
9788172235567
9780007493593
9780007493463
9780007446421
9780007341245
9780007415649
9780007438631
9780007438648
9780007493470
9780007493494
9780007493500
9780007493531
9780007493548
9788179775349
9788173716102
9789350718094
9788183990011
9788184898118
9788131808566
9788170086697
9788131808214
9789360806163
9788177394795
9788181285607
9788131805404
9789382358992
9780198066774
9788122432060
9788178001562
9788195241231
9788183990028
9788173713323
9788130100265
9788190042291
9780521728416
9781837267378
9780836428612
9780857426796
9788125052500
9789388754040
9788185094175
9788174452559
9788176935586
9789350486399
9789332535855
9781484267271
9789388983877
9788122312379
9789358874495
9788178694757
9788174455017
9780143460886
9788186791769
9780070146075
9789382609766
9789389351446
9789380565491
9788180280221
9788188569595
9789993387589
9788126519316
9788197061042
9788194124351
9789386054180
9781265200558
9788187680079
9788174453570
9788173713002
9788122417845
9788174453556
9789348734099
9780198092094
9788195007905
9788192850740
9788173713101
9789381703106
9788122400908
9788178694658
9788170709688
9788170709718
9788170709725
9788185094540
9788183240956
9788131708330
9789350486221
9781407557885
9789389698688
9788121500012
9788122420449
9788125042983
9788125043706
9788125055600
9788125064213
9789380848273
9788183212816
9788131944790
9789382310044
9789350717462
9788185094267
9788126923823
9788170340928
9788178695105
9788125053910
9788183711722
9788189757328
9788183211369
9788174455857
9789382174431
9788122439953
9788173716782
9788195279784
9788125031512
9789349322318
9788125052241
9781685633325
9788173703096
9789350482117
9788125056089
9780986107719
9788183990875
9788170193234
9780863113765
9788122436556
9788122440164
9789694023786
9788170005568
9788184890273
9788122427578
9788126557622
9788196071691
9788122312553
9788125014805
9788125014041
9788125041047
9789385724008
9788125060802
9789386689115
9789382741275
9788180142253
9781873806913
9788173710926
9789384028282
9788184620450
9789350486238
9789350486627
9780230330597
9788171946495
9788197152207
9789386070227
9788170702290
9788170702306
9789390514618
9788183212373
9780143441946
9789325978591
9788177000221
9788187325369
9789358872248
9781032296579
9789382741985
9788126532476
9788181289162
9781138581944
9789327295696
9788171949984
9788126532469
9789381068335
9788122435047
9789389477023
9788122430059
9789350364574
9789351382805
9789351381525
9788125033738
9788189982409
9788179680636
9788183320337
9788183320368
9789350366202
9788125063247
9788125059523
9789386316264
9789386316271
9789885680828
9789350719008
9788125045632
9788170701941
9788131769577
9780861314416
9788178242545
9788192196800
9789380741031
9788170707387
9788170707394
9788170707400
9788170703365
9788170703372
9788170703389
9788170703020
9788170701477
9788170701491
9788183212571
9788122435672
9788127251079
9789380037110
9788125024958
9789351038665
9788184970906
9789359718316
9789357467971
9788125002727
9788184778809
9780670092932
9788170081494
9788183324694
9788183324717
9788125032168
9789386316332
9789386316431
9788185680712
9788125055440
9788180221507
9789350375907
9788131756140
9788122418002
9788176936927
9780670099009
9788184972047
9781009197731
9788192084046
9788125055853
9789393987051
9788173155642
9789388754095
9789383805099
9788127226329
9788183211253
9788183214988
9788171671991
9788125030492
9788170521921
9788185731674
9789382396239
9781470425883
9788122484663
9789392013508
9788178243504
9781107682825
9788121504744
9789327277678
9788186791271
9788186791332
9789388689168
9789386850324
9789354712524
9789352606931
9788183820769
9788193824702
9788122439694
9788183211574
9789350717417
9789390735976
9789384139100
9788177001044
9788185116587
9788178694696
9788122400748
9781474892162
9789381496749
9788178555119
9788131610381
9789385152085
9788173716386
9789352550821
9788196175184
9788125051749
9789350481158
9789348292292
9780143429777
9781927559208
9780670082346
9788182744370
9788122001877
9788178243160
9780761995005
9788173710056
9788195008063
9788125015826
9788188071715
9789388266895
9788185094908
9789395161558
9781138491052
9789380565743
9788196175160
9788125035343
9788175821293
9788125052050
9788122418965
9788175967199
9789327275148
9788182964112
9789386379900
9788122428186
9788122428179
9788125029106
9788188569403
9780521531412
9788131206249
9780521134514
9788125904663
9788122315455
9781529195408
9788186004739
9789360804084
9788122440614
9788122440621
9789350487198
9788172241148
9789352660292
9789388689687
9789347265440
9788184540819
9788185680972
9789385445248
9789351033318
9788122316131
9788122316148
9789353527068
9788193826393
9788197876806
9781470437350
9788124608135
9789351031338
9788120839885
9789385445019
9788190722117
9788185263670
9788125042884
9789381458273
9788193231968
9781250321428
9788126512553
9788180280184
9788173717291
9788121505208
9788125052630
9789385876837
9788125056058
9788195529704
9788125059820
9788125058465
9788188569106
9788125022541
9788183166966
9788185636405
9788122433630
9788178244976
9789350714942
9780761933229
9788122314809
9788173713163
9788185843230
9789386530073
9781037204210
9788170007081
9789357608206
9788185094939
9788178243177
9789391144180
9789386552723
9789353433659
9789350486382
9788125007487
9788178244532
9788184876789
9780070589384
9789351380177
9788126555925
9788189403065
9788192083636
9780143444763
9789382618331
9789350486979
9788179932230
9789386163981
9788188790340
9789383111138
9789383111510
9789387894785
9788122300437
9788122435337
9788131806272
9780230328884
9788120322530
9788126562886
9789368535676
9788173717451
9788122431926
9788120834309
9788122408171
9780199459100
9788182963979
9788170709558
9788184979732
9788184979749
9788122427998
9788131808511
9788122419054
9789352606818
9788122416497
9789395161411
9789380428987
9788183326254
9788183326292
9789351200130
9789355213839
9788120304093
9788125010883
9788173715730
9788172113322
9788173711237
9789386110367
9788122403800
9788193498323
9788122439281
9788184978063
9788127241285
9781406389289
9789359665528
9781801996754
9789353764746
9788173719530
9788122449945
9788122313857
9788178241333
9788185119267
9789350367766
9788183329095
9789350367759
9789382618201
9780863114250
9780195615722
9788181468246
9789381626870
9789381703021
9781639573493
9788178124407
9789386418197
9780199480500
9789386578075
9789389600452
9788194538066
9780143460893
9789384579784
9780143462033
9789380037066
9789384872557
9789353223489
9789382711377
9788183324823
9788183324830
9788183324847
9788183324762
9789350366394
9789350366370
9789350366387
9789350365298
9789381458105
9788183329705
9788125056713
9788170193753
9798885215015
9781250321411
9789350127179
9788193432099
9788178690759
9788185116426
9788122425888
9788122402070
9789386552709
9789350364802
9781470437367
9788185116617
9788125036852
9789386110398
9789382471509
9788183990479
9788125021827
9780863114069
9789386070890
9788195028719
9788131514887
9789373013619
9789373017976
9789373017518
9789373015231
9789373010458
9789373011851
9789373011295
9789373010618
9789373011233
9788125042020
9788183322911
9781474814102
9788125038672
9789369523283
9789395161756
9788125059202
9788125056065
9788122305128
9780195793635
9789388754279
9789386870544
9788170706212
9788170706229
9788170706236
9788170706243
9788174455246
9788125018506
9780143460923
9780143456711
9780143460954
9788188791200
9789394534780
9788188790357
9788121703161
9788120841659
9789383260263
9788170707431
9789332551787
9788131758496
9789332549906
9788131723548
9788131968352
9780670097692
9789359666051
9788173716522
9780367268244
9788183210553
9788194369646
9788122411690
9789395161442
9789395161145
9788125013464
9788122432053
9788183213783
9789327252323
9788183602105
9788183321716
9788183321747
9788183321754
9788185094847
9788170560944
9788170193296
9789356760370
9788183211390
9788125035497
9788177588859
9789385621260
9788125056195
9781484248249
9788121803670
9781484267493
9788125021773
9788196147082
9788125052586
9789383110636
9789357603195
9788174452368
9788121502771
9788192485409
9780007341818
9789385274558
9789358529050
9788122434057
9788122434347
9789351448334
9788195207565
9788126525997
9788126518616
9780074600559
9789383684472
9788125037156
9789385621383
9789327221145
9788173802003
9788185119977
9788173819957
9789353490843
9788122479294
9789349805781
9789392064319
9789386845801
9788125047476
9788178243443
9788126515271
9788183326841
9788183326858
9788183326926
9789350362570
9788170333241
9788188569915
9788182748507
9789388984423
9788181583420
9788122300383
9788122313819
9788122314786
9788122314441
9788122314427
9788122313833
9788122314991
9788195984404
9780143462163
9788170704072
9789352656257
9789387578944
9789839604467
9788125031604
9783709148938
9788170690368
9788186791875
9788183329330
9788184305241
9788175224308
9789385077463
9788171104888
9781403924735
9789350487136
9788173719035
9789351380139
9789350486252
9789352768370
9789351551331
9788125058793
9798886291438
9789350123218
9788186906118
9788131792100
9788125042792
9788184979718
9788193753873
9788186470220
9788172113155
9788174454119
9788174454102
9789350486696
9788186791752
9788185263786
9789394262089
9788120822429
9788125055402
9789391297299
9788122415612
9788120821750
9788172760823
9788188569342
9788122310269
9788178693743
9781506271422
9788190082389
9788184777185
9789351032359
9781730125201
9788127206307
9788120827974
9789355431219
9789361134500
9788184300475
9788122310771
9788170704140
9781484284940
9781644213568
9780143460909
9788122306798
9781484285299
9789350490051
9781259029455
9789356764125
9789382454304
9789386224774
9788187032335
9789388754354
9789351031956
9788182964877
9788170709756
9789385724237
9789380550640
9788122311884
9788183210652
9788185094182
9781316981320
9788126511884
9788122484588
9788187680062
9789385923593
9789390022472
9788189738204
9789387506558
9781472348456
9788125034001
9788132231240
9789371004480
9780187218528
9788186791349
9788194133933
9781009665759
9788122402452
9788183327763
9788122432565
9788195012060
9788126515707
9789358984163
9789351215059
9788173715303
9788131207963
9788125004295
9788170705352
9788170705383
9789387578418
9788172702458
9789351863038
9788131711088
9788122421361
9788131808115
9788131806432
9788190856003
9788131808191
9788190856096
9788131808061
9788170084044
9789351382102
9788131808160
9788175416208
9788125036609
9788125042143
9780670099184
9789353528942
9780143463047
9789382618805
9789370039841
9789384244637
9788131809075
9788181372789
9788198740519
9788131808498
9788175300538
9789381120347
9789386691415
9788120830165
9789389368611
9788178694986
9781584795865
9788125918691
9788185116693
9788194159735
9788194159759
9788121929684
9788125039174
9789381162095
9789381075180
9789381075197
9789348734662
9789327287332
9788131256510
9788181915320
9789327252194
9788183214964
9780545152969
9788122416763
9788125023357
9788121507127
9788185293004
9789388754484
9788178244693
9789391024451
9789389143881
9788172113667
9788122439267
9788122415803
9788176292252
9789385152436
9789387023680
9789387023697
9788185094410
9788189093198
9788189093327
9788173819964
9799693517520
9789386552877
9788189888954
9788170623632
9798885750820
9788197605703
9789349919723
9788173713231
9788173714658
9789360454821
9780836413717
9781457316746
9788185094342
9788171107605
9780143444640
9788193945186
9788196690069
9788173713132
9789383260171
9788120842953
9789390514090
9781138227095
9781009457378
9788173811081
9788120310490
9789357600309
9788193747056
9788172241193
9788121507998
9781445481043
9788172111144
9781470409173
9788180142567
9788173716638
9788122431391
9788125036012
9788125015901
9788188043149
9780143456773
9788184890259
9788181378781
9788181371461
9788181377159
9789388632119
9788181378729
9788181378705
9788181378910
9788181378927
9788181378934
9788181378941
9789386500311
9788181379672
9788181379689
9788181379696
9788181379702
9788181379719
9788181379757
9788181370877
9788181370884
9788181375964
9788181377890
9788181379894
9789385914010
9788181375568
9789384030377
9788125032397
9788125053446
9788187680017
9780863113680
9788178290119
9789358870770
9788119235827
9789381626016
9780691260303
9788181930286
9788189854386
9788178241661
9788174457028
9789395533225
9788184970562
9781407533803
9788125053354
9788184970579
9788188569274
9788178440187
9781032374444
9788186921784
9788173715365
9788173715396
9788173712999
9788174457196
9780861252961
9788188683390
9788122439915
9788172111618
9788178693514
9788185094823
9788125051787
9789386850362
9780143453796
9788183211727
9788131961421
9789382358770
9788125051763
9789395245302
9789386418104
9788181930460
9788120827516
9788182963436
9788197121173
9788173714498
9781801996600
9789390713851
9789357600590
9788187326854
9788126527298
9788126509751
9788126524570
9798885750837
9788170623649
9788197605734
9788125042679
9789380550497
9789352754915
9788125026426
9789370034938
9789385854811
9780143460541
9788185680361
9788189920777
9788184951394
9789380550350
9780195604429
9780367269449
9788177581515
9788193324301
9788193324356
9788189403089
9780143460916
9780761997153
9788192544519
9789699903021
9788193445983
9788192135205
9788183211482
9789368536406
9788122315844
9789384406554
9788122315783
9781542044172
9798885913652
9788122203943
9788174532817
9788122201512
9788190074551
9788174531971
9788120334779
9781728261478
9780399586507
9780399586514
9780399586521
9780399586538
9780399586545
9788181891686
9789325977723
9788123773551
9789383917716
9788170130376
9789311126654
9789311126418
9788180520044
9780593512609
9788170948551
9788175245174
9789391681333
9781407559629
9788173140112
9788188739387
9788177587111
9789352535323
9788189920814
9789698917029
9788131901762
9788121923422
9788174533654
9788121929509
9789382711315
9789350161012
9789351034049
9780969553878
9789380376387
9788176631075
9788178623672
9789325977785
9788131919385
9780199452583
9789353524821
9789353522780
9789381182529
9789351505945
9788123010823
9788184620061
9788184620054
9789693522365
9789380618296
9780521699594
9788121931410
9789383382378
9789389000733
9788121900348
9789384857646
9788121922449
9788123766720
9788190629409
9789350042076
9788121902786
9780230330474
9788180303036
9788126531356
9789385462979
9788121923088
9788121941860
9788180302978
9788186219942
9788174530394
9788187644941
9781852522131
9789382291053
9788195780457
9788123763774
9788123725727
9788187222392
9780241745793
9788170500292
9788176554558
9788174530295
9788174530417
9780706984613
9788170892403
9780706985672
9788120303614
9780857507655
9789382127888
9789389212594
9788189521271
9789382258131
9788121907484
9788120336681
9788180521591
9788122201390
9788170947684
9789814670241
9788126537884
9788184872507
9788174466068
9780070706552
9789351923039
9788178000855
9788121922364
9789352511402
9788131976203
9788189645212
9788180903892
9788180561511
9789694721880
9788184354997
9788185396118
9788122203127
9788131911037
9788121926751
9788129146472
9788189645571
9788180547447
9788181806604
9788181807403
9788181803474
9788181804310
9788181803276
9788181803320
9780198089681
9789354916755
9789361567872
9789361561450
9789353525798
9788123745121
9789381506370
9788131900062
9788172131319
9788175157637
9789387477001
9788121939997
9788126550760
9789384857356
9788121940764
9789389000740
9788126540204
9788126559695
9780780381353
9788192571010
9788123734460
9788122507966
9788123747941
9789391242121
9788174531919
9788123733272
9788123750682
9788183226790
9788189645106
9789381575734
9788121925082
9788130100388
9788183552127
9788121941228
9788121942379
9788121940900
9781405971270
9788174461391
9788123700274
9788185873022
9789382127086
9789355435705
9788177580471
9788177580488
9788186050156
9788126531059
9788183231008
9788125907671
9788130910772
9780070706651
9788170946281
9788170944744
9789325963962
9789325968851
9780230327726
9788121929585
9788129114860
9789385329425
9788121923798
9780143450061
9789355735546
9788123758480
9789353521219
9781880687376
9789381069158
9789381156117
9788125942504
9780199479719
9789380358499
9788171818181
9780199479757
9789354971624
9789354971761
9788196908874
9781107640542
9788184620221
9788171390007
9788189645267
9780230525115
9788173197581
9780764575648
9789386769893
9788174531278
9788186026366
9788184876925
9789380358598
9788193181911
9789698957483
9788185396149
9781107662919
9781444144161
9788120728882
9789380156538
9788126528097
9788176000000
9789385980909
9788121927413
9788121927284
9788120333420
9788125941941
9788121923453
9788121924610
9788120347984
9789382730057
9788189645113
9789381390412
9789381390429
9781250457981
9788181805904
9788188573622
9789381302378
9780230527287
9788180520280
9788131910771
9789350620779
9788175364516
9789351199434
9788125931294
9780143418870
9788174530660
9789351191902
9789325963917
9788121941501
9788171818167
9788171818198
9788188573929
9788170543695
9789312140239
9788184420517
9788120720909
9788174469335
9789380299129
9788181804365
9788181803436
9788181803719
9788181803399
9788181804372
9788181804259
9788181804266
9788181804273
9788123755014
9789353521448
9789354918742
9788123744377
9780521135177
9789352036837
9789385929274
9789352512874
9789352039722
9788132107156
9789351197188
9789350040423
9780521255165
9788194754046
9788194662808
9788126528370
9788185240732
9788195268733
9788186623060
9789394852099
9788170543800
9788184620849
9780143470724
9788131905951
9788184355352
9788174468543
9788121941556
9780241648995
9789382291985
9788120325951
9788170215165
9788174468451
9788125937005
9789381162910
9788131900369
9789383154203
9788170217374
9788170543619
9780070603493
9789325986732
9789381431788
9788123710846
9788172866938
9788123756929
9788184875119
9788131235195
9789351073826
9788182095540
9789325963931
9789354331824
9788186270288
9788189645441
9789352530427
9789352530434
9789352530458
9788193036129
9788131910108
9788192571003
9789380397221
9788186026229
9789381302576
9788185396422
9788190541565
9781259001673
9780230327252
9789381335208
9788170543015
9780198755944
9789389691795
9789391820282
9789351611622
9788121926461
9789382127130
9788189904333
9788121938532
9788131246993
9789351073604
9788185240909
9788123905334
9788174469298
9788190629447
9788186563106
9789985099032
9789380033761
9788190410816
9788131902059
9788120338180
9788120342798
9788120324404
9788184874051
9788121920919
9788180521140
9788189928223
9788131515969
9788120321076
9788121905145
9780521736411
9788175967328
9789350040263
9788172131432
9788170945246
9789381162149
9789380618593
9789389949421
9788185396507
9789384987107
9788182836839
9788188237104
9780367334703
9789350271827
9789350271667
9798123913352
9788120339699
9789381162644
9788121912617
9789380376301
9788120330023
9788123914305
9788174468390
9789384566029
9789350043127
9780199461066
9780143450047
9780857506436
9788123745329
9788123740584
9788131911679
9788131908075
9788186706718
9788120309180
9789381162224
9788120343160
9788170944225
9788170947943
9788132111658
9788184722376
9788120764767
9789386832320
9788125064145
9788170219125
9789386041692
9788125600060
9789390735716
9788170893011
9789325975170
9789380712789
9788180563966
9788176631105
9788181981677
9789360743062
9789352138111
9788121929462
9788131716540
9788176711364
9788184893281
9788123734965
9789353526948
9780198840886
9788194787020
9789391067410
9780190881467
9788184355369
9788178623702
9789388302241
9788174533258
9789386092373
9789351444930
9789351444909
9788120739185
9788131908273
9788189645090
9788180520532
9781403926685
9789384761141
9781512097726
9789351039839
9788123778808
9788192196855
9781137535573
9788183243841
9788189161941
9789937203630
9788122419269
9788122484038
9788122449525
9788131908686
9788125910510
9780190130602
9788180520877
9788131907443
9789351032809
9788190143684
9789353528218
9788123765501
9788182095786
9789381431603
9788172764395
9788131905258
9788170212898
9788192999081
9789385039324
9789350121948
9788175242111
9788122201406
9788180560361
9788121929141
9788121929189
9788190864213
9788126319558
9788192465333
9788191024067
9788183770927
9788180903243
9788174531568
9788171566082
9788122200805
9788131901526
9788193095782
9788176553193
9789381302644
9788122201789
9781474713207
9789380152691
9788170947097
9788174469045
9780230328365
9788182813670
9788174465009
9789380156521
9788189645434
9789382358732
9788186618264
9788126542918
9788125918608
9789353521905
9788184870879
9789311127385
9788123721101
9789325987586
9789353525651
9788174468840
9788126540617
9788189059194
9788121928328
9788185396613
9789382400271
9789380250472
9780241634653
9788183231015
9789380397245
9789380607030
9788176000048
9788174466624
9781259003844
9789382186205
9788125953081
9789383746804
9788174468772
9780706989670
9789380397528
9789327227932
9788190705394
9788185396088
9788184877021
9798123911525
9789385936067
9788120349445
9788174468673
9789387747135
9788131532058
9788174468604
9788121922173
9788185173979
9789352806461
9788178001937
9788126556014
9788121932271
9788121932295
9788120305724
9788170947455
9788185396637
9780199474028
9788126548569
9788180522895
9788190208697
9781408507568
9788180521393
9789353528416
9788123722344
9780195607703
9789353528454
9789353521486
9788123779973
9788123707518
9788170543220
9789389833409
9780143465430
9788185984902
9789350462317
9789354353413
9788190662239
9789381162262
9789380397160
9789380456621
9788120747760
9789380250021
9781942483212
9780070648180
9788120345041
9788123748801
9788120775275
9788180563782
9789325977587
9788178623740
9789353525644
9789353523602
9789353522537
9788184877267
9788123766959
9780199470846
9780199488292
9780199488360
9788131906149
9789354972997
9780199451098
9780199451043
9780199470990
9788184731187
9789351444480
9789390911950
9788131910146
9788178621463
9788174530370
9788121926232
9788120615700
9788174534101
9788131910979
9788174468888
9788174462459
9788120301160
9788174469274
9788183230414
9788125913085
9788192723297
9788123731308
9788195983797
9789390085842
9788180546853
9788121924306
9788170945178
9788174467287
9788186307090
9780801047558
9780952274469
9789608616387
9786188331242
9788195028726
9788121941853
9788176553131
9788121927000
9788121935258
9789387994874
9789386546319
9788120327276
9788120348349
9788121932462
9788184350043
9780834757738
9788180387623
9789380156682
9788173194993
9788131917008
9788122507379
9788120344594
9788120320550
9788120334519
9788126512713
9788126543328
9788122415797
9789694073774
9788122203158
9788181285690
9788126507900
9781403921932
9788174530035
9789351424444
9788122205749
9788122506440
9788186050019
9788121616874
9788122508062
9788180900785
9788126552672
9788121501828
9788174532978
9781840598155
9789350464892
9780199470884
9788123779102
9789351450221
9789350070260
9789351416319
9789351416142
9789353529352
9789391004583
9780198418917
9780198395799
9780198408444
9780198408468
9781237526754
9781237526761
9788183770248
9788170543886
9788190655170
9789367254042
9789367253823
9789367251621
9788194049449
9789355205889
9788184875065
9788126538683
9788122200430
9788173195075
9788122449501
9780199480432
9788121922968
9788121911610
9780199483273
9780199483280
9789385676567
9789385676581
9789385676604
9789385676611
9780199481804
9780199467402
9780190121822
9780199460311
9788121925747
9788174530561
9789382400295
9788120334441
9788125906308
9788181914293
9788174530585
9788128026027
9789367257722
9789367257753
9789367251997
9789367250433
9788123710006
9788123716800
9789386561930
9780241807460
9780706999280
9789630538718
9781952692086
9788170543480
9788132117940
9789385676161
9788121933728
9788121933629
9788189645250
9788122202571
9780199484911
9780198728092
9780190129095
9789350974414
9788122204209
9788123792507
9789937109710
9788123728278
9789694071299
9789694480329
9780970184801
9780071240024
9788174531681
9788120739819
9788120739833
9788126900114
9788184355123
9788188449989
9788131944486
9788120757417
9789388159548
9789388159555
9788175249424
9788181281807
9788184350814
9788183990967
9780195667332
9789694963464
9780803995048
9789694251004
9788177001952
9788174465719
9788174531889
9789353282967
9788132232605
9788131900994
9789810621117
9788174532626
9788174530332
9788185396095
9788180565434
9788180566301
9788120417526
9788121903356
9781259006500
9788131216415
9789387015814
9788132232438
9789698721206
9781581138184
9788178815930
9788174462114
9788126551927
9788126544844
9780199494576
9788126548781
9788126525874
9788125909330
9789350620069
9789350780190
9788121909976
9788183230131
9788174468307
9788120798885
9788132101192
9789352033188
9789353527105
9788186270011
9780199467419
9780199467426
9789367259221
9789367251218
9789367253984
9789367254974
9789367251973
9789353528140
9788123747354
9788184621396
9788174531360
9788192555720
9788120727311
9788170041900
9789352340910
9788186103814
9788123751108
9789350620274
9788183990233
9789388653602
9788126541089
9788180522994
9789380397542
9788184892772
9788121939829
9788131906019
9780304331710
9789380397559
9788190223997
9788125952053
9789381043318
9788174531865
9788189147051
9788126909827
9788122204469
9789698460235
9789384247348
9788131243121
9781529982015
9788184650532
9788188449729
9788174465955
9780190128166
9788186050248
9788174468345
9788121900379
9788121929844
9788121922807
9788121919340
9789352832200
9788121924238
9788190607223
9781788284080
9780199464074
9780199482276
9780199482283
9789352030644
9789350941195
9788123766508
9789353520021
9788123741369
9789387860391
9780143103028
9780143064848
9780230226340
9788121929707
9788180904066
9789384986087
9788174530523
9788170501152
9789385887314
9789351039808
9788184774832
9788181807427
9789386858931
9788174468420
9780199464098
9788184082234
9781843545033
9788172764869
9780521898799
9788121937887
9788170946496
9788123744261
9781259062742
9788120338517
9788126522897
9781629025681
9789350040492
9788174530141
9788174468536
9788123922539
9788121938341
9788183241977
9788174530837
9780071072526
9789381302798
9781439081754
9788170947899
9781845570293
9788120755727
9789382322153
9780190132712
9788184896534
9789325794115
9788177588927
9788121904315
9788180546129
9788125600008
9788121931304
9781591749356
9780070145832
9788170944263
9788170945079
9788184121711
9780070667129
9788125942672
9789356405202
9789354550614
9788174467843
9789383643530
9781409308591
9788185038872
9788125952046
9789355432377
9788123743417
9788175249318
9788123741147
9789351197195
9788126523955
9788126508648
9788123779768
9789353527655
9780195667356
9780195667363
9788178623788
9789353523664
9780230527294
9788170947622
9789390718337
9788119243303
9780071332453
9788184770032
9789390924011
9789390585359
9788170949763
9781506358529
9788132116011
9788125927938
9789382322078
9788180521997
9788170543671
9788181803511
9788181807571
9789386299437
9788121930994
9788125949626
9788180300820
9780333929339
9789380200118
9788170946540
9789325975149
9788180566905
9781316616321
9789386515100
9788170544999
9788121926393
9780070659711
9788131901816
9788131976432
9789325981348
9781405973243
9789383076062
9788175971288
9789355433114
9788186049051
9789384247492
9780070707009
9788185861371
9781805336549
9789350043202
9788174468437
9789694072807
9788188629169
9788175365049
9789694070810
9789380658896
9781523089017
9788185952819
9788185921013
9788184621341
9789325980921
9788123761855
9788177589351
9788174465689
9789694962801
9788188237999
9781529186376
9781645703471
9788176554961
9788121998062
9788173591235
9788120722460
9788131976272
9781529981988
9789388241694
9780857509710
9780333778227
9780706977585
9789386293510
9780143470717
9788183240925
9783030115777
9783030115784
9788180522406
9788125916635
9788189645243
9788190339797
9789385039379
9788183224123
9788174467089
9781032634265
9788190662109
9788189645236
9788123781334
9789380376745
9788189301064
9789385401329
9788121936088
9781632876577
9788121937863
9789387604889
9789311128887
9788195316038
9788132113638
9789699370052
9788174530158
9781406774207
9789351503217
9780606368889
9780008140250
9788123731322
9788180565564
9789390818075
9788121939577
9788174504814
9788174507044
9788174530226
9780199492084
9789383234875
9788181801968
9788182093515
9788126550838
9788193231951
9788121931236
9781942426752
9781572842854
9788175974395
9788183225625
9789350092361
9789351033219
9780702028267
9780070590533
9781843653592
9788181466082
9789325975163
9789380607276
9788126560912
9788188573981
9788170543855
9789382358756
9788173872242
9780435996956
9789352921515
9788120324138
9788183572873
9788189645809
9788189645700
9788174531452
9788175962071
9788131225585
9789384850036
9788177669640
9788120777040
9788126536092
9788120789944
9789351073819
9788120789838
9788119079490
9789354914485
9788123761916